rev1.1
91385.0 16998.0 10.0
91423.0 17317.0 10.0
92217.0 17313.0 10.0
92377.0 17305.0 10.0
92847.0 17077.0 10.0
93893.0 17317.0 10.0
93979.0 17325.0 10.0
94299.0 17257.0 10.0
94675.0 17297.0 10.0
94677.0 17324.0 10.0
94743.0 16955.0 10.0
95025.0 17399.0 10.0
95153.0 17240.0 10.0
95161.0 17290.0 10.0
95215.0 17437.0 10.0
95251.0 17097.0 10.0
95353.0 17298.0 10.0
95677.0 17246.0 10.0
95777.0 17475.0 10.0
96191.0 17225.0 10.0
96277.0 17120.0 10.0
96945.0 17325.0 10.0
97137.0 17456.0 10.0
97153.0 17207.0 10.0
97163.0 17691.0 10.0
97225.0 17226.0 10.0
97299.0 17590.0 10.0
97451.0 17244.0 10.0
97533.0 17369.0 10.0
97701.0 17541.0 10.0
97741.0 17447.0 10.0
97827.0 17269.0 10.0
97865.0 17428.0 10.0
97875.0 17789.0 10.0
98091.0 17245.0 10.0
98143.0 17350.0 10.0
98269.0 17177.0 10.0
98573.0 17552.0 10.0
98937.0 17299.0 10.0
98967.0 17640.0 10.0
99045.0 17597.0 10.0
99211.0 17429.0 10.0
99353.0 17358.0 10.0
99361.0 17804.0 10.0
99883.0 17467.0 10.0
99983.0 17654.0 10.0
100007.0 17331.0 10.0
100259.0 17523.0 10.0
100289.0 17717.0 10.0
100441.0 17473.0 10.0
100531.0 17535.0 10.0
100547.0 17730.0 10.0
100555.0 17772.0 10.0
100557.0 17593.0 10.0
100739.0 17580.0 10.0
100913.0 17759.0 10.0
101267.0 17436.0 10.0
101397.0 17769.0 10.0
101903.0 17461.0 10.0
102029.0 17804.0 10.0
102221.0 17927.0 10.0
102505.0 17685.0 10.0
103087.0 17693.0 10.0
103123.0 17568.0 10.0
103379.0 17571.0 10.0
103417.0 18236.0 10.0
103469.0 17681.0 10.0
103955.0 17289.0 10.0
104149.0 17669.0 10.0
104233.0 17964.0 10.0
104559.0 17669.0 10.0
104729.0 17962.0 10.0
104827.0 17938.0 10.0
104921.0 17557.0 10.0
106021.0 17717.0 10.0
106109.0 17872.0 10.0
106201.0 17648.0 10.0
106409.0 17720.0 10.0
106653.0 17827.0 10.0
107127.0 17788.0 10.0
107175.0 17760.0 10.0
107409.0 18065.0 10.0
107577.0 17877.0 10.0
107745.0 18215.0 10.0
108431.0 17969.0 10.0
109269.0 17905.0 10.0
110797.0 18148.0 10.0
111469.0 18115.0 10.0
111539.0 18062.0 10.0
112067.0 18167.0 10.0
112485.0 18093.0 10.0
112501.0 18150.0 10.0
113023.0 18308.0 10.0
114605.0 18266.0 10.0
115365.0 18435.0 10.0
116239.0 18482.0 10.0
116295.0 18344.0 10.0
116889.0 18209.0 10.0
120437.0 18460.0 10.0
123221.0 18639.0 10.0
