rev1.1
4599.0 959.0 10.0
4683.0 1055.0 10.0
4739.0 1044.0 10.0
4749.0 1010.0 10.0
4749.0 1059.0 10.0
4819.0 1043.0 10.0
4835.0 1073.0 10.0
4837.0 1050.0 10.0
4847.0 1071.0 10.0
4859.0 1029.0 10.0
4883.0 1000.0 10.0
4887.0 1017.0 10.0
4889.0 1031.0 10.0
4891.0 1020.0 10.0
4941.0 1074.0 10.0
4945.0 1027.0 10.0
4949.0 998.0 10.0
4957.0 1062.0 10.0
4961.0 1063.0 10.0
5001.0 1026.0 10.0
5007.0 1092.0 10.0
5007.0 1094.0 10.0
5009.0 1015.0 10.0
5021.0 1012.0 10.0
5029.0 1019.0 10.0
5041.0 1076.0 10.0
5071.0 1012.0 10.0
5101.0 1072.0 10.0
5111.0 1047.0 10.0
5119.0 1054.0 10.0
5127.0 1058.0 10.0
5135.0 1010.0 10.0
5139.0 982.0 10.0
5153.0 1094.0 10.0
5159.0 1135.0 10.0
5165.0 1046.0 10.0
5179.0 1089.0 10.0
5201.0 1108.0 10.0
5239.0 1007.0 10.0
5241.0 1088.0 10.0
5243.0 1128.0 10.0
5247.0 1110.0 10.0
5257.0 1045.0 10.0
5271.0 1037.0 10.0
5289.0 1074.0 10.0
5305.0 1084.0 10.0
5311.0 1063.0 10.0
5325.0 1033.0 10.0
5329.0 1095.0 10.0
5331.0 1102.0 10.0
5343.0 1033.0 10.0
5371.0 989.0 10.0
5379.0 1056.0 10.0
5383.0 1015.0 10.0
5397.0 1070.0 10.0
5405.0 1109.0 10.0
5407.0 1142.0 10.0
5439.0 1123.0 10.0
5443.0 1055.0 10.0
5455.0 1099.0 10.0
5475.0 1053.0 10.0
5481.0 1099.0 10.0
5485.0 1061.0 10.0
5487.0 1061.0 10.0
5529.0 1132.0 10.0
5545.0 1069.0 10.0
5561.0 1110.0 10.0
5585.0 1030.0 10.0
5623.0 1131.0 10.0
5627.0 1122.0 10.0
5633.0 1063.0 10.0
5649.0 1097.0 10.0
5661.0 1091.0 10.0
5681.0 1048.0 10.0
5705.0 1068.0 10.0
5751.0 1050.0 10.0
5759.0 1056.0 10.0
5773.0 1023.0 10.0
5773.0 1145.0 10.0
5789.0 1072.0 10.0
5817.0 1120.0 10.0
5847.0 1039.0 10.0
5921.0 1101.0 10.0
5955.0 1085.0 10.0
5989.0 1096.0 10.0
5989.0 1056.0 10.0
5991.0 1119.0 10.0
6033.0 1103.0 10.0
6039.0 1012.0 10.0
6073.0 1049.0 10.0
6153.0 1118.0 10.0
6205.0 1102.0 10.0
6289.0 1070.0 10.0
6293.0 1039.0 10.0
6299.0 1049.0 10.0
6541.0 1064.0 10.0
6589.0 1219.0 10.0
6705.0 1139.0 10.0
6723.0 1176.0 10.0
6843.0 1175.0 10.0
