rev1.1
812593.0 140571.0 10.0
818809.0 141231.0 10.0
818845.0 141423.0 10.0
820133.0 142124.0 10.0
824091.0 141487.0 10.0
824483.0 142314.0 10.0
824585.0 141538.0 10.0
826025.0 141924.0 10.0
827423.0 141254.0 10.0
827821.0 141963.0 10.0
829043.0 141861.0 10.0
830629.0 141229.0 10.0
832169.0 141555.0 10.0
832635.0 141377.0 10.0
832923.0 142123.0 10.0
833665.0 141760.0 10.0
837135.0 142048.0 10.0
838127.0 141841.0 10.0
839241.0 142474.0 10.0
839315.0 141845.0 10.0
840561.0 142496.0 10.0
841895.0 142247.0 10.0
842953.0 142359.0 10.0
843135.0 142724.0 10.0
843303.0 142630.0 10.0
843541.0 141973.0 10.0
845295.0 142273.0 10.0
847383.0 142719.0 10.0
847877.0 142903.0 10.0
848017.0 143002.0 10.0
850727.0 142629.0 10.0
850957.0 142606.0 10.0
852381.0 142543.0 10.0
853107.0 143321.0 10.0
856451.0 143067.0 10.0
857463.0 143688.0 10.0
859153.0 143037.0 10.0
859503.0 143234.0 10.0
861453.0 143246.0 10.0
861705.0 143060.0 10.0
863823.0 142539.0 10.0
864897.0 143168.0 10.0
870857.0 143902.0 10.0
872841.0 143367.0 10.0
874745.0 143056.0 10.0
878527.0 144301.0 10.0
880439.0 144478.0 10.0
886229.0 144814.0 10.0
890145.0 144005.0 10.0
890583.0 144694.0 10.0
890987.0 144361.0 10.0
891107.0 145191.0 10.0
891205.0 144993.0 10.0
891273.0 144487.0 10.0
894703.0 144962.0 10.0
895677.0 145230.0 10.0
896515.0 144952.0 10.0
899537.0 145381.0 10.0
900169.0 145726.0 10.0
901183.0 145773.0 10.0
901335.0 144661.0 10.0
903261.0 145042.0 10.0
905507.0 145611.0 10.0
907399.0 145981.0 10.0
908889.0 145599.0 10.0
912139.0 146151.0 10.0
913603.0 145921.0 10.0
915153.0 145797.0 10.0
920767.0 146609.0 10.0
922751.0 146131.0 10.0
927629.0 146208.0 10.0
927997.0 146284.0 10.0
928053.0 146489.0 10.0
933067.0 146842.0 10.0
934275.0 147011.0 10.0
934615.0 146818.0 10.0
935235.0 147478.0 10.0
935497.0 146382.0 10.0
937665.0 146634.0 10.0
939197.0 147114.0 10.0
939837.0 147072.0 10.0
939907.0 147995.0 10.0
941759.0 147963.0 10.0
944469.0 147384.0 10.0
944743.0 147129.0 10.0
947859.0 148094.0 10.0
951621.0 147695.0 10.0
965099.0 148726.0 10.0
971009.0 147856.0 10.0
974019.0 149231.0 10.0
975917.0 149390.0 10.0
980987.0 149407.0 10.0
983949.0 149492.0 10.0
995287.0 150234.0 10.0
1005813.0 150628.0 10.0
1009443.0 150120.0 10.0
1024327.0 151190.0 10.0
1030375.0 151212.0 10.0
1032913.0 152019.0 10.0
1064625.0 153775.0 10.0
