rev1.1
20727.0 4334.0 10.0
20737.0 4285.0 10.0
20809.0 4131.0 10.0
21335.0 4159.0 10.0
21575.0 4162.0 10.0
21647.0 4203.0 10.0
21675.0 4188.0 10.0
21679.0 4291.0 10.0
21683.0 4224.0 10.0
21693.0 4250.0 10.0
21833.0 4305.0 10.0
21841.0 4213.0 10.0
21899.0 4223.0 10.0
21913.0 4207.0 10.0
21921.0 4169.0 10.0
21937.0 4297.0 10.0
21977.0 4212.0 10.0
22041.0 4222.0 10.0
22069.0 4263.0 10.0
22085.0 4228.0 10.0
22157.0 4283.0 10.0
22215.0 4213.0 10.0
22223.0 4327.0 10.0
22233.0 4184.0 10.0
22303.0 4257.0 10.0
22371.0 4199.0 10.0
22393.0 4304.0 10.0
22459.0 4242.0 10.0
22537.0 4235.0 10.0
22543.0 4207.0 10.0
22567.0 4263.0 10.0
22569.0 4366.0 10.0
22577.0 4297.0 10.0
22599.0 4234.0 10.0
22615.0 4100.0 10.0
22629.0 4316.0 10.0
22631.0 4263.0 10.0
22663.0 4128.0 10.0
22727.0 4165.0 10.0
22835.0 4277.0 10.0
22879.0 4402.0 10.0
22893.0 4281.0 10.0
22893.0 4250.0 10.0
22907.0 4291.0 10.0
22965.0 4218.0 10.0
22973.0 4332.0 10.0
23225.0 4260.0 10.0
23259.0 4420.0 10.0
23265.0 4239.0 10.0
23305.0 4333.0 10.0
23307.0 4374.0 10.0
23357.0 4338.0 10.0
23385.0 4213.0 10.0
23405.0 4350.0 10.0
23419.0 4333.0 10.0
23419.0 4251.0 10.0
23443.0 4382.0 10.0
23451.0 4277.0 10.0
23481.0 4465.0 10.0
23511.0 4345.0 10.0
23585.0 4351.0 10.0
23651.0 4382.0 10.0
23655.0 4406.0 10.0
23673.0 4361.0 10.0
23719.0 4295.0 10.0
23721.0 4276.0 10.0
23739.0 4329.0 10.0
23751.0 4276.0 10.0
23841.0 4276.0 10.0
23991.0 4323.0 10.0
24023.0 4310.0 10.0
24151.0 4358.0 10.0
24177.0 4226.0 10.0
24327.0 4381.0 10.0
24351.0 4316.0 10.0
24385.0 4347.0 10.0
24507.0 4412.0 10.0
24533.0 4333.0 10.0
24537.0 4252.0 10.0
24697.0 4307.0 10.0
24787.0 4406.0 10.0
24847.0 4421.0 10.0
24907.0 4350.0 10.0
24981.0 4463.0 10.0
25157.0 4347.0 10.0
25211.0 4458.0 10.0
25853.0 4539.0 10.0
25853.0 4573.0 10.0
26337.0 4367.0 10.0
26367.0 4279.0 10.0
26467.0 4509.0 10.0
26505.0 4392.0 10.0
26533.0 4437.0 10.0
26593.0 4465.0 10.0
26817.0 4544.0 10.0
27201.0 4496.0 10.0
28063.0 4592.0 10.0
28357.0 4435.0 10.0
29123.0 4578.0 10.0
29153.0 4562.0 10.0
