rev1.1
2057.0 535.0 10.0
2105.0 529.0 7.593750000000113
2121.0 507.0 9.300406367130076
2131.0 526.0 10.0
2143.0 519.0 9.300406367130172
2159.0 529.0 8.403865827724442
2185.0 517.0 10.0
2193.0 487.0 10.0
2199.0 485.0 9.300406367130032
2215.0 517.0 10.0
2223.0 503.0 10.0
2223.0 535.0 9.300406367130039
2241.0 502.0 10.0
2245.0 522.0 10.0
2259.0 467.0 10.0
2271.0 563.0 10.0
2281.0 500.0 10.0
2281.0 485.0 10.0
2309.0 481.0 10.0
2315.0 547.0 10.0
2319.0 547.0 10.0
2359.0 504.0 10.0
2375.0 483.0 10.0
2385.0 513.0 10.0
2391.0 531.0 10.0
2393.0 520.0 10.0
2397.0 507.0 10.0
2399.0 581.0 10.0
2399.0 497.0 10.0
2401.0 521.0 10.0
2403.0 513.0 10.0
2411.0 509.0 10.0
2415.0 539.0 10.0
2417.0 485.0 10.0
2419.0 521.0 10.0
2423.0 547.0 10.0
2433.0 550.0 10.0
2461.0 541.0 10.0
2465.0 559.0 10.0
2477.0 528.0 10.0
2479.0 514.0 9.300406367130059
2479.0 495.0 10.0
2501.0 559.0 10.0
2505.0 549.0 10.0
2507.0 531.0 10.0
2517.0 497.0 10.0
2525.0 551.0 10.0
2531.0 583.0 10.0
2531.0 587.0 10.0
2543.0 513.0 10.0
2553.0 595.0 10.0
2559.0 520.0 10.0
2575.0 521.0 10.0
2585.0 498.0 10.0
2585.0 514.0 10.0
2603.0 518.0 10.0
2615.0 519.0 10.0
2621.0 554.0 10.0
2629.0 544.0 10.0
2635.0 546.0 10.0
2639.0 510.0 10.0
2653.0 547.0 10.0
2655.0 572.0 10.0
2657.0 521.0 10.0
2663.0 555.0 10.0
2665.0 547.0 10.0
2669.0 575.0 10.0
2677.0 534.0 10.0
2679.0 532.0 10.0
2693.0 518.0 10.0
2703.0 556.0 10.0
2707.0 545.0 10.0
2717.0 518.0 10.0
2721.0 548.0 10.0
2721.0 575.0 10.0
2723.0 591.0 10.0
2723.0 536.0 10.0
2733.0 581.0 10.0
2795.0 598.0 10.0
2827.0 524.0 10.0
2845.0 538.0 10.0
2853.0 515.0 10.0
2859.0 541.0 10.0
2861.0 559.0 10.0
2869.0 559.0 10.0
2887.0 591.0 10.0
2901.0 547.0 10.0
2911.0 499.0 10.0
2917.0 557.0 10.0
2927.0 562.0 10.0
2927.0 591.0 10.0
2961.0 546.0 10.0
2993.0 549.0 10.0
3005.0 567.0 10.0
3011.0 558.0 10.0
3053.0 588.0 10.0
3225.0 553.0 10.0
3329.0 574.0 10.0
3381.0 537.0 10.0
3563.0 596.0 10.0
