rev1.1
42805.0 8488.0 10.0
42959.0 8378.0 10.0
43811.0 8530.0 10.0
43909.0 8545.0 10.0
43929.0 8460.0 10.0
44001.0 8483.0 10.0
44161.0 8515.0 10.0
44303.0 8601.0 10.0
44917.0 8504.0 10.0
45125.0 8589.0 10.0
45355.0 8622.0 10.0
45405.0 8414.0 10.0
45423.0 8383.0 10.0
45541.0 8500.0 10.0
45645.0 8605.0 10.0
45679.0 8697.0 10.0
45813.0 8636.0 10.0
45881.0 8722.0 10.0
46159.0 8665.0 10.0
46295.0 8704.0 10.0
46565.0 8747.0 10.0
46751.0 8708.0 10.0
46837.0 8537.0 10.0
46897.0 8469.0 10.0
46967.0 8671.0 10.0
46993.0 8577.0 10.0
47007.0 8467.0 10.0
47009.0 8547.0 10.0
47075.0 8569.0 10.0
47111.0 8667.0 10.0
47257.0 8867.0 10.0
47291.0 8609.0 10.0
47329.0 8807.0 10.0
47387.0 8739.0 10.0
47499.0 8506.0 10.0
47549.0 8658.0 10.0
47549.0 8689.0 10.0
47711.0 8646.0 10.0
47813.0 8431.0 10.0
47945.0 8587.0 10.0
47997.0 8769.0 10.0
48021.0 8471.0 10.0
48225.0 8681.0 10.0
48259.0 9023.0 10.0
48301.0 8539.0 10.0
48365.0 8784.0 10.0
48431.0 8515.0 10.0
48433.0 8706.0 10.0
48467.0 8696.0 10.0
48555.0 8706.0 10.0
48721.0 8697.0 10.0
48777.0 8694.0 10.0
48785.0 8672.0 10.0
48879.0 8608.0 10.0
48891.0 8548.0 10.0
49195.0 8823.0 10.0
49275.0 8747.0 10.0
49283.0 8697.0 10.0
49411.0 9076.0 10.0
49519.0 8904.0 10.0
49551.0 8755.0 10.0
49583.0 8831.0 10.0
49633.0 8959.0 10.0
49633.0 8838.0 10.0
49689.0 8705.0 10.0
50081.0 8817.0 10.0
50305.0 8859.0 10.0
50579.0 8821.0 10.0
50641.0 8803.0 10.0
50907.0 8697.0 10.0
51009.0 8754.0 10.0
51081.0 8773.0 10.0
51081.0 8949.0 10.0
51409.0 9030.0 10.0
51431.0 8957.0 10.0
51995.0 8811.0 10.0
52001.0 9025.0 10.0
52071.0 8912.0 10.0
52085.0 8961.0 10.0
52135.0 9015.0 10.0
52175.0 8770.0 10.0
52199.0 8880.0 10.0
52231.0 8888.0 10.0
52399.0 8925.0 10.0
52587.0 8891.0 10.0
52759.0 8998.0 10.0
53103.0 8911.0 10.0
53417.0 9002.0 10.0
53583.0 8884.0 10.0
53669.0 9038.0 10.0
53787.0 8758.0 10.0
53991.0 8867.0 10.0
54189.0 8958.0 10.0
54339.0 9056.0 10.0
54551.0 8951.0 10.0
54757.0 9157.0 10.0
56013.0 9048.0 10.0
56087.0 9053.0 10.0
56943.0 9302.0 10.0
58469.0 9198.0 10.0
