rev1.1
9505.0 2057.0 10.0
9581.0 2053.0 10.0
9649.0 2010.0 10.0
9881.0 2011.0 10.0
9995.0 2070.0 10.0
10139.0 2080.0 10.0
10159.0 2102.0 10.0
10175.0 2196.0 10.0
10251.0 2060.0 10.0
10267.0 2092.0 10.0
10267.0 2056.0 10.0
10285.0 2181.0 10.0
10309.0 2042.0 10.0
10315.0 2030.0 10.0
10345.0 2006.0 10.0
10359.0 2069.0 10.0
10377.0 2107.0 10.0
10383.0 2151.0 10.0
10387.0 2058.0 10.0
10397.0 2077.0 10.0
10427.0 2089.0 10.0
10439.0 2075.0 10.0
10471.0 2115.0 10.0
10479.0 2019.0 10.0
10511.0 2116.0 10.0
10525.0 2124.0 10.0
10577.0 2108.0 10.0
10595.0 2080.0 10.0
10631.0 2106.0 10.0
10635.0 2037.0 10.0
10639.0 2059.0 10.0
10685.0 2147.0 10.0
10721.0 2113.0 10.0
10749.0 2003.0 10.0
10757.0 2194.0 10.0
10789.0 2131.0 10.0
10823.0 2086.0 10.0
10847.0 2032.0 10.0
10889.0 2176.0 10.0
10905.0 2174.0 10.0
10925.0 2104.0 10.0
10969.0 2125.0 10.0
10971.0 2181.0 10.0
10999.0 2120.0 10.0
11001.0 2112.0 10.0
11013.0 2173.0 10.0
11021.0 2096.0 10.0
11021.0 2125.0 10.0
11023.0 2163.0 10.0
11037.0 2207.0 10.0
11041.0 2103.0 10.0
11041.0 2177.0 10.0
11069.0 2095.0 10.0
11091.0 2185.0 10.0
11131.0 2120.0 10.0
11177.0 2040.0 10.0
11233.0 2091.0 10.0
11233.0 2155.0 10.0
11239.0 2159.0 10.0
11265.0 2213.0 10.0
11307.0 2088.0 10.0
11337.0 2019.0 10.0
11359.0 2224.0 10.0
11395.0 2086.0 10.0
11401.0 2046.0 10.0
11411.0 2164.0 10.0
11425.0 2215.0 10.0
11433.0 2086.0 10.0
11497.0 2164.0 10.0
11509.0 2139.0 10.0
11511.0 2137.0 10.0
11515.0 2171.0 10.0
11525.0 2216.0 10.0
11547.0 2148.0 10.0
11555.0 2174.0 10.0
11605.0 2094.0 10.0
11613.0 2153.0 10.0
11619.0 2134.0 10.0
11721.0 2142.0 10.0
11735.0 2199.0 10.0
11847.0 2224.0 10.0
11909.0 2242.0 10.0
11995.0 2181.0 10.0
12221.0 2217.0 10.0
12255.0 2088.0 10.0
12273.0 2242.0 10.0
12375.0 2147.0 10.0
12409.0 2215.0 10.0
12513.0 2125.0 10.0
12569.0 2206.0 10.0
12691.0 2309.0 10.0
12895.0 2238.0 10.0
12929.0 2183.0 10.0
13005.0 2236.0 10.0
13143.0 2202.0 10.0
13419.0 2226.0 10.0
13443.0 2269.0 10.0
13497.0 2240.0 10.0
13507.0 2138.0 10.0
13683.0 2288.0 10.0
