rev1.1
383563.0 68996.0 10.0
386281.0 69202.0 10.0
396763.0 69543.0 10.0
398883.0 69885.0 10.0
400001.0 69889.0 10.0
400897.0 70165.0 10.0
401041.0 70244.0 10.0
402927.0 70257.0 10.0
404953.0 70177.0 10.0
405147.0 70091.0 10.0
405209.0 70280.0 10.0
406007.0 70345.0 10.0
406761.0 70466.0 10.0
407577.0 70252.0 10.0
409439.0 70309.0 10.0
410501.0 70635.0 10.0
410915.0 70308.0 10.0
411239.0 71153.0 10.0
411261.0 70926.0 10.0
412147.0 70838.0 10.0
412717.0 70940.0 10.0
413981.0 70592.0 10.0
414005.0 70728.0 10.0
414017.0 70950.0 10.0
414093.0 71014.0 10.0
415087.0 70739.0 10.0
415609.0 71175.0 10.0
415933.0 70520.0 10.0
416029.0 70672.0 10.0
416373.0 70741.0 10.0
417131.0 70965.0 10.0
417973.0 70935.0 10.0
418377.0 70799.0 10.0
418687.0 70895.0 10.0
418775.0 70999.0 10.0
420123.0 70896.0 10.0
420129.0 70829.0 10.0
420171.0 70894.0 10.0
421861.0 70992.0 10.0
422531.0 71312.0 10.0
423557.0 71525.0 10.0
424353.0 71546.0 10.0
425369.0 71348.0 10.0
425379.0 71123.0 10.0
425649.0 71634.0 10.0
425905.0 71740.0 10.0
426839.0 71180.0 10.0
427287.0 71577.0 10.0
427393.0 71339.0 10.0
427911.0 71460.0 10.0
428545.0 71395.0 10.0
429189.0 72002.0 10.0
429645.0 71150.0 10.0
429813.0 71896.0 10.0
429921.0 71475.0 10.0
431095.0 71349.0 10.0
431909.0 71731.0 10.0
432355.0 71340.0 10.0
433813.0 72156.0 10.0
435201.0 71691.0 10.0
436937.0 72190.0 10.0
437387.0 72047.0 10.0
437887.0 72175.0 10.0
439811.0 72879.0 10.0
440191.0 72028.0 10.0
440235.0 72395.0 10.0
440283.0 71987.0 10.0
440467.0 71805.0 10.0
440873.0 71682.0 10.0
441825.0 72309.0 10.0
444169.0 72722.0 10.0
444185.0 72551.0 10.0
444689.0 72279.0 10.0
444771.0 72683.0 10.0
445685.0 71969.0 10.0
448403.0 72522.0 10.0
450347.0 72925.0 10.0
451057.0 72701.0 10.0
452607.0 72609.0 10.0
452953.0 72648.0 10.0
453917.0 72878.0 10.0
453983.0 72555.0 10.0
454131.0 73153.0 10.0
456215.0 72575.0 10.0
458181.0 73280.0 10.0
458679.0 72961.0 10.0
460101.0 72963.0 10.0
460557.0 73007.0 10.0
460999.0 73315.0 10.0
462449.0 72765.0 10.0
464099.0 72879.0 10.0
464861.0 73307.0 10.0
465237.0 73177.0 10.0
465503.0 73559.0 10.0
477405.0 73782.0 10.0
481345.0 74401.0 10.0
487377.0 74363.0 10.0
489145.0 74401.0 10.0
491561.0 74486.0 10.0
504869.0 75297.0 10.0
