rev1.1
875.0 248.0 10.0
935.0 265.0 6.200270911419957
939.0 241.0 9.300406367129936
945.0 234.0 6.861727714912356
957.0 228.0 6.861727714912315
969.0 267.0 6.20027091141996
989.0 233.0 10.0
999.0 261.0 10.0
1005.0 232.0 10.0
1009.0 271.0 6.861727714912316
1019.0 265.0 8.403865827724426
1019.0 237.0 7.593750000000056
1021.0 251.0 10.0
1041.0 262.0 6.8617277149123295
1043.0 230.0 10.0
1053.0 280.0 9.300406367129973
1055.0 237.0 10.0
1059.0 255.0 8.403865827724472
1061.0 260.0 6.861727714912333
1065.0 309.0 5.60257721848296
1073.0 252.0 10.0
1075.0 272.0 8.403865827724434
1077.0 257.0 10.0
1099.0 216.0 10.0
1113.0 281.0 10.0
1123.0 274.0 10.0
1127.0 284.0 8.40386582772438
1129.0 288.0 6.861727714912387
1137.0 277.0 7.593750000000101
1137.0 256.0 10.0
1143.0 268.0 9.300406367129986
1157.0 276.0 10.0
1163.0 271.0 10.0
1167.0 270.0 9.300406367129971
1175.0 260.0 10.0
1185.0 288.0 7.593750000000083
1193.0 282.0 10.0
1195.0 271.0 10.0
1201.0 276.0 10.0
1205.0 263.0 10.0
1207.0 289.0 7.593750000000085
1211.0 304.0 10.0
1223.0 263.0 10.0
1227.0 265.0 10.0
1231.0 245.0 10.0
1231.0 293.0 10.0
1235.0 252.0 10.0
1245.0 280.0 10.0
1251.0 259.0 10.0
1265.0 256.0 9.300406367129995
1267.0 277.0 9.300406367130021
1273.0 279.0 10.0
1279.0 231.0 10.0
1281.0 302.0 10.0
1283.0 284.0 10.0
1287.0 262.0 10.0
1291.0 256.0 10.0
1295.0 283.0 10.0
1301.0 271.0 10.0
1307.0 292.0 10.0
1309.0 268.0 10.0
1311.0 269.0 10.0
1311.0 250.0 10.0
1313.0 287.0 10.0
1313.0 283.0 10.0
1321.0 285.0 10.0
1327.0 245.0 10.0
1329.0 298.0 10.0
1331.0 270.0 10.0
1335.0 268.0 10.0
1339.0 262.0 10.0
1345.0 253.0 10.0
1347.0 262.0 10.0
1347.0 270.0 10.0
1349.0 243.0 10.0
1353.0 258.0 10.0
1355.0 233.0 10.0
1365.0 272.0 10.0
1365.0 279.0 10.0
1383.0 286.0 10.0
1387.0 277.0 10.0
1395.0 286.0 10.0
1409.0 262.0 10.0
1419.0 299.0 10.0
1421.0 307.0 10.0
1433.0 274.0 10.0
1435.0 276.0 9.300406367130051
1449.0 245.0 10.0
1455.0 299.0 10.0
1467.0 268.0 10.0
1481.0 278.0 10.0
1483.0 273.0 10.0
1545.0 301.0 10.0
1553.0 323.0 10.0
1575.0 295.0 10.0
1583.0 300.0 10.0
1615.0 295.0 10.0
1621.0 314.0 10.0
1653.0 302.0 10.0
1779.0 281.0 10.0
