rev1.1
182449.0 34204.0 10.0
190327.0 34976.0 10.0
190677.0 34644.0 10.0
191097.0 34567.0 10.0
194283.0 34537.0 10.0
194379.0 34690.0 10.0
194597.0 34805.0 10.0
195345.0 35252.0 10.0
195885.0 34914.0 10.0
196161.0 34914.0 10.0
196429.0 34989.0 10.0
196443.0 34663.0 10.0
196595.0 35131.0 10.0
197091.0 34733.0 10.0
198235.0 35063.0 10.0
198477.0 35192.0 10.0
199221.0 34941.0 10.0
199325.0 35079.0 10.0
199603.0 34822.0 10.0
199779.0 35277.0 10.0
200089.0 35237.0 10.0
200411.0 35023.0 10.0
200799.0 35182.0 10.0
201513.0 35655.0 10.0
201611.0 35171.0 10.0
201843.0 35281.0 10.0
202033.0 35245.0 10.0
202191.0 35296.0 10.0
202383.0 35227.0 10.0
202465.0 34927.0 10.0
202727.0 35538.0 10.0
203091.0 34952.0 10.0
203161.0 34959.0 10.0
203483.0 35135.0 10.0
203595.0 35065.0 10.0
203639.0 35091.0 10.0
203921.0 35275.0 10.0
204593.0 35304.0 10.0
204697.0 35301.0 10.0
205063.0 35630.0 10.0
205523.0 35368.0 10.0
205589.0 35344.0 10.0
206123.0 35382.0 10.0
206337.0 35564.0 10.0
206523.0 35547.0 10.0
206621.0 35257.0 10.0
206703.0 35632.0 10.0
206881.0 35398.0 10.0
207135.0 35152.0 10.0
207407.0 35080.0 10.0
208023.0 35718.0 10.0
208155.0 35917.0 10.0
208543.0 35223.0 10.0
208649.0 35968.0 10.0
209035.0 35401.0 10.0
209161.0 35747.0 10.0
209227.0 35779.0 10.0
209537.0 35359.0 10.0
209735.0 35483.0 10.0
210539.0 35087.0 10.0
210581.0 35188.0 10.0
211099.0 35709.0 10.0
211289.0 35925.0 10.0
211857.0 35264.0 10.0
213613.0 36108.0 10.0
213731.0 35890.0 10.0
213787.0 36135.0 10.0
213869.0 35831.0 10.0
214037.0 35631.0 10.0
214251.0 35718.0 10.0
214503.0 35841.0 10.0
215927.0 35774.0 10.0
217681.0 36230.0 10.0
217701.0 35760.0 10.0
218309.0 36166.0 10.0
218393.0 35861.0 10.0
218513.0 35944.0 10.0
219045.0 36254.0 10.0
219069.0 36178.0 10.0
219189.0 35790.0 10.0
219537.0 36096.0 10.0
220813.0 35912.0 10.0
220929.0 35784.0 10.0
221307.0 36498.0 10.0
221527.0 36164.0 10.0
221879.0 36426.0 10.0
224409.0 36338.0 10.0
225967.0 36103.0 10.0
228081.0 36395.0 10.0
228819.0 36690.0 10.0
229405.0 36752.0 10.0
229815.0 36642.0 10.0
230389.0 36839.0 10.0
230735.0 36936.0 10.0
233973.0 36474.0 10.0
235515.0 36589.0 10.0
238691.0 36937.0 10.0
239699.0 37063.0 10.0
242491.0 37518.0 10.0
248133.0 37466.0 10.0
