rev1.1
51411.0 10726.0 10.0
52073.0 11218.0 10.0
52883.0 10891.0 10.0
52999.0 10615.0 10.0
53485.0 10816.0 10.0
53699.0 10673.0 10.0
53875.0 10862.0 10.0
53929.0 10659.0 10.0
54069.0 10864.0 10.0
54151.0 10785.0 10.0
54355.0 11036.0 10.0
54489.0 10793.0 10.0
54547.0 11035.0 10.0
54585.0 10846.0 10.0
54591.0 10564.0 10.0
54645.0 10835.0 10.0
54793.0 11153.0 10.0
54945.0 10942.0 10.0
54979.0 10753.0 10.0
55029.0 11226.0 10.0
55185.0 10736.0 10.0
55235.0 11148.0 10.0
55289.0 11016.0 10.0
55329.0 11027.0 10.0
55397.0 11041.0 10.0
55401.0 11256.0 10.0
55511.0 10907.0 10.0
55633.0 10885.0 10.0
55747.0 10939.0 10.0
55817.0 10908.0 10.0
55827.0 10987.0 10.0
55945.0 10791.0 10.0
56387.0 11270.0 10.0
56493.0 11133.0 10.0
56501.0 10950.0 10.0
56533.0 10941.0 10.0
56759.0 10907.0 10.0
57021.0 11044.0 10.0
57295.0 10910.0 10.0
57339.0 10919.0 10.0
57347.0 11089.0 10.0
57571.0 11019.0 10.0
57799.0 11157.0 10.0
57915.0 11114.0 10.0
57997.0 11164.0 10.0
58001.0 10973.0 10.0
58099.0 10930.0 10.0
58253.0 11081.0 10.0
58287.0 11376.0 10.0
58305.0 10999.0 10.0
58337.0 10982.0 10.0
58433.0 10757.0 10.0
58491.0 11291.0 10.0
58507.0 11072.0 10.0
58647.0 11221.0 10.0
58755.0 11321.0 10.0
58847.0 11081.0 10.0
58929.0 10772.0 10.0
58935.0 11045.0 10.0
59101.0 11301.0 10.0
59123.0 11345.0 10.0
59319.0 11048.0 10.0
59373.0 11070.0 10.0
59437.0 10813.0 10.0
60147.0 11675.0 10.0
60197.0 10944.0 10.0
60223.0 11186.0 10.0
60273.0 11463.0 10.0
60421.0 11187.0 10.0
60631.0 11255.0 10.0
60751.0 11192.0 10.0
60875.0 11134.0 10.0
61119.0 11088.0 10.0
61427.0 11569.0 10.0
62483.0 11475.0 10.0
62681.0 11388.0 10.0
62833.0 11429.0 10.0
62861.0 11644.0 10.0
62877.0 11312.0 10.0
62929.0 11549.0 10.0
63111.0 11283.0 10.0
63467.0 11461.0 10.0
63737.0 11174.0 10.0
63757.0 11545.0 10.0
63875.0 11437.0 10.0
64963.0 11580.0 10.0
65407.0 11489.0 10.0
65949.0 11534.0 10.0
66067.0 11702.0 10.0
66109.0 11667.0 10.0
66787.0 11421.0 10.0
68257.0 11672.0 10.0
68889.0 11792.0 10.0
69651.0 11525.0 10.0
69807.0 11734.0 10.0
69861.0 11790.0 10.0
70771.0 11926.0 10.0
71857.0 11794.0 10.0
75205.0 11932.0 10.0
75445.0 12027.0 10.0
