rev1.1
106729.0 21327.0 10.0
106795.0 21227.0 10.0
108409.0 21791.0 10.0
108549.0 21280.0 10.0
108797.0 21819.0 10.0
110451.0 21841.0 10.0
110589.0 22064.0 10.0
110855.0 21312.0 10.0
111531.0 21707.0 10.0
111713.0 21228.0 10.0
112235.0 21512.0 10.0
112767.0 21872.0 10.0
112849.0 21994.0 10.0
113347.0 21758.0 10.0
113383.0 21819.0 10.0
113981.0 21867.0 10.0
114011.0 21921.0 10.0
114023.0 21714.0 10.0
114203.0 21790.0 10.0
114211.0 22123.0 10.0
114285.0 22034.0 10.0
114501.0 21726.0 10.0
114619.0 21580.0 10.0
114741.0 22408.0 10.0
115133.0 21842.0 10.0
115261.0 21782.0 10.0
115521.0 21598.0 10.0
115777.0 22057.0 10.0
115935.0 21928.0 10.0
116291.0 22028.0 10.0
116389.0 22394.0 10.0
116707.0 22421.0 10.0
116809.0 22206.0 10.0
116927.0 21691.0 10.0
117255.0 22509.0 10.0
117315.0 22209.0 10.0
117629.0 21976.0 10.0
118019.0 21955.0 10.0
118057.0 21708.0 10.0
118221.0 22448.0 10.0
118365.0 22471.0 10.0
118649.0 22299.0 10.0
118853.0 21969.0 10.0
118941.0 22230.0 10.0
119359.0 22524.0 10.0
119659.0 22422.0 10.0
120177.0 22261.0 10.0
120195.0 22103.0 10.0
120689.0 22498.0 10.0
120993.0 22046.0 10.0
121089.0 22245.0 10.0
121365.0 22550.0 10.0
121485.0 22396.0 10.0
121663.0 22316.0 10.0
122129.0 22426.0 10.0
122181.0 22769.0 10.0
122227.0 22337.0 10.0
122487.0 22489.0 10.0
122835.0 22034.0 10.0
123011.0 22680.0 10.0
123293.0 22357.0 10.0
123395.0 22206.0 10.0
123401.0 22549.0 10.0
123423.0 22795.0 10.0
123629.0 22637.0 10.0
123803.0 22496.0 10.0
124267.0 22574.0 10.0
124391.0 22678.0 10.0
124657.0 22565.0 10.0
124697.0 22715.0 10.0
124855.0 22411.0 10.0
124863.0 22450.0 10.0
125307.0 22715.0 10.0
126337.0 22641.0 10.0
126351.0 22590.0 10.0
126417.0 22469.0 10.0
128373.0 22498.0 10.0
128383.0 22459.0 10.0
128475.0 22559.0 10.0
128761.0 22579.0 10.0
130179.0 23160.0 10.0
130573.0 22957.0 10.0
131279.0 22798.0 10.0
131631.0 23327.0 10.0
132517.0 22719.0 10.0
133071.0 22861.0 10.0
133263.0 23103.0 10.0
133401.0 22901.0 10.0
134045.0 22950.0 10.0
136831.0 22972.0 10.0
137169.0 22854.0 10.0
139081.0 23021.0 10.0
139243.0 23072.0 10.0
143797.0 23761.0 10.0
149249.0 23994.0 10.0
154651.0 24306.0 10.0
155001.0 24223.0 10.0
156283.0 24580.0 10.0
160015.0 24354.0 10.0
161907.0 24831.0 10.0
