rev1.1
2601.0 607.0 10.0
2645.0 637.0 10.0
2805.0 609.0 10.0
2831.0 609.0 10.0
2883.0 667.0 10.0
2925.0 607.0 10.0
2945.0 664.0 10.0
2945.0 664.0 10.0
2965.0 657.0 10.0
2987.0 628.0 10.0
2997.0 662.0 10.0
3023.0 646.0 10.0
3067.0 667.0 10.0
3073.0 689.0 10.0
3099.0 718.0 10.0
3101.0 646.0 10.0
3113.0 698.0 10.0
3123.0 770.0 10.0
3155.0 660.0 10.0
3157.0 603.0 10.0
3177.0 737.0 10.0
3187.0 687.0 10.0
3241.0 683.0 10.0
3259.0 727.0 10.0
3271.0 716.0 10.0
3285.0 678.0 10.0
3287.0 735.0 10.0
3303.0 699.0 10.0
3329.0 615.0 10.0
3333.0 721.0 10.0
3349.0 670.0 10.0
3361.0 731.0 10.0
3379.0 726.0 10.0
3403.0 720.0 10.0
3405.0 738.0 10.0
3407.0 784.0 10.0
3407.0 686.0 10.0
3413.0 685.0 10.0
3419.0 697.0 10.0
3441.0 741.0 10.0
3445.0 710.0 10.0
3471.0 781.0 10.0
3477.0 706.0 10.0
3487.0 709.0 10.0
3503.0 711.0 10.0
3505.0 751.0 10.0
3509.0 654.0 10.0
3529.0 683.0 10.0
3549.0 716.0 10.0
3563.0 762.0 10.0
3597.0 678.0 10.0
3599.0 686.0 10.0
3613.0 666.0 10.0
3643.0 728.0 10.0
3649.0 723.0 10.0
3661.0 678.0 10.0
3661.0 750.0 10.0
3667.0 666.0 10.0
3683.0 793.0 10.0
3693.0 737.0 10.0
3713.0 729.0 10.0
3727.0 816.0 10.0
3751.0 732.0 10.0
3755.0 772.0 10.0
3763.0 651.0 10.0
3773.0 711.0 10.0
3779.0 723.0 10.0
3797.0 790.0 10.0
3799.0 736.0 10.0
3805.0 690.0 10.0
3809.0 743.0 10.0
3823.0 760.0 10.0
3871.0 754.0 10.0
3921.0 817.0 10.0
3973.0 766.0 10.0
3981.0 750.0 10.0
3985.0 788.0 10.0
3989.0 793.0 10.0
4031.0 708.0 10.0
4037.0 703.0 10.0
4101.0 728.0 10.0
4107.0 737.0 10.0
4107.0 806.0 10.0
4121.0 695.0 10.0
4145.0 742.0 10.0
4165.0 706.0 10.0
4187.0 757.0 10.0
4191.0 751.0 10.0
4195.0 802.0 10.0
4221.0 755.0 10.0
4235.0 768.0 10.0
4265.0 794.0 10.0
4433.0 805.0 10.0
4453.0 740.0 10.0
4555.0 848.0 10.0
4557.0 735.0 10.0
4653.0 810.0 10.0
5117.0 824.0 10.0
5519.0 836.0 10.0
5563.0 900.0 10.0
