rev1.1
23707.0 5129.0 10.0
25005.0 5240.0 10.0
25615.0 5061.0 10.0
25679.0 5312.0 10.0
25793.0 5464.0 10.0
25917.0 5260.0 10.0
26223.0 5332.0 10.0
26299.0 5640.0 10.0
26339.0 5465.0 10.0
26547.0 5532.0 10.0
26583.0 5269.0 10.0
26605.0 5522.0 10.0
26629.0 5457.0 10.0
26629.0 5393.0 10.0
26677.0 5272.0 10.0
26743.0 5512.0 10.0
26791.0 5660.0 10.0
26909.0 5442.0 10.0
26941.0 5703.0 10.0
26949.0 5360.0 10.0
26961.0 5430.0 10.0
27041.0 5587.0 10.0
27151.0 5626.0 10.0
27191.0 5618.0 10.0
27471.0 5314.0 10.0
27497.0 5530.0 10.0
27537.0 5467.0 10.0
27543.0 5492.0 10.0
27607.0 5738.0 10.0
27635.0 5665.0 10.0
27801.0 5534.0 10.0
27851.0 5466.0 10.0
27853.0 5520.0 10.0
27861.0 5520.0 10.0
27915.0 5697.0 10.0
27921.0 5594.0 10.0
27945.0 5537.0 10.0
27963.0 5333.0 10.0
28127.0 5543.0 10.0
28157.0 5742.0 10.0
28271.0 5561.0 10.0
28299.0 5593.0 10.0
28303.0 5399.0 10.0
28457.0 5245.0 10.0
28645.0 5538.0 10.0
28705.0 5738.0 10.0
28767.0 5511.0 10.0
28901.0 5324.0 10.0
28997.0 5600.0 10.0
29069.0 5456.0 10.0
29087.0 5484.0 10.0
29097.0 5890.0 10.0
29125.0 5719.0 10.0
29259.0 5555.0 10.0
29261.0 5594.0 10.0
29541.0 5503.0 10.0
29543.0 5488.0 10.0
29599.0 5750.0 10.0
29721.0 5662.0 10.0
29753.0 5586.0 10.0
29779.0 5673.0 10.0
29929.0 5778.0 10.0
30001.0 5741.0 10.0
30037.0 5544.0 10.0
30041.0 5679.0 10.0
30083.0 5625.0 10.0
30175.0 5768.0 10.0
30229.0 5575.0 10.0
30237.0 5677.0 10.0
30253.0 5704.0 10.0
30559.0 5745.0 10.0
30891.0 5533.0 10.0
30985.0 5722.0 10.0
31025.0 5579.0 10.0
31075.0 5579.0 10.0
31081.0 5907.0 10.0
31369.0 5792.0 10.0
31483.0 5763.0 10.0
31657.0 5653.0 10.0
31665.0 5579.0 10.0
31983.0 5687.0 10.0
32033.0 5695.0 10.0
32069.0 5679.0 10.0
32087.0 5719.0 10.0
32145.0 5929.0 10.0
32171.0 5682.0 10.0
32553.0 5752.0 10.0
32681.0 5676.0 10.0
32801.0 5659.0 10.0
32863.0 5676.0 10.0
32995.0 5933.0 10.0
33273.0 5830.0 10.0
33659.0 5841.0 10.0
34525.0 5725.0 10.0
34645.0 5681.0 10.0
34923.0 5920.0 10.0
35005.0 5843.0 10.0
35815.0 6041.0 10.0
36851.0 5786.0 10.0
40235.0 6119.0 10.0
