rev1.1
1079.0 282.0 9.300406367129971
1255.0 295.0 8.403865827724443
1295.0 337.0 9.300406367129947
1303.0 345.0 7.593750000000047
1323.0 344.0 9.300406367129964
1349.0 300.0 10.0
1351.0 312.0 10.0
1363.0 348.0 8.40386582772441
1369.0 335.0 10.0
1375.0 336.0 8.403865827724358
1381.0 302.0 10.0
1383.0 333.0 9.300406367130039
1385.0 292.0 10.0
1387.0 348.0 10.0
1393.0 333.0 10.0
1397.0 338.0 10.0
1401.0 347.0 10.0
1405.0 340.0 10.0
1409.0 286.0 10.0
1419.0 270.0 10.0
1451.0 320.0 10.0
1465.0 335.0 10.0
1505.0 330.0 10.0
1509.0 354.0 10.0
1527.0 365.0 9.300406367130009
1541.0 312.0 10.0
1561.0 382.0 10.0
1563.0 365.0 10.0
1563.0 323.0 10.0
1565.0 331.0 10.0
1569.0 357.0 10.0
1579.0 336.0 10.0
1585.0 381.0 9.300406367129986
1593.0 353.0 10.0
1605.0 373.0 10.0
1615.0 330.0 10.0
1621.0 355.0 10.0
1623.0 312.0 10.0
1625.0 366.0 10.0
1633.0 382.0 10.0
1635.0 346.0 8.403865827724493
1647.0 353.0 10.0
1667.0 315.0 10.0
1669.0 360.0 10.0
1679.0 354.0 10.0
1679.0 334.0 10.0
1691.0 364.0 10.0
1699.0 405.0 10.0
1703.0 353.0 10.0
1719.0 398.0 10.0
1727.0 351.0 10.0
1735.0 364.0 10.0
1741.0 391.0 10.0
1751.0 401.0 10.0
1759.0 340.0 10.0
1769.0 363.0 10.0
1771.0 368.0 10.0
1791.0 430.0 10.0
1791.0 437.0 10.0
1799.0 390.0 10.0
1799.0 390.0 10.0
1801.0 331.0 10.0
1819.0 352.0 10.0
1823.0 386.0 10.0
1837.0 369.0 10.0
1853.0 387.0 10.0
1861.0 400.0 10.0
1871.0 367.0 10.0
1877.0 407.0 10.0
1881.0 418.0 10.0
1903.0 367.0 10.0
1911.0 338.0 10.0
1945.0 342.0 10.0
1951.0 416.0 10.0
1963.0 366.0 10.0
1983.0 386.0 10.0
1989.0 381.0 10.0
2017.0 402.0 10.0
2029.0 380.0 10.0
2039.0 382.0 10.0
2097.0 398.0 10.0
2097.0 336.0 10.0
2129.0 387.0 10.0
2143.0 364.0 10.0
2143.0 449.0 10.0
2167.0 389.0 10.0
2193.0 396.0 10.0
2235.0 388.0 10.0
2237.0 364.0 10.0
2255.0 354.0 10.0
2263.0 357.0 10.0
2275.0 483.0 10.0
2289.0 378.0 10.0
2295.0 454.0 10.0
2323.0 431.0 10.0
2345.0 361.0 10.0
2373.0 413.0 10.0
2649.0 482.0 10.0
2795.0 420.0 10.0
2843.0 444.0 10.0
