rev1.1
454859.0 87478.0 10.0
455727.0 87572.0 10.0
457503.0 87178.0 10.0
461541.0 86891.0 10.0
462347.0 87920.0 10.0
463137.0 87054.0 10.0
465113.0 87411.0 10.0
467349.0 88580.0 10.0
470165.0 87757.0 10.0
473035.0 88260.0 10.0
473993.0 87546.0 10.0
474073.0 88508.0 10.0
474439.0 88112.0 10.0
474935.0 87586.0 10.0
475883.0 87338.0 10.0
477533.0 88428.0 10.0
477739.0 87789.0 10.0
479627.0 88639.0 10.0
479853.0 88506.0 10.0
481125.0 87215.0 10.0
481449.0 88261.0 10.0
482209.0 88879.0 10.0
483607.0 88592.0 10.0
484589.0 89493.0 10.0
485283.0 88564.0 10.0
486279.0 89169.0 10.0
487117.0 88538.0 10.0
487355.0 88533.0 10.0
488863.0 88476.0 10.0
488867.0 89546.0 10.0
489727.0 88459.0 10.0
491177.0 88515.0 10.0
492507.0 88553.0 10.0
492743.0 88982.0 10.0
492923.0 88611.0 10.0
493061.0 89044.0 10.0
493707.0 89088.0 10.0
494761.0 89754.0 10.0
495503.0 88972.0 10.0
496149.0 88610.0 10.0
497327.0 90096.0 10.0
498001.0 89674.0 10.0
498395.0 89210.0 10.0
499447.0 88907.0 10.0
499543.0 89777.0 10.0
499649.0 89176.0 10.0
504525.0 89648.0 10.0
504557.0 90102.0 10.0
506433.0 90161.0 10.0
507105.0 88963.0 10.0
509305.0 90475.0 10.0
510371.0 90804.0 10.0
510405.0 90244.0 10.0
513745.0 90657.0 10.0
514383.0 89958.0 10.0
515637.0 89659.0 10.0
516023.0 90085.0 10.0
516467.0 90223.0 10.0
516927.0 90291.0 10.0
517051.0 89727.0 10.0
517243.0 90304.0 10.0
520487.0 90031.0 10.0
521283.0 89470.0 10.0
522553.0 90792.0 10.0
523671.0 90676.0 10.0
523889.0 90636.0 10.0
524141.0 91277.0 10.0
526701.0 90648.0 10.0
528471.0 90416.0 10.0
528921.0 90661.0 10.0
529495.0 90738.0 10.0
530145.0 91661.0 10.0
531105.0 91366.0 10.0
532329.0 90973.0 10.0
533079.0 91199.0 10.0
535143.0 90424.0 10.0
535769.0 90924.0 10.0
536163.0 91202.0 10.0
536457.0 92035.0 10.0
536515.0 91841.0 10.0
539335.0 92228.0 10.0
539693.0 90829.0 10.0
543873.0 91309.0 10.0
544113.0 91262.0 10.0
545841.0 92293.0 10.0
548481.0 91592.0 10.0
549919.0 91027.0 10.0
551817.0 91365.0 10.0
556901.0 92141.0 10.0
556939.0 92647.0 10.0
557559.0 92837.0 10.0
561709.0 92584.0 10.0
577961.0 92800.0 10.0
583575.0 93436.0 10.0
585361.0 92687.0 10.0
587033.0 93919.0 10.0
590013.0 93708.0 10.0
591457.0 93314.0 10.0
610911.0 94412.0 10.0
617037.0 94630.0 10.0
