rev1.1
11913.0 2674.0 10.0
11989.0 2517.0 10.0
12035.0 2713.0 10.0
12135.0 2668.0 10.0
12233.0 2577.0 10.0
12383.0 2656.0 10.0
12533.0 2781.0 10.0
12619.0 2792.0 10.0
12701.0 2772.0 10.0
12899.0 2795.0 10.0
12901.0 2683.0 10.0
13003.0 2770.0 10.0
13019.0 2807.0 10.0
13063.0 2585.0 10.0
13181.0 2782.0 10.0
13195.0 2785.0 10.0
13219.0 2810.0 10.0
13219.0 2951.0 10.0
13229.0 2764.0 10.0
13257.0 2761.0 10.0
13261.0 2633.0 10.0
13285.0 2631.0 10.0
13331.0 2830.0 10.0
13365.0 2953.0 10.0
13381.0 2722.0 10.0
13419.0 2671.0 10.0
13423.0 2736.0 10.0
13503.0 2733.0 10.0
13561.0 2835.0 10.0
13573.0 2786.0 10.0
13587.0 2730.0 10.0
13617.0 2872.0 10.0
13621.0 2731.0 10.0
13633.0 2656.0 10.0
13649.0 2729.0 10.0
13775.0 2699.0 10.0
13785.0 2824.0 10.0
13801.0 2707.0 10.0
13809.0 2753.0 10.0
13889.0 2701.0 10.0
14025.0 2738.0 10.0
14027.0 2749.0 10.0
14037.0 2641.0 10.0
14053.0 2823.0 10.0
14123.0 2896.0 10.0
14159.0 2789.0 10.0
14167.0 2837.0 10.0
14219.0 2833.0 10.0
14235.0 2760.0 10.0
14249.0 2891.0 10.0
14267.0 2983.0 10.0
14309.0 2730.0 10.0
14337.0 2770.0 10.0
14349.0 2936.0 10.0
14359.0 2805.0 10.0
14415.0 2750.0 10.0
14415.0 2673.0 10.0
14499.0 2664.0 10.0
14539.0 2826.0 10.0
14599.0 2878.0 10.0
14609.0 2951.0 10.0
14615.0 2962.0 10.0
14685.0 2798.0 10.0
14763.0 2740.0 10.0
14783.0 2886.0 10.0
14801.0 2857.0 10.0
14869.0 2698.0 10.0
14869.0 2796.0 10.0
14947.0 3009.0 10.0
14971.0 2919.0 10.0
14983.0 2949.0 10.0
15021.0 2902.0 10.0
15033.0 2801.0 10.0
15069.0 2820.0 10.0
15075.0 2771.0 10.0
15145.0 2911.0 10.0
15277.0 2721.0 10.0
15353.0 2788.0 10.0
15367.0 2791.0 10.0
15391.0 2893.0 10.0
15473.0 2817.0 10.0
15475.0 2846.0 10.0
15583.0 2762.0 10.0
15711.0 2937.0 10.0
15763.0 2979.0 10.0
15849.0 2714.0 10.0
16109.0 2874.0 10.0
16249.0 2871.0 10.0
16407.0 2915.0 10.0
16523.0 3058.0 10.0
16539.0 2867.0 10.0
16587.0 3022.0 10.0
16645.0 2956.0 10.0
17061.0 2890.0 10.0
17501.0 3104.0 10.0
17945.0 3005.0 10.0
17979.0 3099.0 10.0
18711.0 3118.0 10.0
18979.0 3141.0 10.0
20139.0 3130.0 10.0
