rev1.1
221041.0 43223.0 10.0
223945.0 43686.0 10.0
224061.0 44105.0 10.0
224491.0 43128.0 10.0
225017.0 43389.0 10.0
225905.0 43946.0 10.0
228217.0 43776.0 10.0
229587.0 43766.0 10.0
229717.0 44142.0 10.0
229829.0 43805.0 10.0
230689.0 44470.0 10.0
231803.0 44241.0 10.0
232917.0 44306.0 10.0
233313.0 43458.0 10.0
233549.0 43444.0 10.0
233873.0 44355.0 10.0
234553.0 43359.0 10.0
235313.0 44054.0 10.0
235845.0 43862.0 10.0
236861.0 44124.0 10.0
236877.0 43937.0 10.0
237039.0 44639.0 10.0
237097.0 44185.0 10.0
237439.0 44249.0 10.0
237447.0 44585.0 10.0
237509.0 43877.0 10.0
237731.0 44762.0 10.0
238103.0 44237.0 10.0
238243.0 43893.0 10.0
238729.0 44242.0 10.0
238971.0 44158.0 10.0
239821.0 44164.0 10.0
241429.0 44183.0 10.0
241585.0 44412.0 10.0
241589.0 43886.0 10.0
241707.0 44769.0 10.0
242051.0 44652.0 10.0
242833.0 45022.0 10.0
243391.0 44123.0 10.0
243795.0 44864.0 10.0
243981.0 44562.0 10.0
244229.0 44693.0 10.0
244411.0 44060.0 10.0
244521.0 45193.0 10.0
244859.0 44815.0 10.0
245437.0 43916.0 10.0
245461.0 44240.0 10.0
245789.0 44850.0 10.0
245825.0 44869.0 10.0
246079.0 44440.0 10.0
246157.0 45122.0 10.0
247011.0 45006.0 10.0
247481.0 44961.0 10.0
247805.0 45100.0 10.0
247947.0 44755.0 10.0
248297.0 44151.0 10.0
248891.0 44579.0 10.0
249401.0 45166.0 10.0
249629.0 44689.0 10.0
249925.0 45305.0 10.0
250585.0 44984.0 10.0
251217.0 44834.0 10.0
251983.0 44607.0 10.0
252121.0 45070.0 10.0
252125.0 44989.0 10.0
252195.0 45040.0 10.0
254415.0 45338.0 10.0
254921.0 44996.0 10.0
255059.0 45619.0 10.0
255149.0 44680.0 10.0
255909.0 45411.0 10.0
256041.0 45493.0 10.0
256153.0 44908.0 10.0
256753.0 45834.0 10.0
257059.0 45587.0 10.0
257181.0 45073.0 10.0
257217.0 45095.0 10.0
257297.0 45411.0 10.0
257573.0 45391.0 10.0
258793.0 45349.0 10.0
259785.0 45365.0 10.0
259933.0 45992.0 10.0
261849.0 45555.0 10.0
262375.0 45866.0 10.0
267115.0 45686.0 10.0
267873.0 46068.0 10.0
270909.0 46085.0 10.0
272215.0 45682.0 10.0
272387.0 45656.0 10.0
272935.0 46249.0 10.0
273709.0 45545.0 10.0
275301.0 46352.0 10.0
275503.0 46245.0 10.0
276059.0 46119.0 10.0
278333.0 46806.0 10.0
278477.0 46807.0 10.0
280781.0 46350.0 10.0
286001.0 47184.0 10.0
286157.0 46028.0 10.0
288529.0 46739.0 10.0
