rev1.1
5705.0 1303.0 10.0
5749.0 1368.0 10.0
5779.0 1314.0 10.0
5821.0 1308.0 10.0
5853.0 1309.0 10.0
5891.0 1359.0 10.0
5977.0 1346.0 10.0
5989.0 1399.0 10.0
6003.0 1319.0 10.0
6029.0 1235.0 10.0
6039.0 1396.0 10.0
6057.0 1388.0 10.0
6063.0 1346.0 10.0
6067.0 1521.0 10.0
6095.0 1290.0 10.0
6141.0 1378.0 10.0
6165.0 1299.0 10.0
6249.0 1292.0 10.0
6259.0 1389.0 10.0
6299.0 1371.0 10.0
6335.0 1307.0 10.0
6359.0 1346.0 10.0
6439.0 1344.0 10.0
6447.0 1215.0 10.0
6461.0 1351.0 10.0
6471.0 1293.0 10.0
6473.0 1413.0 10.0
6495.0 1283.0 10.0
6499.0 1362.0 10.0
6509.0 1416.0 10.0
6527.0 1391.0 10.0
6589.0 1388.0 10.0
6637.0 1380.0 10.0
6659.0 1351.0 10.0
6659.0 1414.0 10.0
6697.0 1413.0 10.0
6705.0 1321.0 10.0
6709.0 1300.0 10.0
6733.0 1455.0 10.0
6799.0 1323.0 10.0
6817.0 1382.0 10.0
6831.0 1328.0 10.0
6839.0 1399.0 10.0
6841.0 1413.0 10.0
6851.0 1346.0 10.0
6887.0 1442.0 10.0
6939.0 1373.0 10.0
6965.0 1400.0 10.0
7015.0 1408.0 10.0
7033.0 1419.0 10.0
7045.0 1415.0 10.0
7109.0 1402.0 10.0
7117.0 1400.0 10.0
7125.0 1451.0 10.0
7143.0 1359.0 10.0
7165.0 1355.0 10.0
7183.0 1379.0 10.0
7187.0 1365.0 10.0
7229.0 1387.0 10.0
7235.0 1410.0 10.0
7269.0 1375.0 10.0
7269.0 1406.0 10.0
7355.0 1468.0 10.0
7373.0 1387.0 10.0
7379.0 1451.0 10.0
7389.0 1397.0 10.0
7403.0 1409.0 10.0
7417.0 1425.0 10.0
7419.0 1455.0 10.0
7463.0 1475.0 10.0
7467.0 1482.0 10.0
7475.0 1388.0 10.0
7485.0 1354.0 10.0
7501.0 1384.0 10.0
7569.0 1516.0 10.0
7583.0 1459.0 10.0
7597.0 1432.0 10.0
7599.0 1491.0 10.0
7683.0 1487.0 10.0
7787.0 1418.0 10.0
7837.0 1319.0 10.0
7877.0 1565.0 10.0
7893.0 1497.0 10.0
7999.0 1559.0 10.0
8033.0 1398.0 10.0
8069.0 1519.0 10.0
8117.0 1527.0 10.0
8135.0 1428.0 10.0
8135.0 1615.0 10.0
8165.0 1490.0 10.0
8185.0 1475.0 10.0
8379.0 1403.0 10.0
8397.0 1530.0 10.0
8497.0 1405.0 10.0
8659.0 1513.0 10.0
8741.0 1614.0 10.0
8759.0 1521.0 10.0
9045.0 1580.0 10.0
10053.0 1468.0 10.0
10201.0 1464.0 10.0
