rev1.1
937939.0 174802.0 10.0
948985.0 176597.0 10.0
950119.0 175929.0 10.0
950993.0 175497.0 10.0
951043.0 175375.0 10.0
952441.0 176771.0 10.0
966321.0 176506.0 10.0
972007.0 177543.0 10.0
973137.0 177626.0 10.0
973347.0 176093.0 10.0
975229.0 177432.0 10.0
976417.0 176720.0 10.0
979195.0 177299.0 10.0
982507.0 177063.0 10.0
983023.0 177562.0 10.0
983765.0 176818.0 10.0
984237.0 177011.0 10.0
984395.0 177712.0 10.0
990139.0 177607.0 10.0
990363.0 178821.0 10.0
994413.0 177234.0 10.0
995557.0 177725.0 10.0
996613.0 177141.0 10.0
996889.0 179482.0 10.0
997655.0 178044.0 10.0
997895.0 178507.0 10.0
999033.0 178159.0 10.0
999145.0 177606.0 10.0
1000391.0 178765.0 10.0
1003767.0 178322.0 10.0
1005935.0 178487.0 10.0
1006767.0 178189.0 10.0
1008455.0 178401.0 10.0
1010935.0 179024.0 10.0
1012197.0 181578.0 10.0
1013533.0 178684.0 10.0
1017805.0 179670.0 10.0
1022387.0 179507.0 10.0
1024243.0 178691.0 10.0
1024339.0 179559.0 10.0
1024743.0 179757.0 10.0
1025165.0 178587.0 10.0
1025753.0 179235.0 10.0
1027815.0 178817.0 10.0
1027947.0 178549.0 10.0
1028273.0 179184.0 10.0
1028765.0 178590.0 10.0
1031235.0 180800.0 10.0
1031889.0 178834.0 10.0
1032717.0 179894.0 10.0
1033123.0 179401.0 10.0
1037293.0 181159.0 10.0
1038237.0 180547.0 10.0
1038239.0 179700.0 10.0
1038863.0 180055.0 10.0
1041003.0 180738.0 10.0
1044099.0 179550.0 10.0
1045367.0 181134.0 10.0
1046431.0 180493.0 10.0
1049743.0 181133.0 10.0
1051441.0 180190.0 10.0
1053501.0 179933.0 10.0
1054655.0 180645.0 10.0
1054855.0 180094.0 10.0
1058719.0 181339.0 10.0
1061349.0 180577.0 10.0
1065031.0 180713.0 10.0
1065111.0 181235.0 10.0
1066047.0 181194.0 10.0
1068437.0 181372.0 10.0
1070225.0 182498.0 10.0
1071953.0 182292.0 10.0
1074175.0 182716.0 10.0
1077495.0 182127.0 10.0
1080665.0 182468.0 10.0
1082003.0 183140.0 10.0
1083703.0 182977.0 10.0
1085775.0 182685.0 10.0
1087289.0 182392.0 10.0
1087409.0 184439.0 10.0
1091181.0 183280.0 10.0
1098163.0 182582.0 10.0
1101879.0 183863.0 10.0
1104855.0 183660.0 10.0
1106257.0 183515.0 10.0
1108021.0 182875.0 10.0
1115121.0 184564.0 10.0
1117491.0 183526.0 10.0
1119263.0 184027.0 10.0
1126211.0 184493.0 10.0
1131255.0 184169.0 10.0
1132751.0 184601.0 10.0
1137007.0 184435.0 10.0
1166265.0 187785.0 10.0
1169039.0 186840.0 10.0
1171869.0 185894.0 10.0
1180999.0 187232.0 10.0
1206833.0 188063.0 10.0
1226101.0 189053.0 10.0
1233927.0 189841.0 10.0
