rev6
3597207.0 346285.0 4.0
3804900.0 317964.0 4.0
3877616.0 378063.0 8.0
3887190.0 459333.0 9.0
3893857.0 436460.0 7.0
3916436.0 470712.0 11.0
3920032.0 520133.0 10.0
3921537.0 337873.0 6.0
3934577.0 310176.0 3.0
3956810.0 424105.0 6.0
3967426.0 493837.0 9.0
3970740.0 355993.0 3.0
3974170.0 530933.0 5.0
3982206.0 418237.0 5.0
4012465.0 445570.0 8.0
4065815.0 325103.0 4.0
4117108.0 497267.0 8.0
4122775.0 268477.0 5.0
4155037.0 562843.0 8.0
4183840.0 416865.0 7.0
4201244.0 448163.0 8.0
4223362.0 447034.0 6.0
4274291.0 327606.0 5.0
4274844.0 488536.0 6.0
4279228.0 471291.0 8.0
4293132.0 517106.0 7.0
4293991.0 516972.0 8.0
4294936.0 526653.0 9.0
4307452.0 391032.0 7.0
4308966.0 245208.0 3.0
4310269.0 394464.0 7.0
4312743.0 413427.0 7.0
4335239.0 227973.0 3.0
4340768.0 351777.0 6.0
4374934.0 426057.0 6.0
4392961.0 550699.0 11.0
4393401.0 408970.0 8.0
4394604.0 567131.0 9.0
4401523.0 447087.0 9.0
4420853.0 432981.0 7.0
4438459.0 420164.0 9.0
4444050.0 304154.0 8.0
4456297.0 467903.0 8.0
4462898.0 409323.0 6.0
4469166.0 397063.0 6.0
4526234.0 451200.0 6.0
4529264.0 264174.0 5.0
4537766.0 432850.0 6.0
4547097.0 392189.0 7.0
4549530.0 478684.0 6.0
4555409.0 443425.0 10.0
4579606.0 297165.0 5.0
4585339.0 405976.0 7.0
4594422.0 436629.0 8.0
4615895.0 437406.0 11.0
4648573.0 453132.0 6.0
4689763.0 477760.0 8.0
4764944.0 364651.0 4.0
4778706.0 252647.0 5.0
4784960.0 485110.0 8.0
4806012.0 447212.0 6.0
4830286.0 478044.0 8.0
4842747.0 350174.0 4.0
4852637.0 428662.0 8.0
4868649.0 521205.0 9.0
4948230.0 384055.0 5.0
4984973.0 483314.0 11.0
4991199.0 230662.0 4.0
5020882.0 306705.0 5.0
5024694.0 410093.0 8.0
5027705.0 443524.0 7.0
5047317.0 378298.0 5.0
5084200.0 493057.0 11.0
5100150.0 384986.0 5.0
5104297.0 449965.0 6.0
5128887.0 484806.0 8.0
5169319.0 487341.0 7.0
5172793.0 441804.0 6.0
5174728.0 506363.0 9.0
5262561.0 314566.0 6.0
5289296.0 497236.0 5.0
5331199.0 418417.0 6.0
5335975.0 486257.0 5.0
5336054.0 211448.0 4.0
5443936.0 382079.0 9.0
5512769.0 562179.0 8.0
5513689.0 386984.0 8.0
5529836.0 295869.0 7.0
5543568.0 498755.0 8.0
5578744.0 527773.0 9.0
5598032.0 403898.0 6.0
5601062.0 467506.0 9.0
5748252.0 223764.0 5.0
5778971.0 476467.0 10.0
5907520.0 324744.0 6.0
6056309.0 293598.0 4.0
6214220.0 460024.0 9.0
6288320.0 396997.0 8.0
6632834.0 380044.0 7.0
7173320.0 507260.0 7.0
