rev2
1917317.0 80283.0 3.0
2005063.0 82619.0 2.0
2039141.0 83260.0 2.0
2047395.0 95876.0 3.0
2067998.0 81088.0 1.0
2116845.0 76761.0 2.0
2159401.0 78967.0 3.0
2188780.0 82182.0 1.0
2201188.0 81964.0 3.0
2203204.0 86547.0 2.0
2219016.0 73741.0 2.0
2219536.0 72487.0 2.0
2226282.0 84883.0 3.0
2228575.0 81690.0 3.0
2231142.0 88090.0 4.0
2231903.0 83195.0 1.0
2251313.0 87998.0 2.0
2252574.0 80366.0 2.0
2268959.0 83708.0 2.0
2288028.0 75650.0 3.0
2295004.0 67590.0 2.0
2298708.0 78279.0 2.0
2320237.0 76716.0 1.0
2320937.0 80690.0 2.0
2324456.0 62305.0 3.0
2334476.0 80332.0 2.0
2340500.0 108727.0 4.0
2343244.0 107191.0 4.0
2347630.0 94370.0 4.0
2354992.0 83628.0 1.0
2356258.0 86477.0 1.0
2360394.0 72266.0 3.0
2367220.0 84976.0 2.0
2370908.0 79954.0 3.0
2372932.0 72515.0 4.0
2375054.0 75674.0 3.0
2397904.0 71182.0 2.0
2401586.0 66074.0 2.0
2407930.0 78696.0 2.0
2411426.0 96552.0 2.0
2433538.0 74076.0 1.0
2435933.0 72791.0 4.0
2445961.0 81328.0 2.0
2446788.0 75819.0 3.0
2450321.0 94321.0 2.0
2470893.0 73682.0 3.0
2475463.0 97027.0 4.0
2502905.0 79312.0 3.0
2518465.0 77104.0 1.0
2545112.0 99974.0 4.0
2547538.0 88373.0 3.0
2562858.0 80174.0 2.0
2565683.0 89231.0 3.0
2577143.0 74899.0 4.0
2578544.0 90668.0 3.0
2578611.0 88737.0 1.0
2584810.0 83187.0 2.0
2602074.0 70493.0 3.0
2615123.0 94799.0 3.0
2618869.0 63452.0 2.0
2634281.0 93036.0 3.0
2649603.0 98308.0 4.0
2662920.0 83806.0 2.0
2703904.0 72921.0 2.0
2731970.0 74003.0 4.0
2746000.0 85616.0 2.0
2763609.0 85862.0 2.0
2765688.0 76619.0 2.0
2777505.0 84358.0 2.0
2793429.0 70383.0 2.0
2811418.0 96472.0 1.0
2838953.0 74742.0 1.0
2900893.0 92648.0 4.0
2901237.0 89231.0 1.0
2906919.0 97931.0 2.0
2913437.0 85810.0 4.0
2942070.0 75017.0 2.0
2962264.0 68295.0 3.0
2972114.0 75702.0 2.0
2973375.0 65456.0 3.0
2985215.0 78281.0 3.0
2994766.0 76178.0 1.0
3007424.0 80422.0 2.0
3134820.0 94665.0 3.0
3191108.0 93478.0 5.0
3203472.0 80535.0 2.0
3233558.0 95255.0 1.0
3245132.0 78091.0 2.0
3248355.0 74959.0 2.0
3250789.0 94724.0 3.0
3307592.0 80913.0 2.0
3307807.0 85403.0 3.0
3312787.0 110203.0 4.0
3327848.0 90341.0 3.0
3421235.0 76131.0 1.0
3483611.0 72132.0 2.0
3546897.0 89231.0 2.0
3560297.0 90663.0 2.0
3830979.0 76583.0 3.0
3833367.0 90433.0 2.0
