rev0
79601.0
96251.0
97068.0
97841.0
98088.0
102339.0
104243.0
105147.0
105944.0
107172.0
107306.0
107796.0
109316.0
109321.0
110511.0
110647.0
110726.0
111143.0
112732.0
113567.0
114723.0
114884.0
115324.0
115935.0
116046.0
116087.0
116972.0
117758.0
118392.0
119119.0
119429.0
119822.0
120110.0
120465.0
120900.0
121457.0
122616.0
123044.0
123306.0
123401.0
123432.0
123643.0
123671.0
123872.0
124235.0
124306.0
124444.0
125200.0
125780.0
127277.0
128476.0
128886.0
128904.0
129191.0
129481.0
129675.0
130486.0
130869.0
132642.0
133422.0
133458.0
134474.0
135485.0
135853.0
136582.0
136811.0
137294.0
137618.0
137690.0
139640.0
139720.0
141540.0
141810.0
142111.0
142160.0
142465.0
145221.0
145436.0
146085.0
147180.0
149214.0
150241.0
150267.0
153181.0
154677.0
159315.0
163486.0
163824.0
167922.0
168496.0
170014.0
170513.0
174522.0
175257.0
175692.0
181776.0
183141.0
187079.0
190354.0
238116.0
