rev0
401015.0
426974.0
447726.0
450194.0
450817.0
456226.0
457731.0
458553.0
463039.0
473536.0
478451.0
483436.0
488428.0
490606.0
495194.0
498121.0
498244.0
500454.0
503656.0
504249.0
507083.0
507682.0
508056.0
508532.0
508860.0
509622.0
510345.0
511206.0
511672.0
511882.0
518726.0
519268.0
520767.0
521421.0
525869.0
528082.0
529973.0
536751.0
538827.0
544205.0
546150.0
546467.0
549108.0
552998.0
555342.0
557961.0
569752.0
571007.0
573113.0
573830.0
577510.0
580178.0
582129.0
583180.0
584338.0
586132.0
587607.0
587803.0
589210.0
590714.0
593049.0
598734.0
603054.0
604381.0
608151.0
610340.0
611512.0
616592.0
620070.0
621194.0
621248.0
624529.0
628829.0
630100.0
633448.0
635705.0
640594.0
645944.0
650067.0
660803.0
663582.0
671483.0
673464.0
682083.0
684785.0
702043.0
704512.0
717676.0
721949.0
739896.0
766260.0
769231.0
777091.0
779097.0
786247.0
789778.0
840923.0
845473.0
904128.0
1209204.0
