rev7.1
1.7465785E7 1945549.0 9.0
1.7483926E7 1648913.0 8.0
1.7656714E7 2125642.0 9.0
1.7911587E7 2079320.0 11.0
1.7999763E7 2075321.0 10.0
1.8057385E7 2841866.0 11.0
1.8742794E7 1994821.0 4.0
1.8796516E7 2424225.0 12.0
1.8840604E7 2781783.0 11.0
1.8918118E7 1854010.0 4.0
1.8948093E7 2408833.0 10.0
1.8949493E7 2514406.0 11.0
1.8977391E7 1792190.0 5.0
1.8984331E7 2210594.0 6.0
1.914898E7 2112967.0 7.0
1.9179386E7 1798412.0 9.0
1.9183236E7 2770085.0 11.0
1.9241623E7 1514337.0 3.0
1.9282173E7 1784264.0 9.0
1.9388219E7 2057414.0 7.0
1.9426061E7 2109362.0 8.0
1.9494536E7 2237584.0 10.0
1.9552528E7 1784065.0 6.0
1.9587662E7 1687404.0 6.0
1.9610912E7 2199420.0 8.0
1.9668735E7 2809951.0 11.0
1.9880399E7 2344052.0 11.0
2.0038199E7 2313658.0 12.0
2.0046122E7 2233661.0 7.0
2.0090747E7 1575349.0 7.0
2.0196877E7 2406769.0 7.0
2.0226164E7 2211068.0 14.0
2.0232999E7 2110621.0 11.0
2.0264212E7 2079656.0 8.0
2.0270369E7 2323867.0 6.0
2.0290905E7 1985048.0 6.0
2.0337728E7 2247982.0 11.0
2.0353175E7 2288821.0 8.0
2.0398543E7 2398573.0 9.0
2.0543342E7 2222757.0 7.0
2.0556165E7 2336669.0 10.0
2.0581471E7 2289076.0 6.0
2.0750771E7 2768320.0 15.0
2.0771219E7 2289131.0 10.0
2.083745E7 2552846.0 14.0
2.0921257E7 2317084.0 9.0
2.0952091E7 2201260.0 8.0
2.1052342E7 2544924.0 8.0
2.1160294E7 2151697.0 8.0
2.12282E7 2119978.0 5.0
2.1277025E7 2423864.0 8.0
2.1290837E7 2276043.0 10.0
2.1358339E7 1460536.0 7.0
2.1433053E7 2011257.0 7.0
2.1436299E7 2564362.0 9.0
2.1457823E7 1781013.0 7.0
2.1510606E7 2634075.0 12.0
2.1527833E7 2844886.0 6.0
2.1758857E7 1712658.0 5.0
2.1762367E7 2458516.0 9.0
2.1812339E7 2384211.0 5.0
2.190859E7 2132492.0 10.0
2.201719E7 2434451.0 9.0
2.2109036E7 2290764.0 11.0
2.211053E7 2381106.0 6.0
2.2636405E7 1890231.0 9.0
2.2636882E7 1765343.0 5.0
2.2843956E7 1355774.0 6.0
2.2858725E7 2892286.0 7.0
2.2877128E7 2657127.0 14.0
2.2968507E7 2566434.0 10.0
2.3047214E7 2780464.0 10.0
2.3054857E7 2260737.0 8.0
2.3237027E7 1784789.0 7.0
2.3315842E7 1999609.0 9.0
2.3326926E7 2504218.0 10.0
2.3388065E7 2271031.0 9.0
2.3577709E7 2101654.0 7.0
2.3838989E7 2408262.0 11.0
2.4025505E7 2049562.0 8.0
2.408538E7 2719772.0 12.0
2.429467E7 2064656.0 8.0
2.4395401E7 2786229.0 11.0
2.4448947E7 2312000.0 8.0
2.4639095E7 2455483.0 11.0
2.4695248E7 1962918.0 9.0
2.4719982E7 2029586.0 9.0
2.4833731E7 2664686.0 11.0
2.491185E7 1730845.0 4.0
2.5533388E7 2009714.0 9.0
2.6036607E7 2020106.0 10.0
2.6334571E7 2741635.0 10.0
2.6919925E7 1829743.0 6.0
2.7233459E7 2488613.0 8.0
2.7489262E7 1675028.0 9.0
2.7631192E7 2406201.0 12.0
2.8661798E7 2080057.0 9.0
2.8941926E7 2415140.0 7.0
3.0289402E7 1771268.0 8.0
3.046226E7 2423230.0 8.0
