rev7.1
1154063.0 111750.0 6.0
1154823.0 138780.0 8.0
1192722.0 102584.0 5.0
1200216.0 105185.0 7.0
1200504.0 113080.0 5.0
1207767.0 102868.0 5.0
1225688.0 79646.0 3.0
1240817.0 96921.0 6.0
1249125.0 105352.0 4.0
1256242.0 115510.0 5.0
1260504.0 131072.0 4.0
1289884.0 134089.0 7.0
1293906.0 119587.0 4.0
1299475.0 99589.0 6.0
1300827.0 81147.0 4.0
1307953.0 156870.0 9.0
1311262.0 138146.0 6.0
1312213.0 95748.0 4.0
1312481.0 93149.0 6.0
1317489.0 134467.0 7.0
1334067.0 106476.0 6.0
1338832.0 118172.0 5.0
1345204.0 94546.0 4.0
1346355.0 155030.0 6.0
1356543.0 85987.0 4.0
1356623.0 96302.0 6.0
1361159.0 69904.0 2.0
1395728.0 165856.0 6.0
1396293.0 71364.0 3.0
1405396.0 84062.0 3.0
1411260.0 149405.0 6.0
1412887.0 142243.0 4.0
1413998.0 110601.0 6.0
1423013.0 103927.0 4.0
1430015.0 122321.0 7.0
1431063.0 138970.0 5.0
1431735.0 122095.0 8.0
1433285.0 120507.0 6.0
1437492.0 99045.0 5.0
1446903.0 103506.0 5.0
1452883.0 105730.0 4.0
1455724.0 62200.0 4.0
1456618.0 131809.0 6.0
1459952.0 96340.0 3.0
1470150.0 88098.0 4.0
1470917.0 118979.0 5.0
1482603.0 106839.0 4.0
1482610.0 162447.0 8.0
1486652.0 77226.0 4.0
1491703.0 96054.0 6.0
1497743.0 90701.0 4.0
1516100.0 87732.0 5.0
1534925.0 103015.0 6.0
1548446.0 152538.0 8.0
1560580.0 103352.0 3.0
1576293.0 69391.0 3.0
1580597.0 164985.0 8.0
1588121.0 96296.0 3.0
1592130.0 127777.0 7.0
1594090.0 105717.0 3.0
1607031.0 143191.0 7.0
1609092.0 83016.0 4.0
1616069.0 105542.0 5.0
1619535.0 121089.0 4.0
1628588.0 78979.0 4.0
1636345.0 104592.0 5.0
1641275.0 181960.0 10.0
1656113.0 168164.0 7.0
1658157.0 128679.0 6.0
1668390.0 125169.0 5.0
1680976.0 156821.0 7.0
1691209.0 118852.0 8.0
1695879.0 113550.0 6.0
1717262.0 99210.0 5.0
1725696.0 96555.0 8.0
1729164.0 95949.0 4.0
1732709.0 138360.0 5.0
1747795.0 117814.0 3.0
1749142.0 119754.0 8.0
1760322.0 135285.0 7.0
1770248.0 162298.0 7.0
1797080.0 109061.0 5.0
1806250.0 95912.0 4.0
1815282.0 107383.0 5.0
1815679.0 113689.0 3.0
1843178.0 84034.0 3.0
1854729.0 116170.0 5.0
1883068.0 111405.0 5.0
1886978.0 116650.0 8.0
1900344.0 85022.0 4.0
1919593.0 107842.0 6.0
1927277.0 150485.0 14.0
1945080.0 116432.0 6.0
1968243.0 108550.0 4.0
1995218.0 113025.0 6.0
2041407.0 156846.0 6.0
2070509.0 112362.0 5.0
2120356.0 96490.0 4.0
2424748.0 96447.0 4.0
2890535.0 159684.0 8.0
