rev7.1
1.167209E7 1.0 1.0
1.1815217E7 1.0 1.0
1.1835094E7 1.0 1.0
1.2051309E7 1.0 1.0
1.2394992E7 1.0 1.0
1.2395101E7 1.0 1.0
1.2562489E7 1.0 1.0
1.2633605E7 1.0 1.0
1.2648742E7 1.0 1.0
1.2721025E7 1.0 1.0
1.2775866E7 1.0 1.0
1.2892979E7 1.0 1.0
1.2914118E7 1.0 1.0
1.304967E7 1.0 1.0
1.3163218E7 1.0 1.0
1.31693E7 1.0 1.0
1.3170033E7 1.0 1.0
1.3301292E7 1.0 1.0
1.3340674E7 1.0 1.0
1.338977E7 1.0 1.0
1.3511431E7 1.0 1.0
1.3577358E7 1.0 1.0
1.3658959E7 1.0 1.0
1.369219E7 1.0 1.0
1.3784167E7 1.0 1.0
1.3853586E7 1.0 1.0
1.411441E7 1.0 1.0
1.411471E7 1.0 1.0
1.415989E7 1.0 1.0
1.4233945E7 1.0 1.0
1.4426232E7 1.0 1.0
1.4554299E7 1.0 1.0
1.4586223E7 1.0 1.0
1.4639752E7 1.0 1.0
1.4658495E7 1.0 1.0
1.4666927E7 1.0 1.0
1.4737614E7 1.0 1.0
1.4768575E7 1.0 1.0
1.4887194E7 1.0 1.0
1.4902324E7 1.0 1.0
1.5011375E7 1.0 1.0
1.5059355E7 1.0 1.0
1.5233637E7 1.0 1.0
1.5235046E7 1.0 1.0
1.5326889E7 1.0 1.0
1.5379815E7 1.0 1.0
1.5410865E7 1.0 1.0
1.5467556E7 1.0 1.0
1.5513332E7 1.0 1.0
1.5567393E7 1.0 1.0
1.5780402E7 1.0 1.0
1.5992432E7 1.0 1.0
1.6127474E7 1.0 1.0
1.6174385E7 1.0 1.0
1.6198432E7 1.0 1.0
1.6415043E7 1.0 1.0
1.6460762E7 1.0 1.0
1.6476401E7 1.0 1.0
1.6483954E7 1.0 1.0
1.6661376E7 1.0 1.0
1.6735491E7 1.0 1.0
1.6762591E7 1.0 1.0
1.6787121E7 1.0 1.0
1.6915636E7 1.0 1.0
1.7074116E7 1.0 1.0
1.709191E7 1.0 1.0
1.7093246E7 1.0 1.0
1.7450049E7 1.0 1.0
1.7605941E7 1.0 1.0
1.7672136E7 1.0 1.0
1.7800967E7 1.0 1.0
1.7901964E7 1.0 1.0
1.8236119E7 1.0 1.0
1.8299362E7 1.0 1.0
1.8651848E7 1.0 1.0
1.900845E7 1.0 1.0
1.9092982E7 1.0 1.0
1.9164194E7 1.0 1.0
1.9296548E7 1.0 1.0
1.9499701E7 1.0 1.0
1.9524867E7 1.0 1.0
1.9625645E7 1.0 1.0
1.9635822E7 1.0 1.0
1.9756084E7 1.0 1.0
1.993312E7 1.0 1.0
2.0012693E7 1.0 1.0
2.0068917E7 1.0 1.0
2.0443627E7 1.0 1.0
2.046833E7 1.0 1.0
2.0587586E7 1.0 1.0
2.1005636E7 1.0 1.0
2.1117292E7 1.0 1.0
2.1405777E7 1.0 1.0
2.1409225E7 1.0 1.0
2.1505961E7 1.0 1.0
2.1939297E7 1.0 1.0
2.3990599E7 1.0 1.0
2.4240596E7 1.0 1.0
2.4673652E7 1.0 1.0
2.6128149E7 1.0 1.0
