rev7
1355573.0 1.0 1.0
1370031.0 1.0 1.0
1414597.0 1.0 1.0
1475251.0 1.0 1.0
1479777.0 1.0 1.0
1505831.0 1.0 1.0
1640343.0 1.0 1.0
1693375.0 1.0 1.0
1766100.0 1.0 1.0
1770043.0 1.0 1.0
1770767.0 1.0 1.0
1773920.0 1.0 1.0
1787480.0 1.0 1.0
1791585.0 1.0 1.0
1801231.0 1.0 1.0
1807042.0 1.0 1.0
1836063.0 1.0 1.0
1847783.0 1.0 1.0
1857569.0 1.0 1.0
1867901.0 1.0 1.0
1876158.0 1.0 1.0
1885190.0 1.0 1.0
1904449.0 1.0 1.0
1912337.0 1.0 1.0
1932282.0 1.0 1.0
1934160.0 1.0 1.0
1953149.0 1.0 1.0
1953792.0 1.0 1.0
1971490.0 1.0 1.0
1979821.0 1.0 1.0
1981831.0 1.0 1.0
1996632.0 1.0 1.0
2004163.0 1.0 1.0
2017810.0 1.0 1.0
2046423.0 1.0 1.0
2053001.0 1.0 1.0
2069267.0 1.0 1.0
2074169.0 1.0 1.0
2105935.0 1.0 1.0
2119245.0 1.0 1.0
2135306.0 1.0 1.0
2143060.0 1.0 1.0
2150648.0 1.0 1.0
2165249.0 1.0 1.0
2172049.0 1.0 1.0
2180978.0 1.0 1.0
2189774.0 1.0 1.0
2204700.0 1.0 1.0
2208145.0 1.0 1.0
2210431.0 1.0 1.0
2216262.0 1.0 1.0
2220624.0 1.0 1.0
2225986.0 1.0 1.0
2226472.0 1.0 1.0
2228248.0 1.0 1.0
2234429.0 1.0 1.0
2245759.0 1.0 1.0
2259107.0 1.0 1.0
2260815.0 1.0 1.0
2267220.0 1.0 1.0
2273788.0 1.0 1.0
2280232.0 1.0 1.0
2288063.0 1.0 1.0
2309879.0 1.0 1.0
2323528.0 1.0 1.0
2337902.0 1.0 1.0
2343400.0 1.0 1.0
2344472.0 1.0 1.0
2394033.0 1.0 1.0
2429049.0 1.0 1.0
2456573.0 1.0 1.0
2462954.0 1.0 1.0
2480273.0 1.0 1.0
2492194.0 1.0 1.0
2516806.0 1.0 1.0
2560471.0 1.0 1.0
2568737.0 1.0 1.0
2575288.0 1.0 1.0
2584874.0 1.0 1.0
2587859.0 1.0 1.0
2624555.0 1.0 1.0
2630362.0 1.0 1.0
2662879.0 1.0 1.0
2712780.0 1.0 1.0
2729118.0 1.0 1.0
2758935.0 1.0 1.0
2807158.0 1.0 1.0
2862612.0 1.0 1.0
2873035.0 1.0 1.0
2905940.0 1.0 1.0
2999312.0 1.0 1.0
3025011.0 1.0 1.0
3065285.0 1.0 1.0
3088982.0 1.0 1.0
3133028.0 1.0 1.0
3293151.0 1.0 1.0
3341383.0 1.0 1.0
3426579.0 1.0 1.0
3674427.0 1.0 1.0
4108181.0 1.0 1.0
