rev7
248202.0 1.0 1.0
281979.0 1.0 1.0
290006.0 1.0 1.0
290956.0 1.0 1.0
291051.0 1.0 1.0
296583.0 1.0 1.0
299345.0 1.0 1.0
304854.0 1.0 1.0
305152.0 1.0 1.0
309743.0 1.0 1.0
312093.0 1.0 1.0
318901.0 1.0 1.0
329710.0 1.0 1.0
331718.0 1.0 1.0
343152.0 1.0 1.0
351123.0 1.0 1.0
352649.0 1.0 1.0
353494.0 1.0 1.0
353994.0 1.0 1.0
358091.0 1.0 1.0
365398.0 1.0 1.0
368137.0 1.0 1.0
368576.0 1.0 1.0
368693.0 1.0 1.0
373168.0 1.0 1.0
377908.0 1.0 1.0
378456.0 1.0 1.0
381628.0 1.0 1.0
387072.0 1.0 1.0
388972.0 1.0 1.0
395447.0 1.0 1.0
396284.0 1.0 1.0
399798.0 1.0 1.0
408284.0 1.0 1.0
409019.0 1.0 1.0
412994.0 1.0 1.0
428185.0 1.0 1.0
431666.0 1.0 1.0
438123.0 1.0 1.0
438947.0 1.0 1.0
439903.0 1.0 1.0
441620.0 1.0 1.0
442254.0 1.0 1.0
450425.0 1.0 1.0
460479.0 1.0 1.0
462893.0 1.0 1.0
467998.0 1.0 1.0
469813.0 1.0 1.0
472416.0 1.0 1.0
475129.0 1.0 1.0
478552.0 1.0 1.0
478616.0 1.0 1.0
479327.0 1.0 1.0
480206.0 1.0 1.0
480826.0 1.0 1.0
482605.0 1.0 1.0
483104.0 1.0 1.0
483560.0 1.0 1.0
483703.0 1.0 1.0
484548.0 1.0 1.0
485090.0 1.0 1.0
485722.0 1.0 1.0
485952.0 1.0 1.0
486401.0 1.0 1.0
497701.0 1.0 1.0
498822.0 1.0 1.0
502867.0 1.0 1.0
503988.0 1.0 1.0
505657.0 1.0 1.0
510829.0 1.0 1.0
512875.0 1.0 1.0
513434.0 1.0 1.0
518924.0 1.0 1.0
524239.0 1.0 1.0
540664.0 1.0 1.0
545436.0 1.0 1.0
549284.0 1.0 1.0
555647.0 1.0 1.0
572226.0 1.0 1.0
579269.0 1.0 1.0
601424.0 1.0 1.0
608837.0 1.0 1.0
611233.0 1.0 1.0
636525.0 1.0 1.0
652735.0 1.0 1.0
663613.0 1.0 1.0
668548.0 1.0 1.0
671438.0 1.0 1.0
677210.0 1.0 1.0
693980.0 1.0 1.0
702823.0 1.0 1.0
743756.0 1.0 1.0
755641.0 1.0 1.0
764317.0 1.0 1.0
851416.0 1.0 1.0
904909.0 1.0 1.0
925924.0 1.0 1.0
934466.0 1.0 1.0
1067854.0 1.0 1.0
1220069.0 1.0 1.0
