rev7.1
2394843.0 1.0 1.0
2448328.0 1.0 1.0
2479301.0 1.0 1.0
2527120.0 1.0 1.0
2534890.0 1.0 1.0
2582823.0 1.0 1.0
2595143.0 1.0 1.0
2650976.0 1.0 1.0
2790706.0 1.0 1.0
2847951.0 1.0 1.0
2864859.0 1.0 1.0
2960495.0 1.0 1.0
2987832.0 1.0 1.0
2993622.0 1.0 1.0
3022782.0 1.0 1.0
3027492.0 1.0 1.0
3030417.0 1.0 1.0
3040583.0 1.0 1.0
3040918.0 1.0 1.0
3068698.0 1.0 1.0
3097765.0 1.0 1.0
3121681.0 1.0 1.0
3173196.0 1.0 1.0
3177974.0 1.0 1.0
3178741.0 1.0 1.0
3191778.0 1.0 1.0
3218017.0 1.0 1.0
3224591.0 1.0 1.0
3273707.0 1.0 1.0
3301786.0 1.0 1.0
3304687.0 1.0 1.0
3355482.0 1.0 1.0
3378809.0 1.0 1.0
3391360.0 1.0 1.0
3439048.0 1.0 1.0
3454021.0 1.0 1.0
3465475.0 1.0 1.0
3492067.0 1.0 1.0
3497134.0 1.0 1.0
3521272.0 1.0 1.0
3527236.0 1.0 1.0
3555097.0 1.0 1.0
3574434.0 1.0 1.0
3574648.0 1.0 1.0
3586530.0 1.0 1.0
3634283.0 1.0 1.0
3647227.0 1.0 1.0
3662118.0 1.0 1.0
3663851.0 1.0 1.0
3677797.0 1.0 1.0
3689145.0 1.0 1.0
3705626.0 1.0 1.0
3734396.0 1.0 1.0
3746591.0 1.0 1.0
3767021.0 1.0 1.0
3774347.0 1.0 1.0
3789570.0 1.0 1.0
3791585.0 1.0 1.0
3806056.0 1.0 1.0
3816810.0 1.0 1.0
3840967.0 1.0 1.0
3851777.0 1.0 1.0
3855990.0 1.0 1.0
3865116.0 1.0 1.0
3872262.0 1.0 1.0
3883747.0 1.0 1.0
3901797.0 1.0 1.0
3956164.0 1.0 1.0
3986329.0 1.0 1.0
3993997.0 1.0 1.0
3996295.0 1.0 1.0
4004560.0 1.0 1.0
4028669.0 1.0 1.0
4047810.0 1.0 1.0
4059690.0 1.0 1.0
4067345.0 1.0 1.0
4076621.0 1.0 1.0
4128522.0 1.0 1.0
4132750.0 1.0 1.0
4235573.0 1.0 1.0
4248754.0 1.0 1.0
4251608.0 1.0 1.0
4283130.0 1.0 1.0
4288720.0 1.0 1.0
4375039.0 1.0 1.0
4378411.0 1.0 1.0
4385700.0 1.0 1.0
4437184.0 1.0 1.0
4490978.0 1.0 1.0
4518120.0 1.0 1.0
4691578.0 1.0 1.0
4718485.0 1.0 1.0
4782659.0 1.0 1.0
4972338.0 1.0 1.0
5301162.0 1.0 1.0
5424862.0 1.0 1.0
5484314.0 1.0 1.0
5725342.0 1.0 1.0
6035745.0 1.0 1.0
6308526.0 1.0 1.0
