rev6
49954.0 1.0 1.0
54150.0 1.0 1.0
57650.0 1.0 1.0
59085.0 1.0 1.0
60175.0 1.0 1.0
60564.0 1.0 1.0
62392.0 1.0 1.0
64894.0 1.0 1.0
65660.0 1.0 1.0
67676.0 1.0 1.0
68468.0 1.0 1.0
68784.0 1.0 1.0
68916.0 1.0 1.0
69811.0 1.0 1.0
71549.0 1.0 1.0
72548.0 1.0 1.0
73055.0 1.0 1.0
73057.0 1.0 1.0
73804.0 1.0 1.0
75159.0 1.0 1.0
75340.0 1.0 1.0
75649.0 1.0 1.0
75949.0 1.0 1.0
77320.0 1.0 1.0
77502.0 1.0 1.0
79074.0 1.0 1.0
79181.0 1.0 1.0
79699.0 1.0 1.0
81022.0 1.0 1.0
81702.0 1.0 1.0
83398.0 1.0 1.0
83696.0 1.0 1.0
85857.0 1.0 1.0
86176.0 1.0 1.0
86970.0 1.0 1.0
87336.0 1.0 1.0
87384.0 1.0 1.0
89504.0 1.0 1.0
91827.0 1.0 1.0
92535.0 1.0 1.0
93382.0 1.0 1.0
93509.0 1.0 1.0
93511.0 1.0 1.0
93953.0 1.0 1.0
96510.0 1.0 1.0
96614.0 1.0 1.0
97280.0 1.0 1.0
97783.0 1.0 1.0
98337.0 1.0 1.0
99324.0 1.0 1.0
100900.0 1.0 1.0
101635.0 1.0 1.0
101689.0 1.0 1.0
101763.0 1.0 1.0
102301.0 1.0 1.0
102807.0 1.0 1.0
103545.0 1.0 1.0
103662.0 1.0 1.0
104685.0 1.0 1.0
104712.0 1.0 1.0
104991.0 1.0 1.0
106495.0 1.0 1.0
109261.0 1.0 1.0
110507.0 1.0 1.0
113034.0 1.0 1.0
113863.0 1.0 1.0
113882.0 1.0 1.0
114448.0 1.0 1.0
117410.0 1.0 1.0
118600.0 1.0 1.0
118722.0 1.0 1.0
119875.0 1.0 1.0
120705.0 1.0 1.0
122833.0 1.0 1.0
123869.0 1.0 1.0
124498.0 1.0 1.0
125110.0 1.0 1.0
125507.0 1.0 1.0
125988.0 1.0 1.0
129162.0 1.0 1.0
131255.0 1.0 1.0
134252.0 1.0 1.0
134331.0 1.0 1.0
136925.0 1.0 1.0
137637.0 1.0 1.0
139316.0 1.0 1.0
139710.0 1.0 1.0
140448.0 1.0 1.0
141110.0 1.0 1.0
141722.0 1.0 1.0
143083.0 1.0 1.0
143828.0 1.0 1.0
146092.0 1.0 1.0
149460.0 1.0 1.0
151489.0 1.0 1.0
152935.0 1.0 1.0
162569.0 1.0 1.0
190896.0 1.0 1.0
194296.0 1.0 1.0
209083.0 1.0 1.0
