rev7
691625.0 1.0 1.0
694154.0 1.0 1.0
696542.0 1.0 1.0
698345.0 1.0 1.0
711200.0 1.0 1.0
726211.0 1.0 1.0
731782.0 1.0 1.0
738977.0 1.0 1.0
752217.0 1.0 1.0
775774.0 1.0 1.0
816163.0 1.0 1.0
833646.0 1.0 1.0
840311.0 1.0 1.0
848193.0 1.0 1.0
859988.0 1.0 1.0
867899.0 1.0 1.0
878525.0 1.0 1.0
910441.0 1.0 1.0
914131.0 1.0 1.0
925505.0 1.0 1.0
931353.0 1.0 1.0
942253.0 1.0 1.0
943168.0 1.0 1.0
960042.0 1.0 1.0
971434.0 1.0 1.0
973419.0 1.0 1.0
973475.0 1.0 1.0
985752.0 1.0 1.0
989439.0 1.0 1.0
996216.0 1.0 1.0
1017838.0 1.0 1.0
1025461.0 1.0 1.0
1043026.0 1.0 1.0
1046905.0 1.0 1.0
1056840.0 1.0 1.0
1059387.0 1.0 1.0
1061520.0 1.0 1.0
1070833.0 1.0 1.0
1078585.0 1.0 1.0
1094375.0 1.0 1.0
1095695.0 1.0 1.0
1096822.0 1.0 1.0
1102548.0 1.0 1.0
1111513.0 1.0 1.0
1122968.0 1.0 1.0
1129907.0 1.0 1.0
1136620.0 1.0 1.0
1139393.0 1.0 1.0
1139778.0 1.0 1.0
1145458.0 1.0 1.0
1146110.0 1.0 1.0
1153072.0 1.0 1.0
1157533.0 1.0 1.0
1161226.0 1.0 1.0
1173960.0 1.0 1.0
1186730.0 1.0 1.0
1188530.0 1.0 1.0
1195679.0 1.0 1.0
1200245.0 1.0 1.0
1203850.0 1.0 1.0
1210851.0 1.0 1.0
1215179.0 1.0 1.0
1218270.0 1.0 1.0
1220368.0 1.0 1.0
1223916.0 1.0 1.0
1227940.0 1.0 1.0
1258711.0 1.0 1.0
1264264.0 1.0 1.0
1269355.0 1.0 1.0
1284398.0 1.0 1.0
1317228.0 1.0 1.0
1324620.0 1.0 1.0
1325533.0 1.0 1.0
1329029.0 1.0 1.0
1333516.0 1.0 1.0
1360114.0 1.0 1.0
1361400.0 1.0 1.0
1401035.0 1.0 1.0
1421567.0 1.0 1.0
1446400.0 1.0 1.0
1457884.0 1.0 1.0
1476440.0 1.0 1.0
1479839.0 1.0 1.0
1485070.0 1.0 1.0
1499732.0 1.0 1.0
1500218.0 1.0 1.0
1504893.0 1.0 1.0
1513963.0 1.0 1.0
1534495.0 1.0 1.0
1563210.0 1.0 1.0
1600328.0 1.0 1.0
1606334.0 1.0 1.0
1617083.0 1.0 1.0
1633554.0 1.0 1.0
1687078.0 1.0 1.0
1693819.0 1.0 1.0
1746536.0 1.0 1.0
1889484.0 1.0 1.0
2012742.0 1.0 1.0
2154707.0 1.0 1.0
