rev1.1
1183759.0 221459.0 4.0
1184191.0 221598.0 4.0
1185359.0 222345.0 4.0
1198633.0 222922.0 4.0
1206793.0 223635.0 4.0
1216029.0 225431.0 4.0
1217667.0 225248.0 4.0
1221735.0 225782.0 4.0
1221887.0 226273.0 4.0
1228079.0 226249.0 4.0
1234445.0 227631.0 4.0
1235299.0 226920.0 4.0
1255763.0 230544.0 4.0
1262159.0 230891.0 4.0
1267853.0 231777.0 4.0
1269669.0 232026.0 4.0
1272281.0 232172.0 4.0
1274763.0 232599.0 4.0
1276557.0 233522.0 4.0
1284733.0 234477.0 4.0
1285539.0 234437.0 4.0
1287901.0 234227.0 4.0
1291857.0 235401.0 4.0
1293043.0 235217.0 4.0
1295713.0 235621.0 4.0
1300733.0 235233.0 4.0
1302207.0 235813.0 4.0
1302587.0 236244.0 4.0
1308353.0 236885.0 4.0
1310009.0 237467.0 4.0
1311787.0 237327.0 4.0
1311967.0 237179.0 4.0
1313663.0 237235.0 4.0
1317927.0 238961.0 4.0
1318501.0 238330.0 4.0
1328721.0 239401.0 4.0
1345077.0 241335.0 4.0
1345301.0 241378.0 4.0
1345569.0 241510.0 4.0
1348381.0 242047.0 4.0
1351307.0 242029.0 4.0
1352393.0 242085.0 4.0
1356161.0 242826.0 4.0
1356851.0 243315.0 4.0
1359373.0 242913.0 4.0
1365059.0 244194.0 4.0
1365131.0 243901.0 4.0
1366703.0 243617.0 4.0
1375547.0 245106.0 4.0
1386251.0 246593.0 4.0
1387381.0 246990.0 4.0
1387455.0 246552.0 4.0
1390513.0 247039.0 4.0
1397247.0 248246.0 4.0
1403513.0 248687.0 4.0
1403933.0 248993.0 4.0
1405565.0 248800.0 4.0
1407335.0 249241.0 4.0
1410807.0 250014.0 4.0
1419859.0 250765.0 4.0
1423993.0 251225.0 4.0
1425403.0 251207.0 4.0
1427635.0 251280.0 4.0
1428253.0 251375.0 4.0
1429931.0 251862.0 4.0
1433659.0 252771.0 4.0
1433669.0 252445.0 4.0
1434415.0 252992.0 4.0
1442623.0 253800.0 4.0
1447055.0 254263.0 4.0
1457923.0 255585.0 4.0
1458401.0 255054.0 4.0
1462969.0 255926.0 4.0
1463275.0 256179.0 4.0
1474247.0 257905.0 4.0
1475875.0 257822.0 4.0
1476759.0 258075.0 4.0
1482985.0 258313.0 4.0
1486089.0 259072.0 4.0
1494627.0 260343.0 4.0
1498795.0 260832.0 4.0
1500253.0 261246.0 4.0
1501613.0 261256.0 4.0
1509191.0 261814.0 4.0
1517075.0 263410.0 4.0
1524599.0 264364.0 4.0
1538521.0 266146.0 4.0
1543925.0 266484.0 4.0
1550689.0 266821.0 4.0
1552357.0 267507.0 4.0
1555545.0 267568.0 4.0
1562231.0 268380.0 4.0
1585307.0 271772.0 4.0
1586145.0 272046.0 4.0
1590551.0 272232.0 4.0
1653147.0 279725.0 4.0
1659641.0 280928.0 4.0
1704825.0 286614.0 4.0
1753439.0 292272.0 4.0
1810949.0 300510.0 4.0
