rev1.1
55405.0 11563.0 4.0
56917.0 11869.0 4.0
57441.0 11682.0 4.0
57713.0 11808.0 4.0
57913.0 11901.0 4.0
57927.0 11784.0 4.0
58533.0 12014.0 4.0
58839.0 11905.0 4.0
58981.0 11798.0 4.0
59101.0 11939.0 4.0
59215.0 11981.0 4.0
59391.0 11991.0 4.0
59737.0 11969.0 4.0
59759.0 12073.0 4.0
59989.0 12034.0 4.0
60061.0 12149.0 4.0
60121.0 12072.0 4.0
60409.0 12131.0 4.0
60897.0 12175.0 4.0
60973.0 12217.0 4.0
61345.0 12163.0 4.0
61411.0 12243.0 4.0
61573.0 12423.0 4.0
61667.0 12203.0 4.0
61917.0 12380.0 4.0
62213.0 12366.0 4.0
62313.0 12457.0 4.0
62691.0 12492.0 4.0
62701.0 12465.0 4.0
62869.0 12492.0 4.0
62969.0 12440.0 4.0
63019.0 12346.0 4.0
63191.0 12622.0 4.0
63217.0 12511.0 4.0
63363.0 12618.0 4.0
63627.0 12541.0 4.0
63701.0 12629.0 4.0
64001.0 12621.0 4.0
64037.0 12688.0 4.0
64143.0 12510.0 4.0
64229.0 12540.0 4.0
64275.0 12626.0 4.0
64683.0 12706.0 4.0
64893.0 12671.0 4.0
65043.0 12586.0 4.0
65797.0 12804.0 4.0
66183.0 12908.0 4.0
66373.0 12985.0 4.0
66555.0 12908.0 4.0
66719.0 12937.0 4.0
66993.0 13091.0 4.0
66997.0 12897.0 4.0
67121.0 12934.0 4.0
67135.0 12988.0 4.0
67149.0 13110.0 4.0
67519.0 12997.0 4.0
67663.0 13047.0 4.0
67731.0 13035.0 4.0
68009.0 13086.0 4.0
68057.0 12991.0 4.0
68757.0 13075.0 4.0
69305.0 13252.0 4.0
69439.0 13287.0 4.0
69447.0 13214.0 4.0
69561.0 13284.0 4.0
70111.0 13326.0 4.0
70123.0 13393.0 4.0
70135.0 13340.0 4.0
70169.0 13494.0 4.0
70353.0 13361.0 4.0
70973.0 13334.0 4.0
71301.0 13455.0 4.0
71329.0 13520.0 4.0
71427.0 13638.0 4.0
71923.0 13676.0 4.0
72453.0 13611.0 4.0
72507.0 13603.0 4.0
72989.0 13640.0 4.0
73355.0 13679.0 4.0
73517.0 13781.0 4.0
74109.0 13874.0 4.0
74395.0 13793.0 4.0
74943.0 14007.0 4.0
76263.0 14041.0 4.0
76679.0 14102.0 4.0
76985.0 14149.0 4.0
77315.0 14264.0 4.0
77607.0 14223.0 4.0
77719.0 14161.0 4.0
77859.0 14306.0 4.0
78155.0 14356.0 4.0
78441.0 14402.0 4.0
79677.0 14394.0 4.0
80417.0 14629.0 4.0
80483.0 14718.0 4.0
81391.0 14883.0 4.0
82733.0 14989.0 4.0
83617.0 15094.0 4.0
86245.0 15377.0 4.0
95743.0 16563.0 4.0
