rev1.1
2331.0 582.0 4.0
2363.0 590.0 4.0
2401.0 600.0 4.0
2449.0 615.0 4.0
2451.0 567.0 4.0
2509.0 564.0 4.0
2547.0 604.0 4.0
2569.0 639.0 4.0
2609.0 621.0 4.0
2611.0 638.0 4.0
2631.0 631.0 4.0
2641.0 603.0 4.0
2643.0 664.0 4.0
2673.0 639.0 4.0
2677.0 609.0 4.0
2685.0 634.0 4.0
2687.0 607.0 4.0
2689.0 627.0 4.0
2693.0 623.0 4.0
2719.0 646.0 4.0
2727.0 656.0 4.0
2727.0 630.0 4.0
2757.0 617.0 4.0
2757.0 640.0 4.0
2759.0 649.0 4.0
2785.0 645.0 4.0
2795.0 648.0 4.0
2813.0 666.0 4.0
2831.0 642.0 4.0
2841.0 655.0 4.0
2843.0 676.0 4.0
2845.0 641.0 4.0
2855.0 630.0 4.0
2871.0 667.0 4.0
2873.0 644.0 4.0
2873.0 628.0 4.0
2889.0 625.0 4.0
2889.0 678.0 4.0
2903.0 666.0 4.0
2915.0 691.0 4.0
2923.0 677.0 4.0
2931.0 671.0 4.0
2935.0 628.0 4.0
2941.0 641.0 4.0
2955.0 678.0 4.0
2963.0 680.0 4.0
2965.0 673.0 4.0
2967.0 640.0 4.0
2973.0 661.0 4.0
3013.0 682.0 4.0
3033.0 693.0 4.0
3075.0 685.0 4.0
3085.0 696.0 4.0
3105.0 701.0 4.0
3119.0 689.0 4.0
3133.0 712.0 4.0
3139.0 709.0 4.0
3165.0 681.0 4.0
3169.0 666.0 4.0
3173.0 691.0 4.0
3173.0 728.0 4.0
3209.0 710.0 4.0
3209.0 697.0 4.0
3217.0 701.0 4.0
3255.0 673.0 4.0
3287.0 693.0 4.0
3305.0 652.0 4.0
3309.0 740.0 4.0
3313.0 680.0 4.0
3361.0 694.0 4.0
3381.0 684.0 4.0
3383.0 742.0 4.0
3389.0 720.0 4.0
3395.0 703.0 4.0
3399.0 720.0 4.0
3405.0 732.0 4.0
3417.0 744.0 4.0
3433.0 724.0 4.0
3433.0 707.0 4.0
3491.0 713.0 4.0
3509.0 726.0 4.0
3517.0 732.0 4.0
3531.0 724.0 4.0
3585.0 780.0 4.0
3589.0 722.0 4.0
3627.0 752.0 4.0
3633.0 788.0 4.0
3693.0 750.0 4.0
3713.0 780.0 4.0
3723.0 784.0 4.0
3743.0 739.0 4.0
3763.0 748.0 4.0
3791.0 720.0 4.0
3807.0 808.0 4.0
3933.0 775.0 4.0
3935.0 804.0 4.0
3987.0 805.0 4.0
4177.0 792.0 4.0
4189.0 802.0 4.0
4245.0 796.0 4.0
