rev1.1
252029.0 49829.0 4.0
263709.0 51293.0 4.0
265971.0 51832.0 4.0
266561.0 51832.0 4.0
267433.0 51876.0 4.0
267563.0 51653.0 4.0
270297.0 52394.0 4.0
271597.0 52386.0 4.0
272055.0 52309.0 4.0
277663.0 52864.0 4.0
278037.0 53134.0 4.0
278463.0 52975.0 4.0
280227.0 53542.0 4.0
281997.0 53577.0 4.0
282525.0 53627.0 4.0
283681.0 53988.0 4.0
284269.0 53875.0 4.0
284533.0 53887.0 4.0
284855.0 54161.0 4.0
285041.0 54145.0 4.0
286299.0 54008.0 4.0
286629.0 54346.0 4.0
289285.0 54419.0 4.0
290177.0 54784.0 4.0
290353.0 54485.0 4.0
291785.0 54995.0 4.0
291973.0 55148.0 4.0
292387.0 54606.0 4.0
292555.0 55080.0 4.0
295199.0 54917.0 4.0
295527.0 55540.0 4.0
296127.0 55223.0 4.0
298165.0 55691.0 4.0
299785.0 55665.0 4.0
301307.0 56127.0 4.0
301375.0 55955.0 4.0
301839.0 56093.0 4.0
302031.0 55708.0 4.0
303835.0 56569.0 4.0
304233.0 56790.0 4.0
304677.0 56511.0 4.0
306721.0 56537.0 4.0
307291.0 56947.0 4.0
307659.0 56699.0 4.0
307917.0 56628.0 4.0
308555.0 57038.0 4.0
308743.0 56942.0 4.0
309227.0 56877.0 4.0
309651.0 57210.0 4.0
309863.0 57063.0 4.0
311371.0 57343.0 4.0
311667.0 57082.0 4.0
312579.0 57230.0 4.0
313761.0 57754.0 4.0
315167.0 57853.0 4.0
316213.0 57889.0 4.0
316353.0 57945.0 4.0
317715.0 58082.0 4.0
318745.0 58535.0 4.0
319135.0 58061.0 4.0
319769.0 58433.0 4.0
322063.0 58761.0 4.0
322083.0 58786.0 4.0
323417.0 58701.0 4.0
323875.0 58716.0 4.0
324899.0 59021.0 4.0
325397.0 58971.0 4.0
325491.0 58829.0 4.0
325557.0 58848.0 4.0
325585.0 58788.0 4.0
325937.0 59374.0 4.0
327091.0 59101.0 4.0
327205.0 59340.0 4.0
327299.0 59318.0 4.0
328331.0 59624.0 4.0
329323.0 59782.0 4.0
334705.0 60115.0 4.0
335811.0 60491.0 4.0
336757.0 60348.0 4.0
338035.0 60642.0 4.0
339265.0 61038.0 4.0
344817.0 61381.0 4.0
348545.0 61711.0 4.0
349025.0 62065.0 4.0
351267.0 62308.0 4.0
357467.0 63063.0 4.0
358601.0 63254.0 4.0
359655.0 63424.0 4.0
359721.0 63230.0 4.0
359979.0 63530.0 4.0
365063.0 63718.0 4.0
366551.0 64459.0 4.0
383635.0 66158.0 4.0
391159.0 67288.0 4.0
391249.0 67297.0 4.0
399239.0 68198.0 4.0
404019.0 68941.0 4.0
411551.0 70105.0 4.0
414037.0 70102.0 4.0
425357.0 71343.0 4.0
