rev1.1
118079.0 23983.0 4.0
118757.0 23999.0 4.0
118989.0 24065.0 4.0
119045.0 24081.0 4.0
121425.0 24357.0 4.0
121463.0 24416.0 4.0
121483.0 24218.0 4.0
125217.0 24803.0 4.0
125521.0 24969.0 4.0
126171.0 24973.0 4.0
126261.0 25059.0 4.0
127293.0 25274.0 4.0
127479.0 25068.0 4.0
128781.0 25222.0 4.0
129141.0 25115.0 4.0
130595.0 25538.0 4.0
130695.0 25491.0 4.0
131115.0 25375.0 4.0
131213.0 25509.0 4.0
131395.0 25495.0 4.0
131543.0 25512.0 4.0
132833.0 25789.0 4.0
132931.0 25961.0 4.0
133087.0 25839.0 4.0
133745.0 26083.0 4.0
133819.0 25871.0 4.0
133917.0 25926.0 4.0
134461.0 25940.0 4.0
134635.0 26149.0 4.0
134905.0 25894.0 4.0
136055.0 26149.0 4.0
136177.0 26280.0 4.0
136721.0 26354.0 4.0
137137.0 26494.0 4.0
137151.0 26322.0 4.0
137637.0 26345.0 4.0
137869.0 26473.0 4.0
138543.0 26465.0 4.0
138809.0 26708.0 4.0
139069.0 26363.0 4.0
139111.0 26732.0 4.0
139415.0 26384.0 4.0
139895.0 26805.0 4.0
140899.0 26755.0 4.0
141041.0 26684.0 4.0
141311.0 26726.0 4.0
142275.0 26739.0 4.0
142733.0 26888.0 4.0
142781.0 26973.0 4.0
143077.0 27039.0 4.0
143217.0 26954.0 4.0
143451.0 27288.0 4.0
143501.0 27158.0 4.0
144313.0 27273.0 4.0
144507.0 27119.0 4.0
145749.0 27503.0 4.0
145975.0 27419.0 4.0
146267.0 27495.0 4.0
146667.0 27449.0 4.0
147011.0 27654.0 4.0
147965.0 27685.0 4.0
149827.0 27903.0 4.0
150397.0 27847.0 4.0
150539.0 27967.0 4.0
151471.0 28291.0 4.0
152327.0 28204.0 4.0
152957.0 28244.0 4.0
153201.0 28151.0 4.0
153449.0 28438.0 4.0
153585.0 28504.0 4.0
154013.0 28436.0 4.0
154825.0 28633.0 4.0
155723.0 28566.0 4.0
157257.0 29065.0 4.0
158791.0 28927.0 4.0
159229.0 29236.0 4.0
159377.0 29145.0 4.0
159919.0 28956.0 4.0
160359.0 28923.0 4.0
161077.0 29195.0 4.0
161247.0 29467.0 4.0
161297.0 29214.0 4.0
163643.0 29722.0 4.0
165965.0 29954.0 4.0
166491.0 30097.0 4.0
166569.0 30122.0 4.0
169365.0 30270.0 4.0
171845.0 30423.0 4.0
171963.0 30727.0 4.0
172177.0 30810.0 4.0
173839.0 30729.0 4.0
175623.0 30956.0 4.0
181905.0 31986.0 4.0
183449.0 32075.0 4.0
186089.0 32535.0 4.0
187105.0 32649.0 4.0
188545.0 32580.0 4.0
188637.0 32960.0 4.0
225211.0 37243.0 4.0
259943.0 41725.0 4.0
