rev1.1
559531.0 106842.0 4.0
563943.0 107272.0 4.0
564989.0 107025.0 4.0
565421.0 107256.0 4.0
576601.0 108755.0 4.0
578455.0 109050.0 4.0
578843.0 109090.0 4.0
579105.0 109301.0 4.0
579811.0 108872.0 4.0
581823.0 109552.0 4.0
584565.0 109892.0 4.0
586917.0 110222.0 4.0
591713.0 111110.0 4.0
593687.0 111008.0 4.0
594753.0 111242.0 4.0
595329.0 111561.0 4.0
601243.0 111829.0 4.0
601431.0 112453.0 4.0
603345.0 112147.0 4.0
605137.0 112257.0 4.0
605541.0 112566.0 4.0
606815.0 112477.0 4.0
610289.0 112614.0 4.0
612301.0 113138.0 4.0
612821.0 113487.0 4.0
614469.0 113341.0 4.0
618059.0 113992.0 4.0
618193.0 113805.0 4.0
618351.0 113996.0 4.0
618689.0 113818.0 4.0
618837.0 114028.0 4.0
622129.0 114342.0 4.0
623373.0 114364.0 4.0
629027.0 115253.0 4.0
629549.0 115492.0 4.0
630479.0 115433.0 4.0
630553.0 115218.0 4.0
631129.0 115709.0 4.0
632131.0 115893.0 4.0
633529.0 115584.0 4.0
635001.0 116203.0 4.0
640361.0 116556.0 4.0
642167.0 117420.0 4.0
642433.0 116901.0 4.0
644559.0 117642.0 4.0
646433.0 117669.0 4.0
647149.0 117581.0 4.0
648127.0 117819.0 4.0
649629.0 117963.0 4.0
652643.0 118156.0 4.0
653717.0 118387.0 4.0
654105.0 118264.0 4.0
655069.0 118632.0 4.0
655375.0 118914.0 4.0
656163.0 118612.0 4.0
657429.0 118541.0 4.0
658997.0 118702.0 4.0
660465.0 119344.0 4.0
663303.0 119690.0 4.0
664527.0 119523.0 4.0
664929.0 119524.0 4.0
665543.0 120189.0 4.0
667043.0 120350.0 4.0
669317.0 120379.0 4.0
670375.0 120676.0 4.0
674459.0 120990.0 4.0
674913.0 120625.0 4.0
676743.0 121208.0 4.0
677375.0 121595.0 4.0
677905.0 121214.0 4.0
685969.0 122145.0 4.0
687585.0 122809.0 4.0
689341.0 123480.0 4.0
701877.0 124372.0 4.0
702685.0 124123.0 4.0
706157.0 125048.0 4.0
707077.0 125130.0 4.0
707613.0 125030.0 4.0
710893.0 125163.0 4.0
712419.0 126016.0 4.0
714889.0 126191.0 4.0
716693.0 126192.0 4.0
722935.0 126816.0 4.0
728769.0 127969.0 4.0
731325.0 127793.0 4.0
736843.0 128870.0 4.0
743743.0 129514.0 4.0
745389.0 129628.0 4.0
746249.0 129752.0 4.0
748697.0 130776.0 4.0
754821.0 130938.0 4.0
760907.0 131982.0 4.0
766803.0 132650.0 4.0
769055.0 133068.0 4.0
776673.0 133647.0 4.0
790829.0 135614.0 4.0
809965.0 137672.0 4.0
836281.0 141458.0 4.0
849483.0 142667.0 4.0
872029.0 145467.0 4.0
