rev1.1
841.0 253.0 4.0
959.0 252.0 4.0
1039.0 271.0 4.0
1041.0 271.0 4.0
1071.0 265.0 4.0
1073.0 269.0 4.0
1073.0 291.0 4.0
1105.0 279.0 4.0
1111.0 281.0 4.0
1123.0 274.0 4.0
1127.0 293.0 4.0
1139.0 294.0 4.0
1143.0 295.0 4.0
1149.0 292.0 4.0
1161.0 302.0 4.0
1165.0 276.0 4.0
1179.0 299.0 4.0
1199.0 304.0 4.0
1199.0 335.0 4.0
1203.0 308.0 4.0
1207.0 266.0 4.0
1217.0 280.0 4.0
1225.0 318.0 4.0
1227.0 288.0 4.0
1229.0 332.0 4.0
1235.0 314.0 4.0
1235.0 317.0 4.0
1235.0 319.0 4.0
1239.0 294.0 4.0
1257.0 316.0 4.0
1261.0 310.0 4.0
1261.0 317.0 4.0
1263.0 337.0 4.0
1265.0 327.0 4.0
1271.0 301.0 4.0
1273.0 306.0 4.0
1275.0 318.0 4.0
1277.0 315.0 4.0
1279.0 303.0 4.0
1281.0 330.0 4.0
1283.0 329.0 4.0
1295.0 311.0 4.0
1297.0 327.0 4.0
1299.0 335.0 4.0
1301.0 329.0 4.0
1317.0 318.0 4.0
1325.0 347.0 4.0
1331.0 339.0 4.0
1341.0 297.0 4.0
1349.0 321.0 4.0
1351.0 329.0 4.0
1359.0 345.0 4.0
1369.0 319.0 4.0
1375.0 345.0 4.0
1379.0 306.0 4.0
1393.0 325.0 4.0
1405.0 333.0 4.0
1409.0 309.0 4.0
1411.0 300.0 4.0
1415.0 323.0 4.0
1415.0 300.0 4.0
1421.0 349.0 4.0
1425.0 328.0 4.0
1429.0 346.0 4.0
1435.0 326.0 4.0
1437.0 326.0 4.0
1445.0 336.0 4.0
1457.0 324.0 4.0
1467.0 316.0 4.0
1471.0 319.0 4.0
1473.0 360.0 4.0
1497.0 349.0 4.0
1525.0 338.0 4.0
1535.0 359.0 4.0
1537.0 372.0 4.0
1567.0 343.0 4.0
1571.0 354.0 4.0
1575.0 376.0 4.0
1595.0 377.0 4.0
1599.0 359.0 4.0
1599.0 332.0 4.0
1601.0 350.0 4.0
1605.0 352.0 4.0
1623.0 355.0 4.0
1627.0 370.0 4.0
1651.0 360.0 4.0
1659.0 352.0 4.0
1669.0 351.0 4.0
1717.0 355.0 4.0
1739.0 389.0 4.0
1741.0 362.0 4.0
1763.0 364.0 4.0
1793.0 398.0 4.0
1815.0 409.0 4.0
1935.0 394.0 4.0
1953.0 392.0 4.0
1997.0 386.0 4.0
2091.0 404.0 4.0
2111.0 440.0 4.0
2213.0 448.0 4.0
