rev1.1
10207.0 2405.0 4.0
10465.0 2466.0 4.0
10965.0 2527.0 4.0
11231.0 2553.0 4.0
11503.0 2567.0 4.0
11791.0 2654.0 4.0
11831.0 2635.0 4.0
11949.0 2613.0 4.0
11957.0 2648.0 4.0
12141.0 2718.0 4.0
12157.0 2604.0 4.0
12277.0 2697.0 4.0
12405.0 2758.0 4.0
12719.0 2749.0 4.0
12849.0 2845.0 4.0
13025.0 2703.0 4.0
13039.0 2830.0 4.0
13129.0 2859.0 4.0
13131.0 2767.0 4.0
13205.0 2867.0 4.0
13403.0 2735.0 4.0
13407.0 2770.0 4.0
13411.0 2873.0 4.0
13415.0 2774.0 4.0
13417.0 2828.0 4.0
13437.0 2840.0 4.0
13451.0 2832.0 4.0
13481.0 2794.0 4.0
13491.0 2908.0 4.0
13493.0 2791.0 4.0
13663.0 2845.0 4.0
13707.0 2858.0 4.0
13737.0 2842.0 4.0
13753.0 2861.0 4.0
13759.0 2853.0 4.0
13803.0 2932.0 4.0
13963.0 2866.0 4.0
13963.0 2879.0 4.0
13993.0 2901.0 4.0
14033.0 2900.0 4.0
14035.0 2934.0 4.0
14083.0 2892.0 4.0
14145.0 2880.0 4.0
14185.0 2937.0 4.0
14233.0 2877.0 4.0
14247.0 2947.0 4.0
14249.0 2893.0 4.0
14281.0 2882.0 4.0
14407.0 2933.0 4.0
14461.0 2993.0 4.0
14471.0 2932.0 4.0
14491.0 2951.0 4.0
14565.0 2991.0 4.0
14583.0 2998.0 4.0
14585.0 2970.0 4.0
14881.0 2995.0 4.0
14949.0 3022.0 4.0
14965.0 3049.0 4.0
15039.0 3116.0 4.0
15063.0 3097.0 4.0
15125.0 3096.0 4.0
15173.0 3048.0 4.0
15209.0 3047.0 4.0
15273.0 3091.0 4.0
15349.0 3156.0 4.0
15415.0 3170.0 4.0
15469.0 3038.0 4.0
15609.0 3046.0 4.0
15639.0 3048.0 4.0
15743.0 3078.0 4.0
15761.0 3107.0 4.0
15893.0 3125.0 4.0
15897.0 3112.0 4.0
15899.0 3146.0 4.0
16135.0 3136.0 4.0
16193.0 3143.0 4.0
16221.0 3169.0 4.0
16327.0 3251.0 4.0
16445.0 3187.0 4.0
16485.0 3188.0 4.0
16549.0 3199.0 4.0
16623.0 3248.0 4.0
16905.0 3187.0 4.0
16951.0 3247.0 4.0
16995.0 3276.0 4.0
17171.0 3234.0 4.0
17205.0 3329.0 4.0
17749.0 3324.0 4.0
17843.0 3366.0 4.0
18043.0 3440.0 4.0
18137.0 3441.0 4.0
18671.0 3509.0 4.0
18849.0 3538.0 4.0
18971.0 3479.0 4.0
19063.0 3560.0 4.0
19099.0 3515.0 4.0
19191.0 3595.0 4.0
20727.0 3681.0 4.0
20919.0 3737.0 4.0
21077.0 3774.0 4.0
