rev1.1
24311.0 5303.0 4.0
25455.0 5421.0 4.0
26537.0 5658.0 4.0
26689.0 5539.0 4.0
26707.0 5674.0 4.0
26755.0 5470.0 4.0
26905.0 5684.0 4.0
26939.0 5594.0 4.0
27055.0 5634.0 4.0
27341.0 5651.0 4.0
27567.0 5767.0 4.0
28027.0 5821.0 4.0
28121.0 5824.0 4.0
28291.0 5881.0 4.0
28449.0 5772.0 4.0
28637.0 5809.0 4.0
28713.0 6006.0 4.0
28833.0 5930.0 4.0
28849.0 5963.0 4.0
28857.0 5944.0 4.0
28885.0 5948.0 4.0
29005.0 5856.0 4.0
29063.0 5972.0 4.0
29283.0 5964.0 4.0
29323.0 6105.0 4.0
29335.0 6079.0 4.0
29393.0 5974.0 4.0
29461.0 5967.0 4.0
29495.0 6071.0 4.0
29573.0 6054.0 4.0
29639.0 5981.0 4.0
29699.0 6027.0 4.0
29871.0 6017.0 4.0
29945.0 6000.0 4.0
29955.0 6050.0 4.0
29985.0 6108.0 4.0
30117.0 6193.0 4.0
30323.0 6051.0 4.0
30875.0 6132.0 4.0
31037.0 6198.0 4.0
31037.0 6097.0 4.0
31257.0 6164.0 4.0
31271.0 6280.0 4.0
31429.0 6248.0 4.0
31453.0 6221.0 4.0
31483.0 6158.0 4.0
31695.0 6287.0 4.0
31711.0 6234.0 4.0
31787.0 6084.0 4.0
31827.0 6370.0 4.0
32013.0 6337.0 4.0
32049.0 6393.0 4.0
32447.0 6422.0 4.0
32457.0 6342.0 4.0
32471.0 6275.0 4.0
32535.0 6344.0 4.0
32611.0 6473.0 4.0
32677.0 6381.0 4.0
32701.0 6371.0 4.0
32889.0 6382.0 4.0
32955.0 6453.0 4.0
33037.0 6407.0 4.0
33135.0 6406.0 4.0
33177.0 6488.0 4.0
33377.0 6516.0 4.0
33561.0 6562.0 4.0
33637.0 6559.0 4.0
33919.0 6584.0 4.0
33927.0 6550.0 4.0
33995.0 6486.0 4.0
34107.0 6608.0 4.0
34241.0 6574.0 4.0
34363.0 6556.0 4.0
34619.0 6757.0 4.0
34827.0 6777.0 4.0
35007.0 6604.0 4.0
35123.0 6676.0 4.0
35547.0 6865.0 4.0
35657.0 6779.0 4.0
35719.0 6650.0 4.0
35863.0 6702.0 4.0
36029.0 6874.0 4.0
36035.0 6792.0 4.0
36277.0 6879.0 4.0
36359.0 6782.0 4.0
36475.0 6862.0 4.0
36973.0 6988.0 4.0
37029.0 6988.0 4.0
37195.0 6990.0 4.0
37451.0 6897.0 4.0
37475.0 6901.0 4.0
37561.0 7054.0 4.0
37663.0 7039.0 4.0
37719.0 7116.0 4.0
37835.0 7010.0 4.0
38967.0 7232.0 4.0
40633.0 7467.0 4.0
41823.0 7537.0 4.0
44445.0 7864.0 4.0
58389.0 9667.0 4.0
