rev1.1
4513.0 1125.0 4.0
4719.0 1155.0 4.0
4923.0 1197.0 4.0
4989.0 1209.0 4.0
5415.0 1271.0 4.0
5505.0 1274.0 4.0
5575.0 1296.0 4.0
5613.0 1247.0 4.0
5649.0 1271.0 4.0
5657.0 1258.0 4.0
5675.0 1320.0 4.0
5691.0 1291.0 4.0
5731.0 1308.0 4.0
5753.0 1310.0 4.0
5813.0 1326.0 4.0
5831.0 1288.0 4.0
5855.0 1327.0 4.0
5875.0 1230.0 4.0
5947.0 1317.0 4.0
5955.0 1347.0 4.0
5963.0 1304.0 4.0
5977.0 1325.0 4.0
6015.0 1325.0 4.0
6017.0 1288.0 4.0
6033.0 1309.0 4.0
6039.0 1323.0 4.0
6057.0 1410.0 4.0
6087.0 1350.0 4.0
6119.0 1380.0 4.0
6153.0 1350.0 4.0
6155.0 1343.0 4.0
6159.0 1393.0 4.0
6175.0 1367.0 4.0
6179.0 1372.0 4.0
6179.0 1348.0 4.0
6189.0 1380.0 4.0
6191.0 1421.0 4.0
6223.0 1435.0 4.0
6231.0 1340.0 4.0
6249.0 1355.0 4.0
6255.0 1385.0 4.0
6263.0 1357.0 4.0
6279.0 1374.0 4.0
6319.0 1313.0 4.0
6353.0 1382.0 4.0
6391.0 1412.0 4.0
6405.0 1320.0 4.0
6445.0 1345.0 4.0
6459.0 1335.0 4.0
6505.0 1450.0 4.0
6563.0 1384.0 4.0
6603.0 1432.0 4.0
6603.0 1379.0 4.0
6625.0 1399.0 4.0
6691.0 1409.0 4.0
6715.0 1391.0 4.0
6743.0 1398.0 4.0
6825.0 1475.0 4.0
6837.0 1463.0 4.0
6879.0 1452.0 4.0
6881.0 1462.0 4.0
6899.0 1402.0 4.0
6919.0 1469.0 4.0
7011.0 1436.0 4.0
7059.0 1488.0 4.0
7065.0 1460.0 4.0
7069.0 1473.0 4.0
7105.0 1437.0 4.0
7145.0 1477.0 4.0
7175.0 1449.0 4.0
7227.0 1430.0 4.0
7277.0 1474.0 4.0
7303.0 1499.0 4.0
7315.0 1534.0 4.0
7319.0 1501.0 4.0
7327.0 1439.0 4.0
7367.0 1474.0 4.0
7407.0 1557.0 4.0
7415.0 1520.0 4.0
7499.0 1514.0 4.0
7507.0 1583.0 4.0
7601.0 1577.0 4.0
7615.0 1508.0 4.0
7667.0 1527.0 4.0
7721.0 1609.0 4.0
7727.0 1554.0 4.0
7815.0 1560.0 4.0
7863.0 1627.0 4.0
7997.0 1603.0 4.0
8043.0 1602.0 4.0
8045.0 1592.0 4.0
8349.0 1688.0 4.0
8355.0 1666.0 4.0
8777.0 1695.0 4.0
8823.0 1688.0 4.0
8959.0 1714.0 4.0
9069.0 1708.0 4.0
9089.0 1691.0 4.0
9273.0 1709.0 4.0
9481.0 1758.0 4.0
