rev1.1
59493.0 13271.0 4.0
63181.0 13985.0 4.0
64641.0 14014.0 4.0
64659.0 14298.0 4.0
64679.0 14223.0 4.0
64987.0 14185.0 4.0
65397.0 14296.0 4.0
65625.0 14293.0 4.0
66075.0 14384.0 4.0
66877.0 14460.0 4.0
67031.0 14567.0 4.0
67059.0 14530.0 4.0
67207.0 14254.0 4.0
67227.0 14343.0 4.0
67541.0 14576.0 4.0
67759.0 14465.0 4.0
67783.0 14512.0 4.0
69121.0 14658.0 4.0
69163.0 14704.0 4.0
69271.0 14747.0 4.0
69383.0 14868.0 4.0
69945.0 14824.0 4.0
70061.0 14956.0 4.0
70135.0 14759.0 4.0
70425.0 14611.0 4.0
70485.0 14873.0 4.0
70489.0 14572.0 4.0
70827.0 14571.0 4.0
70923.0 14606.0 4.0
71761.0 14816.0 4.0
71855.0 14896.0 4.0
71895.0 15141.0 4.0
72029.0 15057.0 4.0
72089.0 15156.0 4.0
72093.0 15304.0 4.0
72147.0 15024.0 4.0
72445.0 15276.0 4.0
72807.0 14973.0 4.0
73069.0 15005.0 4.0
73169.0 15358.0 4.0
73377.0 15241.0 4.0
73609.0 15327.0 4.0
73681.0 15191.0 4.0
74219.0 15540.0 4.0
74335.0 15332.0 4.0
74431.0 15333.0 4.0
74871.0 15315.0 4.0
75051.0 15617.0 4.0
75359.0 15264.0 4.0
75441.0 15725.0 4.0
75719.0 15490.0 4.0
75885.0 15167.0 4.0
75931.0 15643.0 4.0
75967.0 15368.0 4.0
76017.0 15516.0 4.0
76195.0 15263.0 4.0
76249.0 15513.0 4.0
76673.0 15651.0 4.0
76773.0 15778.0 4.0
76855.0 15775.0 4.0
76875.0 15776.0 4.0
76961.0 15648.0 4.0
77081.0 15933.0 4.0
77111.0 15657.0 4.0
77143.0 15874.0 4.0
77301.0 15651.0 4.0
77513.0 15849.0 4.0
77587.0 15558.0 4.0
77803.0 15895.0 4.0
77875.0 15655.0 4.0
78277.0 15963.0 4.0
78511.0 15837.0 4.0
78673.0 15831.0 4.0
79807.0 15822.0 4.0
79851.0 16091.0 4.0
80089.0 15813.0 4.0
80979.0 16182.0 4.0
81575.0 16219.0 4.0
81931.0 16170.0 4.0
82299.0 16337.0 4.0
82633.0 16367.0 4.0
82691.0 16428.0 4.0
84005.0 16645.0 4.0
84581.0 16650.0 4.0
84731.0 16596.0 4.0
84951.0 16560.0 4.0
85377.0 16791.0 4.0
85445.0 16737.0 4.0
86813.0 16740.0 4.0
86855.0 16999.0 4.0
88867.0 17227.0 4.0
88949.0 17064.0 4.0
89595.0 17182.0 4.0
90311.0 17312.0 4.0
93067.0 17509.0 4.0
93481.0 18099.0 4.0
94041.0 17749.0 4.0
99503.0 18309.0 4.0
99727.0 18460.0 4.0
108993.0 19672.0 4.0
