rev1.1
5859.0 1398.0 4.0
6067.0 1527.0 4.0
6121.0 1561.0 4.0
6225.0 1595.0 4.0
6353.0 1558.0 4.0
6477.0 1657.0 4.0
6497.0 1495.0 4.0
6529.0 1538.0 4.0
6539.0 1523.0 4.0
6545.0 1575.0 4.0
6663.0 1510.0 4.0
6713.0 1554.0 4.0
6725.0 1595.0 4.0
6725.0 1664.0 4.0
6779.0 1614.0 4.0
6793.0 1633.0 4.0
6907.0 1618.0 4.0
6937.0 1636.0 4.0
6945.0 1646.0 4.0
6987.0 1651.0 4.0
7003.0 1562.0 4.0
7017.0 1583.0 4.0
7023.0 1560.0 4.0
7027.0 1631.0 4.0
7047.0 1633.0 4.0
7127.0 1695.0 4.0
7157.0 1680.0 4.0
7197.0 1626.0 4.0
7209.0 1639.0 4.0
7211.0 1606.0 4.0
7217.0 1760.0 4.0
7221.0 1685.0 4.0
7237.0 1723.0 4.0
7313.0 1694.0 4.0
7329.0 1654.0 4.0
7333.0 1708.0 4.0
7369.0 1712.0 4.0
7401.0 1809.0 4.0
7409.0 1720.0 4.0
7441.0 1668.0 4.0
7451.0 1637.0 4.0
7489.0 1716.0 4.0
7503.0 1606.0 4.0
7599.0 1667.0 4.0
7631.0 1692.0 4.0
7655.0 1658.0 4.0
7717.0 1740.0 4.0
7743.0 1720.0 4.0
7749.0 1777.0 4.0
7759.0 1718.0 4.0
7777.0 1760.0 4.0
7781.0 1730.0 4.0
7807.0 1716.0 4.0
7923.0 1668.0 4.0
7933.0 1778.0 4.0
8009.0 1828.0 4.0
8015.0 1813.0 4.0
8017.0 1794.0 4.0
8033.0 1828.0 4.0
8077.0 1793.0 4.0
8211.0 1841.0 4.0
8237.0 1788.0 4.0
8241.0 1788.0 4.0
8291.0 1798.0 4.0
8311.0 1725.0 4.0
8315.0 1826.0 4.0
8367.0 1774.0 4.0
8389.0 1831.0 4.0
8445.0 1805.0 4.0
8453.0 1816.0 4.0
8471.0 1885.0 4.0
8525.0 1851.0 4.0
8539.0 1883.0 4.0
8555.0 1946.0 4.0
8609.0 1857.0 4.0
8613.0 1876.0 4.0
8635.0 1755.0 4.0
8645.0 1865.0 4.0
8651.0 1859.0 4.0
8659.0 1808.0 4.0
8673.0 1804.0 4.0
8735.0 1862.0 4.0
8753.0 1939.0 4.0
8883.0 1824.0 4.0
8929.0 1971.0 4.0
9047.0 1896.0 4.0
9159.0 1803.0 4.0
9243.0 1863.0 4.0
9327.0 2022.0 4.0
9391.0 2006.0 4.0
9463.0 1946.0 4.0
9533.0 1930.0 4.0
9553.0 1946.0 4.0
9601.0 1931.0 4.0
9617.0 2044.0 4.0
9621.0 1978.0 4.0
9655.0 2012.0 4.0
10099.0 1968.0 4.0
10393.0 2161.0 4.0
14675.0 2637.0 4.0
