rev1.1
1256471.0 252087.0 4.0
1259555.0 252929.0 4.0
1265543.0 253727.0 4.0
1265779.0 252851.0 4.0
1273071.0 254021.0 4.0
1273161.0 254244.0 4.0
1274825.0 253858.0 4.0
1278903.0 254990.0 4.0
1289557.0 255793.0 4.0
1290573.0 256617.0 4.0
1291293.0 256594.0 4.0
1304355.0 256994.0 4.0
1310299.0 258153.0 4.0
1324489.0 260090.0 4.0
1324963.0 260322.0 4.0
1325913.0 260537.0 4.0
1328927.0 260984.0 4.0
1331941.0 260876.0 4.0
1342903.0 261894.0 4.0
1349419.0 263281.0 4.0
1349447.0 263725.0 4.0
1357643.0 263910.0 4.0
1363081.0 265708.0 4.0
1365987.0 266083.0 4.0
1368747.0 265437.0 4.0
1374973.0 267054.0 4.0
1375237.0 266160.0 4.0
1376965.0 266635.0 4.0
1384461.0 267819.0 4.0
1386119.0 268046.0 4.0
1389265.0 269254.0 4.0
1395319.0 269213.0 4.0
1397753.0 269109.0 4.0
1401931.0 270448.0 4.0
1403671.0 271055.0 4.0
1403787.0 270483.0 4.0
1403893.0 270604.0 4.0
1408193.0 270906.0 4.0
1409295.0 271377.0 4.0
1409697.0 271352.0 4.0
1416147.0 271969.0 4.0
1416331.0 272518.0 4.0
1416807.0 272566.0 4.0
1417531.0 271752.0 4.0
1419321.0 272601.0 4.0
1425411.0 272260.0 4.0
1430549.0 273881.0 4.0
1433249.0 274206.0 4.0
1435897.0 274931.0 4.0
1438923.0 275622.0 4.0
1439329.0 274445.0 4.0
1445103.0 276008.0 4.0
1447833.0 275732.0 4.0
1448179.0 276823.0 4.0
1453369.0 276477.0 4.0
1453987.0 276987.0 4.0
1456657.0 277247.0 4.0
1457167.0 277088.0 4.0
1458153.0 276153.0 4.0
1463671.0 276894.0 4.0
1468661.0 278356.0 4.0
1472355.0 279171.0 4.0
1472565.0 279345.0 4.0
1477049.0 279401.0 4.0
1483455.0 280960.0 4.0
1484717.0 280455.0 4.0
1485041.0 281727.0 4.0
1485417.0 280684.0 4.0
1487055.0 281082.0 4.0
1487585.0 280910.0 4.0
1488221.0 280742.0 4.0
1489751.0 282090.0 4.0
1491383.0 282505.0 4.0
1497635.0 281636.0 4.0
1498831.0 281230.0 4.0
1502875.0 283661.0 4.0
1508477.0 283357.0 4.0
1519645.0 284557.0 4.0
1522565.0 285183.0 4.0
1525179.0 285541.0 4.0
1540037.0 286920.0 4.0
1546409.0 288658.0 4.0
1550179.0 289370.0 4.0
1551497.0 288590.0 4.0
1553115.0 289698.0 4.0
1557843.0 289378.0 4.0
1561239.0 291072.0 4.0
1567853.0 290791.0 4.0
1575633.0 291565.0 4.0
1586607.0 293016.0 4.0
1586963.0 293005.0 4.0
1597791.0 294491.0 4.0
1604853.0 294955.0 4.0
1611031.0 296159.0 4.0
1611359.0 296488.0 4.0
1612147.0 296627.0 4.0
1670313.0 302916.0 4.0
1682807.0 305308.0 4.0
1748021.0 314332.0 4.0
2046111.0 351251.0 4.0
