rev1.1
275065.0 57996.0 4.0
278595.0 58850.0 4.0
281287.0 59420.0 4.0
285351.0 59667.0 4.0
285897.0 59476.0 4.0
288489.0 59928.0 4.0
288739.0 60225.0 4.0
289949.0 60258.0 4.0
290037.0 60551.0 4.0
292121.0 60526.0 4.0
292915.0 60456.0 4.0
293337.0 60678.0 4.0
296495.0 61192.0 4.0
298149.0 61197.0 4.0
298271.0 60903.0 4.0
298907.0 61675.0 4.0
299191.0 61747.0 4.0
301729.0 61278.0 4.0
303121.0 61800.0 4.0
304251.0 61671.0 4.0
306335.0 62006.0 4.0
306779.0 61927.0 4.0
307343.0 62295.0 4.0
309201.0 62622.0 4.0
309965.0 62525.0 4.0
310131.0 62791.0 4.0
310455.0 62682.0 4.0
310637.0 63002.0 4.0
311995.0 63039.0 4.0
312223.0 63346.0 4.0
312899.0 63091.0 4.0
314407.0 63116.0 4.0
316395.0 63928.0 4.0
316697.0 63683.0 4.0
316869.0 63729.0 4.0
316999.0 63347.0 4.0
317043.0 63828.0 4.0
317181.0 63936.0 4.0
319207.0 64004.0 4.0
319381.0 64183.0 4.0
320553.0 64065.0 4.0
320575.0 64043.0 4.0
320869.0 63769.0 4.0
321129.0 64067.0 4.0
321255.0 64220.0 4.0
323167.0 64092.0 4.0
323769.0 64563.0 4.0
325227.0 64713.0 4.0
325757.0 64825.0 4.0
326411.0 65074.0 4.0
326523.0 64654.0 4.0
326793.0 64687.0 4.0
328021.0 65268.0 4.0
328047.0 65554.0 4.0
328679.0 64563.0 4.0
328715.0 65021.0 4.0
330363.0 65453.0 4.0
331167.0 65449.0 4.0
331203.0 65241.0 4.0
331909.0 65240.0 4.0
332759.0 65599.0 4.0
332989.0 65748.0 4.0
333765.0 65349.0 4.0
334039.0 65716.0 4.0
335061.0 65621.0 4.0
335829.0 66348.0 4.0
335965.0 66099.0 4.0
336975.0 66558.0 4.0
337475.0 66129.0 4.0
339637.0 66430.0 4.0
339691.0 66056.0 4.0
340341.0 66169.0 4.0
340439.0 66661.0 4.0
341827.0 66465.0 4.0
345155.0 67305.0 4.0
345687.0 67021.0 4.0
345771.0 67213.0 4.0
346903.0 67369.0 4.0
347561.0 67533.0 4.0
350739.0 68176.0 4.0
352997.0 68582.0 4.0
353127.0 68320.0 4.0
353943.0 68279.0 4.0
354391.0 68417.0 4.0
354703.0 68266.0 4.0
359521.0 68834.0 4.0
360063.0 68965.0 4.0
363719.0 69181.0 4.0
365261.0 69500.0 4.0
371293.0 70408.0 4.0
372033.0 70018.0 4.0
388809.0 72867.0 4.0
397929.0 74068.0 4.0
402367.0 74562.0 4.0
404653.0 74335.0 4.0
405511.0 74447.0 4.0
407095.0 74939.0 4.0
415077.0 75197.0 4.0
424161.0 76655.0 4.0
440115.0 78783.0 4.0
