rev1.1
2747.0 702.0 4.0
2835.0 718.0 4.0
2871.0 690.0 4.0
2927.0 768.0 4.0
2961.0 753.0 4.0
2985.0 712.0 4.0
3025.0 762.0 4.0
3057.0 785.0 4.0
3059.0 733.0 4.0
3061.0 721.0 4.0
3069.0 749.0 4.0
3101.0 717.0 4.0
3123.0 760.0 4.0
3173.0 786.0 4.0
3177.0 754.0 4.0
3195.0 782.0 4.0
3203.0 788.0 4.0
3239.0 733.0 4.0
3279.0 850.0 4.0
3295.0 780.0 4.0
3317.0 822.0 4.0
3339.0 841.0 4.0
3369.0 810.0 4.0
3399.0 876.0 4.0
3403.0 816.0 4.0
3413.0 800.0 4.0
3415.0 824.0 4.0
3425.0 864.0 4.0
3431.0 785.0 4.0
3435.0 792.0 4.0
3487.0 847.0 4.0
3487.0 789.0 4.0
3501.0 862.0 4.0
3509.0 816.0 4.0
3517.0 792.0 4.0
3531.0 825.0 4.0
3533.0 811.0 4.0
3557.0 833.0 4.0
3563.0 843.0 4.0
3631.0 790.0 4.0
3631.0 853.0 4.0
3647.0 825.0 4.0
3659.0 839.0 4.0
3663.0 839.0 4.0
3709.0 872.0 4.0
3719.0 887.0 4.0
3747.0 842.0 4.0
3753.0 894.0 4.0
3757.0 864.0 4.0
3763.0 835.0 4.0
3919.0 894.0 4.0
3931.0 870.0 4.0
3955.0 856.0 4.0
3957.0 926.0 4.0
3959.0 885.0 4.0
3965.0 880.0 4.0
3979.0 869.0 4.0
3981.0 894.0 4.0
3981.0 906.0 4.0
3999.0 944.0 4.0
3999.0 846.0 4.0
4015.0 874.0 4.0
4027.0 920.0 4.0
4029.0 916.0 4.0
4055.0 896.0 4.0
4071.0 841.0 4.0
4075.0 956.0 4.0
4105.0 916.0 4.0
4137.0 894.0 4.0
4155.0 894.0 4.0
4157.0 910.0 4.0
4171.0 937.0 4.0
4213.0 890.0 4.0
4247.0 918.0 4.0
4249.0 951.0 4.0
4279.0 955.0 4.0
4341.0 995.0 4.0
4367.0 1020.0 4.0
4373.0 930.0 4.0
4383.0 928.0 4.0
4465.0 935.0 4.0
4503.0 940.0 4.0
4543.0 955.0 4.0
4577.0 1034.0 4.0
4659.0 997.0 4.0
4701.0 994.0 4.0
4729.0 943.0 4.0
4737.0 1031.0 4.0
4779.0 1014.0 4.0
4781.0 1028.0 4.0
4859.0 970.0 4.0
4961.0 992.0 4.0
5003.0 994.0 4.0
5053.0 1027.0 4.0
5071.0 1050.0 4.0
5093.0 1023.0 4.0
5403.0 1088.0 4.0
5431.0 1155.0 4.0
5683.0 1113.0 4.0
6067.0 1144.0 4.0
