rev1.1
580299.0 120086.0 4.0
586793.0 121769.0 4.0
603235.0 122607.0 4.0
604807.0 123402.0 4.0
605367.0 123505.0 4.0
605753.0 123522.0 4.0
608083.0 123949.0 4.0
610791.0 123751.0 4.0
611361.0 123948.0 4.0
616701.0 124222.0 4.0
619087.0 125261.0 4.0
621779.0 125673.0 4.0
626205.0 126175.0 4.0
627381.0 125475.0 4.0
633277.0 126590.0 4.0
633385.0 127163.0 4.0
635067.0 127996.0 4.0
635603.0 127013.0 4.0
640067.0 127296.0 4.0
640629.0 127665.0 4.0
641835.0 128013.0 4.0
642721.0 127983.0 4.0
645813.0 128845.0 4.0
646459.0 128546.0 4.0
646929.0 128025.0 4.0
647445.0 128268.0 4.0
647525.0 128441.0 4.0
658643.0 129294.0 4.0
659057.0 129858.0 4.0
662775.0 130308.0 4.0
663179.0 131046.0 4.0
665777.0 129938.0 4.0
667663.0 131198.0 4.0
667901.0 131622.0 4.0
668969.0 131437.0 4.0
669041.0 130944.0 4.0
669483.0 130984.0 4.0
670201.0 131636.0 4.0
671433.0 131317.0 4.0
672549.0 130991.0 4.0
672779.0 131401.0 4.0
673127.0 131758.0 4.0
673841.0 131754.0 4.0
675191.0 132087.0 4.0
677785.0 132249.0 4.0
679781.0 133302.0 4.0
683463.0 133192.0 4.0
683649.0 133170.0 4.0
686427.0 133704.0 4.0
690195.0 133560.0 4.0
690299.0 133941.0 4.0
694829.0 134806.0 4.0
696629.0 134819.0 4.0
696665.0 135111.0 4.0
698183.0 134375.0 4.0
699279.0 134790.0 4.0
700083.0 135633.0 4.0
702903.0 135262.0 4.0
704931.0 135769.0 4.0
706959.0 136180.0 4.0
711895.0 135965.0 4.0
713205.0 136764.0 4.0
714187.0 137157.0 4.0
716527.0 137154.0 4.0
719703.0 137650.0 4.0
722221.0 138072.0 4.0
724859.0 138024.0 4.0
726677.0 138575.0 4.0
728667.0 139035.0 4.0
729659.0 138686.0 4.0
733257.0 140756.0 4.0
734383.0 139469.0 4.0
740191.0 140052.0 4.0
747707.0 141498.0 4.0
750505.0 141640.0 4.0
757565.0 141888.0 4.0
758357.0 142009.0 4.0
759045.0 142687.0 4.0
762063.0 143110.0 4.0
766175.0 142899.0 4.0
768603.0 143303.0 4.0
771669.0 143907.0 4.0
775535.0 144724.0 4.0
775623.0 145069.0 4.0
775861.0 145656.0 4.0
777049.0 144729.0 4.0
779051.0 145262.0 4.0
779657.0 145128.0 4.0
780699.0 145173.0 4.0
780807.0 145662.0 4.0
783831.0 145490.0 4.0
786213.0 146107.0 4.0
786749.0 145803.0 4.0
804091.0 148829.0 4.0
815801.0 149765.0 4.0
822905.0 150534.0 4.0
825703.0 151178.0 4.0
830121.0 151114.0 4.0
849527.0 153805.0 4.0
873879.0 156875.0 4.0
