rev1.1
1075.0 297.0 4.0
1249.0 347.0 4.0
1319.0 348.0 4.0
1325.0 348.0 4.0
1335.0 346.0 4.0
1339.0 357.0 4.0
1355.0 372.0 4.0
1359.0 364.0 4.0
1361.0 346.0 4.0
1365.0 352.0 4.0
1367.0 379.0 4.0
1369.0 377.0 4.0
1379.0 372.0 4.0
1409.0 383.0 4.0
1421.0 367.0 4.0
1425.0 357.0 4.0
1443.0 362.0 4.0
1449.0 350.0 4.0
1461.0 363.0 4.0
1463.0 349.0 4.0
1481.0 373.0 4.0
1481.0 396.0 4.0
1491.0 397.0 4.0
1525.0 414.0 4.0
1537.0 364.0 4.0
1549.0 404.0 4.0
1549.0 374.0 4.0
1551.0 362.0 4.0
1567.0 369.0 4.0
1575.0 368.0 4.0
1593.0 384.0 4.0
1599.0 380.0 4.0
1611.0 374.0 4.0
1615.0 403.0 4.0
1617.0 387.0 4.0
1621.0 411.0 4.0
1651.0 380.0 4.0
1655.0 416.0 4.0
1659.0 415.0 4.0
1703.0 393.0 4.0
1703.0 461.0 4.0
1711.0 427.0 4.0
1719.0 444.0 4.0
1723.0 361.0 4.0
1723.0 430.0 4.0
1727.0 404.0 4.0
1743.0 427.0 4.0
1755.0 418.0 4.0
1757.0 395.0 4.0
1765.0 439.0 4.0
1769.0 430.0 4.0
1777.0 389.0 4.0
1783.0 418.0 4.0
1801.0 423.0 4.0
1801.0 417.0 4.0
1807.0 434.0 4.0
1809.0 416.0 4.0
1825.0 434.0 4.0
1849.0 419.0 4.0
1851.0 450.0 4.0
1857.0 409.0 4.0
1859.0 421.0 4.0
1859.0 393.0 4.0
1867.0 419.0 4.0
1887.0 440.0 4.0
1931.0 454.0 4.0
1935.0 453.0 4.0
1959.0 439.0 4.0
1969.0 437.0 4.0
1983.0 475.0 4.0
2001.0 465.0 4.0
2013.0 481.0 4.0
2055.0 481.0 4.0
2061.0 460.0 4.0
2077.0 472.0 4.0
2087.0 464.0 4.0
2087.0 483.0 4.0
2099.0 441.0 4.0
2101.0 476.0 4.0
2113.0 438.0 4.0
2147.0 443.0 4.0
2161.0 508.0 4.0
2169.0 450.0 4.0
2197.0 463.0 4.0
2227.0 474.0 4.0
2247.0 458.0 4.0
2271.0 477.0 4.0
2297.0 528.0 4.0
2303.0 529.0 4.0
2337.0 539.0 4.0
2353.0 516.0 4.0
2369.0 488.0 4.0
2423.0 532.0 4.0
2471.0 565.0 4.0
2499.0 487.0 4.0
2595.0 547.0 4.0
2621.0 523.0 4.0
2675.0 521.0 4.0
2715.0 573.0 4.0
3091.0 624.0 4.0
