rev1.1
127345.0 28062.0 4.0
132321.0 28551.0 4.0
133481.0 28990.0 4.0
135271.0 29079.0 4.0
138939.0 29035.0 4.0
139825.0 29471.0 4.0
139993.0 29338.0 4.0
140107.0 29281.0 4.0
141275.0 30020.0 4.0
143563.0 29942.0 4.0
144519.0 29746.0 4.0
145451.0 30213.0 4.0
145717.0 30274.0 4.0
146527.0 30114.0 4.0
146845.0 30301.0 4.0
147093.0 30376.0 4.0
147273.0 30556.0 4.0
147575.0 30757.0 4.0
147621.0 30420.0 4.0
147807.0 30539.0 4.0
148149.0 30302.0 4.0
148253.0 30391.0 4.0
148281.0 30503.0 4.0
148459.0 30513.0 4.0
148547.0 30618.0 4.0
148611.0 30550.0 4.0
149283.0 30736.0 4.0
149473.0 31060.0 4.0
149797.0 30595.0 4.0
149803.0 31098.0 4.0
149873.0 30792.0 4.0
150045.0 30863.0 4.0
150129.0 30734.0 4.0
150763.0 30903.0 4.0
150777.0 30767.0 4.0
150811.0 31026.0 4.0
151377.0 31041.0 4.0
151671.0 30986.0 4.0
151809.0 30946.0 4.0
151811.0 31017.0 4.0
152071.0 31035.0 4.0
152577.0 31094.0 4.0
152885.0 31405.0 4.0
153101.0 31194.0 4.0
153299.0 31234.0 4.0
154495.0 31663.0 4.0
155035.0 31369.0 4.0
155159.0 31701.0 4.0
155389.0 31345.0 4.0
155621.0 31157.0 4.0
155843.0 31510.0 4.0
155983.0 31643.0 4.0
156199.0 31729.0 4.0
156297.0 31640.0 4.0
156973.0 31535.0 4.0
157163.0 31781.0 4.0
157229.0 31611.0 4.0
157657.0 31739.0 4.0
158691.0 31471.0 4.0
158845.0 31963.0 4.0
158853.0 31921.0 4.0
159311.0 32187.0 4.0
159809.0 32084.0 4.0
160761.0 31940.0 4.0
161231.0 32157.0 4.0
161521.0 32394.0 4.0
162285.0 32242.0 4.0
162813.0 32113.0 4.0
163513.0 32429.0 4.0
163515.0 32289.0 4.0
163531.0 32307.0 4.0
166167.0 32610.0 4.0
166657.0 32571.0 4.0
166665.0 32960.0 4.0
167047.0 32874.0 4.0
168965.0 32821.0 4.0
169081.0 33152.0 4.0
169293.0 33385.0 4.0
170065.0 33120.0 4.0
172265.0 33396.0 4.0
173061.0 33680.0 4.0
173711.0 33836.0 4.0
174773.0 34058.0 4.0
174881.0 34059.0 4.0
177151.0 34466.0 4.0
177951.0 34521.0 4.0
178357.0 34375.0 4.0
180205.0 34552.0 4.0
180381.0 34514.0 4.0
181797.0 35029.0 4.0
183399.0 34795.0 4.0
183665.0 34774.0 4.0
184367.0 35169.0 4.0
185459.0 34972.0 4.0
187995.0 35280.0 4.0
191653.0 36224.0 4.0
202151.0 37271.0 4.0
203931.0 37597.0 4.0
224835.0 40715.0 4.0
232309.0 41575.0 4.0
