rev1.1
12287.0 3095.0 4.0
13265.0 3196.0 4.0
13479.0 3215.0 4.0
13617.0 3281.0 4.0
13913.0 3113.0 4.0
14029.0 3250.0 4.0
14031.0 3232.0 4.0
14241.0 3334.0 4.0
14289.0 3316.0 4.0
14845.0 3291.0 4.0
14871.0 3376.0 4.0
14885.0 3504.0 4.0
14929.0 3454.0 4.0
14947.0 3396.0 4.0
15033.0 3360.0 4.0
15203.0 3377.0 4.0
15219.0 3397.0 4.0
15283.0 3474.0 4.0
15577.0 3510.0 4.0
15659.0 3429.0 4.0
15667.0 3550.0 4.0
15753.0 3664.0 4.0
15767.0 3520.0 4.0
15785.0 3625.0 4.0
15809.0 3414.0 4.0
15873.0 3395.0 4.0
16035.0 3497.0 4.0
16073.0 3638.0 4.0
16109.0 3495.0 4.0
16113.0 3562.0 4.0
16187.0 3534.0 4.0
16239.0 3545.0 4.0
16261.0 3612.0 4.0
16301.0 3575.0 4.0
16449.0 3467.0 4.0
16493.0 3613.0 4.0
16515.0 3738.0 4.0
16591.0 3518.0 4.0
16631.0 3643.0 4.0
16633.0 3663.0 4.0
16643.0 3718.0 4.0
16653.0 3543.0 4.0
16731.0 3671.0 4.0
16803.0 3741.0 4.0
16823.0 3611.0 4.0
16829.0 3764.0 4.0
16861.0 3633.0 4.0
16867.0 3571.0 4.0
16879.0 3688.0 4.0
16893.0 3706.0 4.0
17075.0 3722.0 4.0
17081.0 3616.0 4.0
17147.0 3599.0 4.0
17263.0 3727.0 4.0
17291.0 3714.0 4.0
17307.0 3683.0 4.0
17309.0 3661.0 4.0
17339.0 3656.0 4.0
17381.0 3725.0 4.0
17409.0 3755.0 4.0
17449.0 3730.0 4.0
17449.0 3689.0 4.0
17461.0 3679.0 4.0
17477.0 3782.0 4.0
17613.0 3659.0 4.0
17671.0 3716.0 4.0
17817.0 3809.0 4.0
17821.0 3788.0 4.0
17873.0 3789.0 4.0
17887.0 3803.0 4.0
17933.0 3875.0 4.0
18103.0 3915.0 4.0
18253.0 3785.0 4.0
18315.0 3850.0 4.0
18433.0 3805.0 4.0
18485.0 3851.0 4.0
18589.0 3791.0 4.0
18617.0 3940.0 4.0
18651.0 3793.0 4.0
18777.0 3787.0 4.0
18785.0 3916.0 4.0
18791.0 3937.0 4.0
18959.0 3975.0 4.0
19077.0 3899.0 4.0
19109.0 3922.0 4.0
19135.0 4004.0 4.0
19137.0 3771.0 4.0
19379.0 3962.0 4.0
19593.0 3999.0 4.0
19611.0 3891.0 4.0
19763.0 3936.0 4.0
19949.0 3977.0 4.0
20071.0 4008.0 4.0
20557.0 4160.0 4.0
20857.0 4106.0 4.0
21019.0 4204.0 4.0
21173.0 4178.0 4.0
21845.0 4209.0 4.0
23413.0 4549.0 4.0
23415.0 4513.0 4.0
