rev1.1
28793.0 6680.0 4.0
28919.0 6535.0 4.0
29071.0 6733.0 4.0
29073.0 6615.0 4.0
29539.0 6830.0 4.0
29809.0 6813.0 4.0
29969.0 6680.0 4.0
30005.0 6850.0 4.0
30089.0 6559.0 4.0
30109.0 6923.0 4.0
30155.0 6862.0 4.0
30793.0 6889.0 4.0
30855.0 6820.0 4.0
30865.0 6958.0 4.0
30921.0 6899.0 4.0
30963.0 6929.0 4.0
31233.0 7039.0 4.0
31517.0 7003.0 4.0
31755.0 7023.0 4.0
31795.0 7207.0 4.0
31827.0 7078.0 4.0
31889.0 6933.0 4.0
32079.0 6937.0 4.0
32455.0 6838.0 4.0
32457.0 7163.0 4.0
32773.0 7132.0 4.0
32847.0 7219.0 4.0
32913.0 7175.0 4.0
33023.0 7309.0 4.0
33353.0 7095.0 4.0
33369.0 7145.0 4.0
33389.0 7277.0 4.0
33459.0 7313.0 4.0
33643.0 7269.0 4.0
33689.0 7400.0 4.0
33889.0 7402.0 4.0
34013.0 7449.0 4.0
34117.0 7558.0 4.0
34351.0 7385.0 4.0
34359.0 7203.0 4.0
34487.0 7523.0 4.0
34541.0 7394.0 4.0
34611.0 7330.0 4.0
34637.0 7560.0 4.0
34825.0 7439.0 4.0
34883.0 7378.0 4.0
35195.0 7373.0 4.0
35273.0 7438.0 4.0
35273.0 7454.0 4.0
35409.0 7378.0 4.0
35427.0 7366.0 4.0
35509.0 7533.0 4.0
35723.0 7447.0 4.0
35879.0 7585.0 4.0
35947.0 7561.0 4.0
36135.0 7490.0 4.0
36211.0 7620.0 4.0
36601.0 7689.0 4.0
36607.0 7736.0 4.0
36627.0 7693.0 4.0
36761.0 7639.0 4.0
36939.0 7634.0 4.0
36969.0 7775.0 4.0
37207.0 7599.0 4.0
37417.0 7648.0 4.0
37581.0 7804.0 4.0
37683.0 7812.0 4.0
37837.0 7782.0 4.0
37965.0 7707.0 4.0
38083.0 7784.0 4.0
38145.0 7770.0 4.0
38699.0 7864.0 4.0
38963.0 7915.0 4.0
39081.0 7906.0 4.0
39101.0 8088.0 4.0
39131.0 7878.0 4.0
39689.0 7942.0 4.0
39921.0 8087.0 4.0
40177.0 7941.0 4.0
40549.0 8219.0 4.0
40701.0 8224.0 4.0
40827.0 8096.0 4.0
40995.0 8205.0 4.0
41105.0 8352.0 4.0
41227.0 8381.0 4.0
41413.0 8371.0 4.0
41803.0 8334.0 4.0
42233.0 8418.0 4.0
42271.0 8389.0 4.0
42417.0 8434.0 4.0
42447.0 8194.0 4.0
42901.0 8339.0 4.0
42987.0 8511.0 4.0
44073.0 8503.0 4.0
44237.0 8534.0 4.0
44619.0 8584.0 4.0
44913.0 8479.0 4.0
46483.0 8844.0 4.0
48783.0 9079.0 4.0
52355.0 9805.0 4.0
