rev1.1
4311.0 999.0 7.0
4689.0 1096.0 7.0
4759.0 982.0 7.0
4787.0 1076.0 7.0
4805.0 1011.0 7.0
4839.0 1069.0 7.0
4933.0 1109.0 7.0
4971.0 1095.0 7.0
5035.0 1101.0 7.0
5061.0 1101.0 7.0
5125.0 1106.0 7.0
5141.0 999.0 7.0
5175.0 1081.0 7.0
5181.0 1102.0 7.0
5187.0 1143.0 7.0
5205.0 1084.0 7.0
5221.0 1115.0 7.0
5221.0 1143.0 7.0
5221.0 1123.0 7.0
5249.0 1115.0 7.0
5273.0 1159.0 7.0
5303.0 1071.0 7.0
5307.0 1084.0 7.0
5347.0 1075.0 7.0
5347.0 1088.0 7.0
5351.0 1121.0 7.0
5393.0 1085.0 7.0
5401.0 1168.0 7.0
5401.0 1131.0 7.0
5423.0 1123.0 7.0
5435.0 1141.0 7.0
5447.0 1081.0 7.0
5481.0 1067.0 7.0
5505.0 1127.0 7.0
5513.0 1081.0 7.0
5519.0 1105.0 7.0
5547.0 1146.0 7.0
5549.0 1144.0 7.0
5557.0 1159.0 7.0
5565.0 1060.0 7.0
5567.0 1158.0 7.0
5569.0 1115.0 7.0
5593.0 1129.0 7.0
5599.0 1136.0 7.0
5609.0 1195.0 7.0
5621.0 1124.0 7.0
5627.0 1117.0 7.0
5635.0 1157.0 7.0
5657.0 1146.0 7.0
5735.0 1126.0 7.0
5739.0 1101.0 7.0
5751.0 1121.0 7.0
5765.0 1095.0 7.0
5771.0 1169.0 7.0
5783.0 1161.0 7.0
5803.0 1124.0 7.0
5805.0 1182.0 7.0
5807.0 1121.0 7.0
5823.0 1183.0 7.0
5825.0 1125.0 7.0
5941.0 1159.0 7.0
5951.0 1117.0 7.0
5955.0 1148.0 7.0
5965.0 1160.0 7.0
6005.0 1178.0 7.0
6009.0 1126.0 7.0
6041.0 1096.0 7.0
6055.0 1199.0 7.0
6071.0 1136.0 7.0
6097.0 1208.0 7.0
6123.0 1143.0 7.0
6173.0 1184.0 7.0
6177.0 1175.0 7.0
6215.0 1195.0 7.0
6223.0 1150.0 7.0
6287.0 1225.0 7.0
6301.0 1199.0 7.0
6307.0 1141.0 7.0
6345.0 1198.0 7.0
6383.0 1167.0 7.0
6407.0 1231.0 7.0
6419.0 1204.0 7.0
6439.0 1264.0 7.0
6447.0 1230.0 7.0
6467.0 1246.0 7.0
6537.0 1199.0 7.0
6585.0 1188.0 7.0
6663.0 1191.0 7.0
6723.0 1218.0 7.0
6757.0 1252.0 7.0
6857.0 1178.0 7.0
6989.0 1145.0 7.0
7043.0 1248.0 7.0
7055.0 1269.0 7.0
7073.0 1210.0 7.0
7099.0 1149.0 7.0
7191.0 1222.0 7.0
7229.0 1185.0 7.0
7469.0 1262.0 7.0
8505.0 1311.0 7.0
