rev1.1
45967.0 9025.0 7.0
46751.0 9051.0 7.0
46819.0 8927.0 7.0
47411.0 9052.0 7.0
47523.0 8958.0 7.0
47621.0 9031.0 7.0
47895.0 9015.0 7.0
48461.0 8996.0 7.0
48867.0 9267.0 7.0
49483.0 9107.0 7.0
49517.0 9321.0 7.0
49557.0 9137.0 7.0
49707.0 9046.0 7.0
49707.0 9070.0 7.0
49735.0 9230.0 7.0
49815.0 9112.0 7.0
49993.0 9370.0 7.0
50023.0 9069.0 7.0
50065.0 9140.0 7.0
50093.0 9190.0 7.0
50121.0 9326.0 7.0
50159.0 9144.0 7.0
50287.0 9385.0 7.0
50385.0 9383.0 7.0
50395.0 9290.0 7.0
50697.0 9283.0 7.0
50883.0 9156.0 7.0
50947.0 9240.0 7.0
51043.0 9268.0 7.0
51163.0 9321.0 7.0
51203.0 9385.0 7.0
51227.0 9277.0 7.0
51431.0 9370.0 7.0
51539.0 9307.0 7.0
51595.0 9558.0 7.0
52121.0 9390.0 7.0
52129.0 9454.0 7.0
52155.0 9251.0 7.0
52221.0 9329.0 7.0
52339.0 9294.0 7.0
52399.0 9388.0 7.0
52497.0 9400.0 7.0
52547.0 9488.0 7.0
52599.0 9360.0 7.0
52611.0 9486.0 7.0
52641.0 9558.0 7.0
52781.0 9483.0 7.0
52785.0 9491.0 7.0
53071.0 9380.0 7.0
53341.0 9323.0 7.0
53375.0 9560.0 7.0
53391.0 9668.0 7.0
53433.0 9531.0 7.0
53475.0 9657.0 7.0
53683.0 9427.0 7.0
53811.0 9423.0 7.0
54065.0 9495.0 7.0
54243.0 9485.0 7.0
54323.0 9515.0 7.0
54415.0 9438.0 7.0
54435.0 9524.0 7.0
54555.0 9497.0 7.0
54573.0 9461.0 7.0
54735.0 9483.0 7.0
54771.0 9497.0 7.0
55391.0 9556.0 7.0
55399.0 9748.0 7.0
55627.0 9554.0 7.0
55703.0 9553.0 7.0
55745.0 9811.0 7.0
55845.0 9663.0 7.0
56409.0 9620.0 7.0
56509.0 9809.0 7.0
56697.0 9676.0 7.0
56915.0 9715.0 7.0
57267.0 9605.0 7.0
57715.0 9794.0 7.0
57771.0 9732.0 7.0
57837.0 9720.0 7.0
57999.0 9782.0 7.0
58103.0 9783.0 7.0
58319.0 9642.0 7.0
58379.0 9715.0 7.0
59245.0 9790.0 7.0
59485.0 9966.0 7.0
59603.0 9875.0 7.0
59989.0 9751.0 7.0
60439.0 10086.0 7.0
60777.0 9988.0 7.0
61049.0 9969.0 7.0
61381.0 10052.0 7.0
61501.0 10002.0 7.0
61805.0 9945.0 7.0
61955.0 10180.0 7.0
62425.0 10100.0 7.0
62763.0 10122.0 7.0
63497.0 10355.0 7.0
64015.0 10177.0 7.0
67151.0 10461.0 7.0
67445.0 10399.0 7.0
