rev1.1
95997.0 18129.0 7.0
97569.0 18203.0 7.0
97861.0 18278.0 7.0
98147.0 18341.0 7.0
98511.0 18171.0 7.0
98805.0 18368.0 7.0
99241.0 18559.0 7.0
99843.0 18469.0 7.0
100943.0 18535.0 7.0
101147.0 18556.0 7.0
102265.0 18647.0 7.0
102389.0 18370.0 7.0
102531.0 18739.0 7.0
102805.0 18247.0 7.0
102821.0 18667.0 7.0
103293.0 18790.0 7.0
103341.0 18642.0 7.0
103483.0 18748.0 7.0
103531.0 18674.0 7.0
103663.0 18716.0 7.0
103769.0 18740.0 7.0
103795.0 18943.0 7.0
103893.0 18629.0 7.0
104197.0 18965.0 7.0
104325.0 18879.0 7.0
105289.0 18592.0 7.0
106215.0 19099.0 7.0
106255.0 19053.0 7.0
106471.0 19016.0 7.0
106755.0 19012.0 7.0
106945.0 18943.0 7.0
106959.0 18959.0 7.0
107141.0 18918.0 7.0
107243.0 18951.0 7.0
108017.0 19070.0 7.0
108031.0 19092.0 7.0
108193.0 19029.0 7.0
108627.0 19262.0 7.0
108697.0 18999.0 7.0
108707.0 19192.0 7.0
108811.0 19174.0 7.0
108973.0 19200.0 7.0
109069.0 19238.0 7.0
109293.0 19234.0 7.0
109393.0 19027.0 7.0
109615.0 19037.0 7.0
110035.0 19122.0 7.0
110343.0 19114.0 7.0
110675.0 19237.0 7.0
111137.0 19060.0 7.0
111313.0 19482.0 7.0
111649.0 19134.0 7.0
111853.0 18857.0 7.0
111973.0 19315.0 7.0
112211.0 19369.0 7.0
112449.0 19311.0 7.0
112633.0 19470.0 7.0
112693.0 19566.0 7.0
112813.0 19097.0 7.0
112979.0 19430.0 7.0
113197.0 19447.0 7.0
113683.0 19323.0 7.0
113827.0 19370.0 7.0
114007.0 19578.0 7.0
114115.0 19376.0 7.0
114157.0 19693.0 7.0
114211.0 19512.0 7.0
114475.0 19704.0 7.0
114735.0 19674.0 7.0
115371.0 19241.0 7.0
115401.0 19701.0 7.0
115841.0 19569.0 7.0
116441.0 19658.0 7.0
116695.0 19615.0 7.0
116733.0 19739.0 7.0
117417.0 19795.0 7.0
117425.0 19702.0 7.0
117457.0 19785.0 7.0
117671.0 19836.0 7.0
118141.0 19883.0 7.0
118251.0 19858.0 7.0
119747.0 19848.0 7.0
119793.0 19983.0 7.0
121783.0 19879.0 7.0
122309.0 19908.0 7.0
123331.0 20087.0 7.0
123787.0 20006.0 7.0
126649.0 20620.0 7.0
127297.0 20466.0 7.0
128557.0 20337.0 7.0
128671.0 20400.0 7.0
128889.0 20493.0 7.0
131885.0 20581.0 7.0
132515.0 20723.0 7.0
132931.0 20823.0 7.0
134237.0 20918.0 7.0
137265.0 21218.0 7.0
137997.0 21145.0 7.0
149925.0 22122.0 7.0
157869.0 22621.0 7.0
