rev1.1
9815.0 2075.0 7.0
9883.0 2103.0 7.0
9989.0 2157.0 7.0
10489.0 2040.0 7.0
10499.0 2202.0 7.0
10515.0 2169.0 7.0
10529.0 2182.0 7.0
10579.0 2218.0 7.0
10583.0 2112.0 7.0
10663.0 2300.0 7.0
10677.0 2209.0 7.0
10699.0 2238.0 7.0
10733.0 2251.0 7.0
10803.0 2214.0 7.0
10865.0 2187.0 7.0
10923.0 2169.0 7.0
10987.0 2181.0 7.0
11023.0 2192.0 7.0
11057.0 2098.0 7.0
11117.0 2179.0 7.0
11137.0 2232.0 7.0
11139.0 2156.0 7.0
11157.0 2284.0 7.0
11167.0 2284.0 7.0
11197.0 2239.0 7.0
11197.0 2222.0 7.0
11225.0 2227.0 7.0
11229.0 2292.0 7.0
11229.0 2287.0 7.0
11291.0 2290.0 7.0
11345.0 2156.0 7.0
11373.0 2206.0 7.0
11417.0 2233.0 7.0
11421.0 2261.0 7.0
11441.0 2255.0 7.0
11449.0 2307.0 7.0
11505.0 2293.0 7.0
11505.0 2305.0 7.0
11509.0 2246.0 7.0
11555.0 2286.0 7.0
11559.0 2306.0 7.0
11571.0 2250.0 7.0
11603.0 2223.0 7.0
11627.0 2350.0 7.0
11655.0 2173.0 7.0
11729.0 2252.0 7.0
11757.0 2252.0 7.0
11765.0 2381.0 7.0
11807.0 2329.0 7.0
11861.0 2195.0 7.0
11871.0 2279.0 7.0
11989.0 2244.0 7.0
12003.0 2298.0 7.0
12007.0 2301.0 7.0
12035.0 2286.0 7.0
12043.0 2386.0 7.0
12073.0 2299.0 7.0
12079.0 2231.0 7.0
12111.0 2248.0 7.0
12171.0 2235.0 7.0
12187.0 2310.0 7.0
12257.0 2331.0 7.0
12281.0 2335.0 7.0
12307.0 2245.0 7.0
12321.0 2336.0 7.0
12379.0 2298.0 7.0
12509.0 2290.0 7.0
12513.0 2352.0 7.0
12543.0 2401.0 7.0
12567.0 2360.0 7.0
12585.0 2277.0 7.0
12599.0 2268.0 7.0
12603.0 2362.0 7.0
12641.0 2267.0 7.0
12663.0 2381.0 7.0
12719.0 2335.0 7.0
12755.0 2387.0 7.0
12827.0 2436.0 7.0
12827.0 2287.0 7.0
12899.0 2346.0 7.0
12937.0 2351.0 7.0
12973.0 2443.0 7.0
13031.0 2332.0 7.0
13087.0 2429.0 7.0
13131.0 2372.0 7.0
13367.0 2293.0 7.0
13375.0 2467.0 7.0
13389.0 2358.0 7.0
13501.0 2309.0 7.0
13715.0 2379.0 7.0
13739.0 2431.0 7.0
13775.0 2386.0 7.0
13899.0 2377.0 7.0
14005.0 2426.0 7.0
14085.0 2378.0 7.0
14175.0 2609.0 7.0
14509.0 2418.0 7.0
14671.0 2431.0 7.0
14729.0 2481.0 7.0
16243.0 2560.0 7.0
