rev1.1
20919.0 4315.0 7.0
20947.0 4286.0 7.0
21427.0 4261.0 7.0
21455.0 4350.0 7.0
21827.0 4402.0 7.0
21829.0 4355.0 7.0
21917.0 4429.0 7.0
21991.0 4391.0 7.0
22253.0 4335.0 7.0
22391.0 4437.0 7.0
22425.0 4545.0 7.0
22521.0 4534.0 7.0
22709.0 4464.0 7.0
22905.0 4554.0 7.0
22923.0 4571.0 7.0
22973.0 4417.0 7.0
23037.0 4494.0 7.0
23261.0 4614.0 7.0
23283.0 4539.0 7.0
23297.0 4539.0 7.0
23313.0 4458.0 7.0
23327.0 4385.0 7.0
23329.0 4496.0 7.0
23351.0 4458.0 7.0
23399.0 4503.0 7.0
23415.0 4538.0 7.0
23611.0 4473.0 7.0
23699.0 4433.0 7.0
23723.0 4462.0 7.0
23817.0 4626.0 7.0
23891.0 4582.0 7.0
23991.0 4497.0 7.0
24045.0 4425.0 7.0
24187.0 4526.0 7.0
24307.0 4627.0 7.0
24409.0 4541.0 7.0
24443.0 4646.0 7.0
24627.0 4705.0 7.0
24629.0 4485.0 7.0
24643.0 4610.0 7.0
24647.0 4750.0 7.0
24685.0 4586.0 7.0
24737.0 4591.0 7.0
24913.0 4710.0 7.0
25073.0 4532.0 7.0
25119.0 4671.0 7.0
25135.0 4658.0 7.0
25161.0 4620.0 7.0
25481.0 4699.0 7.0
25533.0 4646.0 7.0
25543.0 4754.0 7.0
25607.0 4751.0 7.0
25651.0 4579.0 7.0
25715.0 4635.0 7.0
25819.0 4714.0 7.0
25859.0 4577.0 7.0
25903.0 4751.0 7.0
25965.0 4618.0 7.0
25979.0 4698.0 7.0
26129.0 4687.0 7.0
26443.0 4717.0 7.0
26461.0 4662.0 7.0
26461.0 4733.0 7.0
26531.0 4678.0 7.0
26537.0 4619.0 7.0
26659.0 4666.0 7.0
26663.0 4757.0 7.0
26753.0 4633.0 7.0
26779.0 4771.0 7.0
26839.0 4805.0 7.0
26923.0 4749.0 7.0
26925.0 4732.0 7.0
27139.0 4876.0 7.0
27209.0 4727.0 7.0
27277.0 4798.0 7.0
27279.0 4685.0 7.0
27411.0 4854.0 7.0
27431.0 4757.0 7.0
27637.0 4798.0 7.0
27649.0 4787.0 7.0
27813.0 4892.0 7.0
27947.0 4928.0 7.0
28335.0 4929.0 7.0
28337.0 4911.0 7.0
28397.0 4849.0 7.0
28519.0 4854.0 7.0
28527.0 4944.0 7.0
28757.0 5000.0 7.0
28795.0 5006.0 7.0
28939.0 5008.0 7.0
29317.0 4782.0 7.0
29447.0 5060.0 7.0
30135.0 5006.0 7.0
30261.0 4939.0 7.0
30611.0 5087.0 7.0
30721.0 4982.0 7.0
30953.0 4900.0 7.0
31117.0 4932.0 7.0
34221.0 5240.0 7.0
35321.0 5321.0 7.0
