rev1.1
865.0 222.0 6.200270911419973
909.0 254.0 6.200270911419955
929.0 246.0 6.200270911419975
931.0 272.0 5.602577218482963
967.0 218.0 7.0
969.0 275.0 7.0
979.0 233.0 7.0
995.0 259.0 6.861727714912348
997.0 241.0 7.0
1007.0 249.0 7.0
1013.0 273.0 7.0
1013.0 269.0 7.0
1021.0 244.0 7.0
1053.0 274.0 7.0
1063.0 287.0 7.0
1077.0 224.0 7.0
1081.0 278.0 7.0
1087.0 271.0 7.0
1089.0 280.0 7.0
1091.0 242.0 7.0
1101.0 242.0 7.0
1113.0 274.0 7.0
1115.0 273.0 7.0
1119.0 259.0 7.0
1123.0 260.0 7.0
1127.0 273.0 7.0
1129.0 271.0 7.0
1131.0 280.0 7.0
1131.0 252.0 7.0
1145.0 269.0 7.0
1149.0 284.0 7.0
1153.0 278.0 7.0
1169.0 266.0 7.0
1169.0 272.0 7.0
1171.0 290.0 7.0
1171.0 266.0 7.0
1175.0 256.0 7.0
1179.0 273.0 7.0
1185.0 267.0 7.0
1195.0 236.0 7.0
1203.0 307.0 7.0
1207.0 261.0 7.0
1217.0 291.0 7.0
1223.0 264.0 7.0
1229.0 244.0 7.0
1231.0 276.0 7.0
1233.0 302.0 7.0
1235.0 254.0 7.0
1237.0 289.0 7.0
1239.0 272.0 7.0
1241.0 290.0 7.0
1243.0 288.0 7.0
1245.0 316.0 7.0
1251.0 270.0 7.0
1251.0 252.0 7.0
1275.0 312.0 7.0
1275.0 268.0 7.0
1281.0 292.0 7.0
1291.0 304.0 7.0
1295.0 261.0 7.0
1313.0 274.0 7.0
1321.0 286.0 7.0
1323.0 288.0 7.0
1327.0 297.0 7.0
1329.0 286.0 7.0
1331.0 298.0 7.0
1331.0 292.0 7.0
1333.0 280.0 7.0
1339.0 268.0 7.0
1341.0 323.0 7.0
1351.0 276.0 7.0
1385.0 297.0 7.0
1385.0 302.0 7.0
1395.0 274.0 7.0
1397.0 284.0 7.0
1407.0 304.0 7.0
1413.0 267.0 7.0
1425.0 287.0 7.0
1441.0 274.0 7.0
1441.0 282.0 7.0
1449.0 302.0 7.0
1457.0 295.0 7.0
1475.0 293.0 7.0
1485.0 328.0 7.0
1495.0 282.0 7.0
1515.0 304.0 7.0
1517.0 288.0 7.0
1531.0 320.0 7.0
1539.0 315.0 7.0
1547.0 287.0 7.0
1563.0 293.0 7.0
1571.0 311.0 7.0
1591.0 326.0 7.0
1595.0 313.0 7.0
1621.0 312.0 7.0
1631.0 328.0 7.0
1637.0 296.0 7.0
1669.0 295.0 7.0
1701.0 314.0 7.0
1727.0 318.0 7.0
