rev1.1
201807.0 37215.0 7.0
203263.0 36809.0 7.0
203645.0 36935.0 7.0
204077.0 37375.0 7.0
206593.0 37528.0 7.0
206631.0 37185.0 7.0
208705.0 37518.0 7.0
210759.0 37799.0 7.0
211087.0 37529.0 7.0
212387.0 38024.0 7.0
213251.0 37753.0 7.0
214565.0 37892.0 7.0
214931.0 37772.0 7.0
214935.0 37879.0 7.0
215043.0 38213.0 7.0
217271.0 37927.0 7.0
217295.0 38311.0 7.0
218289.0 38349.0 7.0
218397.0 38161.0 7.0
218447.0 37767.0 7.0
218709.0 38183.0 7.0
219437.0 38317.0 7.0
219887.0 38155.0 7.0
220445.0 38351.0 7.0
220891.0 38405.0 7.0
220961.0 38323.0 7.0
221281.0 38556.0 7.0
221343.0 38631.0 7.0
221747.0 38212.0 7.0
222299.0 38521.0 7.0
222393.0 38513.0 7.0
222441.0 38332.0 7.0
223197.0 38698.0 7.0
223967.0 38402.0 7.0
225167.0 38678.0 7.0
225867.0 38716.0 7.0
225921.0 38434.0 7.0
226379.0 38912.0 7.0
226457.0 38889.0 7.0
226613.0 38849.0 7.0
226887.0 38822.0 7.0
227251.0 39098.0 7.0
227365.0 38653.0 7.0
227417.0 38768.0 7.0
227855.0 38573.0 7.0
228587.0 38811.0 7.0
228601.0 39113.0 7.0
228875.0 39072.0 7.0
229299.0 39064.0 7.0
229315.0 39097.0 7.0
229513.0 39136.0 7.0
230709.0 38884.0 7.0
231167.0 38978.0 7.0
231231.0 39226.0 7.0
231681.0 39158.0 7.0
231919.0 38906.0 7.0
233495.0 39453.0 7.0
234073.0 39254.0 7.0
234097.0 39220.0 7.0
234585.0 39214.0 7.0
234617.0 39676.0 7.0
235265.0 39763.0 7.0
236289.0 39441.0 7.0
237127.0 39400.0 7.0
238313.0 39432.0 7.0
238459.0 39471.0 7.0
239615.0 39979.0 7.0
240315.0 39787.0 7.0
240325.0 39932.0 7.0
241475.0 39965.0 7.0
242927.0 40265.0 7.0
245913.0 39820.0 7.0
246815.0 40035.0 7.0
247985.0 40047.0 7.0
248129.0 40418.0 7.0
249561.0 40628.0 7.0
249757.0 40626.0 7.0
250931.0 40191.0 7.0
251693.0 40606.0 7.0
251731.0 40672.0 7.0
253647.0 40868.0 7.0
253771.0 40837.0 7.0
254029.0 40808.0 7.0
255565.0 40786.0 7.0
257423.0 41397.0 7.0
257503.0 41205.0 7.0
258767.0 41158.0 7.0
260791.0 41107.0 7.0
260795.0 41359.0 7.0
261351.0 41338.0 7.0
262167.0 41436.0 7.0
263945.0 41615.0 7.0
264251.0 41055.0 7.0
269155.0 42109.0 7.0
270643.0 41899.0 7.0
275265.0 42607.0 7.0
277345.0 42492.0 7.0
277553.0 42306.0 7.0
303381.0 44174.0 7.0
313255.0 45185.0 7.0
