rev1.1
2095.0 491.0 7.0
2111.0 533.0 7.0
2123.0 473.0 7.0
2177.0 514.0 7.0
2195.0 542.0 7.0
2215.0 477.0 7.0
2215.0 532.0 7.0
2273.0 555.0 7.0
2291.0 489.0 7.0
2309.0 556.0 7.0
2311.0 548.0 7.0
2311.0 565.0 7.0
2313.0 490.0 7.0
2331.0 549.0 7.0
2333.0 561.0 7.0
2335.0 500.0 7.0
2363.0 525.0 7.0
2365.0 521.0 7.0
2367.0 520.0 7.0
2371.0 462.0 7.0
2377.0 548.0 7.0
2399.0 534.0 7.0
2401.0 551.0 7.0
2437.0 557.0 7.0
2441.0 552.0 7.0
2447.0 513.0 7.0
2453.0 543.0 7.0
2467.0 526.0 7.0
2503.0 540.0 7.0
2511.0 538.0 7.0
2521.0 517.0 7.0
2539.0 497.0 7.0
2555.0 568.0 7.0
2559.0 559.0 7.0
2561.0 574.0 7.0
2573.0 514.0 7.0
2575.0 548.0 7.0
2595.0 525.0 7.0
2601.0 510.0 7.0
2605.0 582.0 7.0
2615.0 546.0 7.0
2625.0 560.0 7.0
2639.0 568.0 7.0
2643.0 558.0 7.0
2657.0 601.0 7.0
2657.0 558.0 7.0
2661.0 501.0 7.0
2665.0 612.0 7.0
2667.0 536.0 7.0
2677.0 570.0 7.0
2681.0 568.0 7.0
2687.0 531.0 7.0
2691.0 598.0 7.0
2701.0 524.0 7.0
2713.0 551.0 7.0
2723.0 582.0 7.0
2727.0 541.0 7.0
2731.0 565.0 7.0
2739.0 563.0 7.0
2743.0 562.0 7.0
2747.0 578.0 7.0
2747.0 553.0 7.0
2751.0 536.0 7.0
2753.0 600.0 7.0
2761.0 569.0 7.0
2763.0 515.0 7.0
2775.0 561.0 7.0
2787.0 599.0 7.0
2789.0 576.0 7.0
2807.0 550.0 7.0
2807.0 527.0 7.0
2819.0 569.0 7.0
2823.0 561.0 7.0
2831.0 594.0 7.0
2841.0 510.0 7.0
2845.0 566.0 7.0
2867.0 602.0 7.0
2887.0 580.0 7.0
2909.0 568.0 7.0
2917.0 557.0 7.0
2927.0 603.0 7.0
2933.0 586.0 7.0
2983.0 619.0 7.0
2987.0 610.0 7.0
2989.0 581.0 7.0
3059.0 563.0 7.0
3081.0 615.0 7.0
3109.0 547.0 7.0
3141.0 578.0 7.0
3155.0 604.0 7.0
3177.0 627.0 7.0
3249.0 625.0 7.0
3263.0 602.0 7.0
3297.0 599.0 7.0
3309.0 586.0 7.0
3323.0 612.0 7.0
3353.0 550.0 7.0
3897.0 669.0 7.0
3957.0 653.0 7.0
4091.0 637.0 7.0
