rev1.1
897049.0 154931.0 7.0
903479.0 155431.0 7.0
916741.0 156208.0 7.0
924479.0 156786.0 7.0
926663.0 157409.0 7.0
932841.0 157699.0 7.0
933651.0 157111.0 7.0
934445.0 157343.0 7.0
937077.0 156724.0 7.0
939895.0 157496.0 7.0
944179.0 158491.0 7.0
945193.0 158097.0 7.0
949341.0 157994.0 7.0
949991.0 157755.0 7.0
950927.0 158385.0 7.0
952237.0 158784.0 7.0
956191.0 158818.0 7.0
956459.0 158454.0 7.0
956805.0 158481.0 7.0
961439.0 159403.0 7.0
962659.0 158916.0 7.0
963099.0 159394.0 7.0
967257.0 159595.0 7.0
969475.0 158809.0 7.0
969791.0 160223.0 7.0
969873.0 159547.0 7.0
970823.0 160054.0 7.0
974883.0 160245.0 7.0
976927.0 160917.0 7.0
977317.0 160071.0 7.0
977511.0 160038.0 7.0
977847.0 160598.0 7.0
979717.0 161003.0 7.0
980225.0 160696.0 7.0
981041.0 160872.0 7.0
986767.0 161228.0 7.0
987891.0 161079.0 7.0
988039.0 161496.0 7.0
989193.0 161424.0 7.0
990945.0 161334.0 7.0
991359.0 161193.0 7.0
991929.0 161534.0 7.0
993743.0 160943.0 7.0
995879.0 161743.0 7.0
996973.0 161195.0 7.0
997569.0 161292.0 7.0
1001521.0 162101.0 7.0
1006229.0 162211.0 7.0
1007243.0 162305.0 7.0
1009329.0 162706.0 7.0
1014051.0 163069.0 7.0
1015189.0 162667.0 7.0
1018087.0 163720.0 7.0
1019247.0 163462.0 7.0
1020227.0 163754.0 7.0
1022277.0 163672.0 7.0
1024585.0 163933.0 7.0
1027329.0 164207.0 7.0
1029439.0 163409.0 7.0
1036341.0 165106.0 7.0
1036707.0 164866.0 7.0
1038417.0 164765.0 7.0
1038445.0 164301.0 7.0
1039875.0 165136.0 7.0
1043193.0 164763.0 7.0
1044645.0 165104.0 7.0
1045373.0 164308.0 7.0
1047811.0 165239.0 7.0
1061139.0 166443.0 7.0
1062787.0 166677.0 7.0
1063295.0 166362.0 7.0
1068249.0 167055.0 7.0
1068685.0 166928.0 7.0
1069541.0 166680.0 7.0
1073425.0 167206.0 7.0
1074397.0 166521.0 7.0
1074489.0 166784.0 7.0
1079821.0 167945.0 7.0
1086285.0 167999.0 7.0
1086811.0 167789.0 7.0
1093669.0 168543.0 7.0
1093735.0 168524.0 7.0
1097203.0 168174.0 7.0
1099535.0 168791.0 7.0
1101599.0 168805.0 7.0
1113427.0 170355.0 7.0
1127357.0 171003.0 7.0
1132141.0 171859.0 7.0
1134669.0 171430.0 7.0
1134885.0 171261.0 7.0
1140451.0 172328.0 7.0
1144901.0 172437.0 7.0
1145463.0 172349.0 7.0
1151653.0 172538.0 7.0
1154927.0 172960.0 7.0
1159151.0 173264.0 7.0
1185927.0 175307.0 7.0
1225187.0 177890.0 7.0
1236139.0 178486.0 7.0
1375289.0 188257.0 7.0
