rev1.1
435043.0 76793.0 7.0
435825.0 75920.0 7.0
435949.0 75745.0 7.0
443285.0 77466.0 7.0
443647.0 77249.0 7.0
443813.0 76912.0 7.0
445899.0 77572.0 7.0
447985.0 77455.0 7.0
448193.0 77401.0 7.0
449541.0 77421.0 7.0
449611.0 77194.0 7.0
449883.0 77067.0 7.0
451055.0 77622.0 7.0
451237.0 77767.0 7.0
452097.0 78100.0 7.0
453179.0 77965.0 7.0
453545.0 77659.0 7.0
454291.0 77505.0 7.0
454865.0 77688.0 7.0
455039.0 77609.0 7.0
455165.0 77692.0 7.0
455285.0 78128.0 7.0
455461.0 78127.0 7.0
455705.0 77711.0 7.0
456149.0 77856.0 7.0
458037.0 78311.0 7.0
458365.0 77635.0 7.0
458413.0 77843.0 7.0
460429.0 78196.0 7.0
463369.0 78342.0 7.0
463863.0 78647.0 7.0
464399.0 78597.0 7.0
466779.0 78090.0 7.0
467119.0 78778.0 7.0
467545.0 78614.0 7.0
469275.0 78718.0 7.0
469739.0 79064.0 7.0
471707.0 78762.0 7.0
472993.0 78874.0 7.0
473087.0 78873.0 7.0
473463.0 79166.0 7.0
474999.0 79593.0 7.0
477505.0 79248.0 7.0
479091.0 79543.0 7.0
479557.0 79309.0 7.0
480941.0 79628.0 7.0
482591.0 80328.0 7.0
483179.0 80084.0 7.0
483185.0 79915.0 7.0
483553.0 79751.0 7.0
485181.0 79320.0 7.0
485263.0 79971.0 7.0
486697.0 79866.0 7.0
487989.0 79914.0 7.0
488211.0 79997.0 7.0
488991.0 80459.0 7.0
489819.0 80363.0 7.0
489883.0 80670.0 7.0
489991.0 80458.0 7.0
490215.0 80581.0 7.0
494747.0 80512.0 7.0
498543.0 80709.0 7.0
502589.0 80852.0 7.0
505091.0 80768.0 7.0
505677.0 81230.0 7.0
506963.0 81581.0 7.0
508459.0 81569.0 7.0
509675.0 82091.0 7.0
510235.0 81775.0 7.0
510419.0 81577.0 7.0
512975.0 81703.0 7.0
514561.0 82149.0 7.0
514783.0 81229.0 7.0
519177.0 82230.0 7.0
521331.0 83068.0 7.0
525855.0 82707.0 7.0
526193.0 83031.0 7.0
526739.0 83246.0 7.0
527741.0 82914.0 7.0
530709.0 82910.0 7.0
531347.0 83367.0 7.0
533367.0 83216.0 7.0
533547.0 83332.0 7.0
533551.0 83346.0 7.0
538781.0 83547.0 7.0
539271.0 84166.0 7.0
539935.0 83684.0 7.0
542891.0 84485.0 7.0
543879.0 84270.0 7.0
546113.0 84228.0 7.0
554855.0 84807.0 7.0
563779.0 85529.0 7.0
570013.0 85867.0 7.0
570691.0 86606.0 7.0
572429.0 86352.0 7.0
572659.0 86209.0 7.0
578831.0 86140.0 7.0
579101.0 86573.0 7.0
584463.0 87233.0 7.0
603137.0 88212.0 7.0
