rev1.1
468929.0 91761.0 7.0
482327.0 92948.0 7.0
486917.0 93240.0 7.0
491991.0 94498.0 7.0
497807.0 93877.0 7.0
501697.0 94082.0 7.0
502225.0 94134.0 7.0
506081.0 94512.0 7.0
508899.0 94629.0 7.0
509237.0 94250.0 7.0
510317.0 95504.0 7.0
511511.0 95690.0 7.0
511695.0 95172.0 7.0
511761.0 96027.0 7.0
512793.0 95128.0 7.0
515967.0 95886.0 7.0
518561.0 95032.0 7.0
519953.0 95167.0 7.0
521049.0 95849.0 7.0
521427.0 95480.0 7.0
521869.0 96356.0 7.0
522101.0 96117.0 7.0
523281.0 95860.0 7.0
524381.0 95928.0 7.0
524801.0 95728.0 7.0
525301.0 96493.0 7.0
525387.0 95652.0 7.0
525419.0 96033.0 7.0
525993.0 95913.0 7.0
526031.0 95466.0 7.0
526729.0 95676.0 7.0
526785.0 96463.0 7.0
527795.0 96372.0 7.0
527965.0 96053.0 7.0
528685.0 96064.0 7.0
529621.0 95839.0 7.0
530623.0 95627.0 7.0
533063.0 96365.0 7.0
533817.0 95910.0 7.0
535003.0 97979.0 7.0
535105.0 96548.0 7.0
535859.0 96578.0 7.0
536225.0 96586.0 7.0
538327.0 97019.0 7.0
540217.0 96776.0 7.0
541427.0 97335.0 7.0
541977.0 97559.0 7.0
545187.0 97610.0 7.0
545327.0 96989.0 7.0
547755.0 98034.0 7.0
548379.0 97540.0 7.0
549783.0 97371.0 7.0
551565.0 97481.0 7.0
551821.0 98259.0 7.0
551839.0 97654.0 7.0
553605.0 98205.0 7.0
555073.0 99124.0 7.0
555297.0 98317.0 7.0
557423.0 98243.0 7.0
559035.0 98089.0 7.0
559505.0 98290.0 7.0
560227.0 98380.0 7.0
560591.0 99150.0 7.0
562975.0 97900.0 7.0
563761.0 98431.0 7.0
564051.0 98536.0 7.0
564837.0 99312.0 7.0
564939.0 99426.0 7.0
569321.0 99258.0 7.0
569369.0 98261.0 7.0
571391.0 99378.0 7.0
572731.0 99442.0 7.0
573967.0 98780.0 7.0
575139.0 100054.0 7.0
579025.0 99611.0 7.0
581249.0 100356.0 7.0
581791.0 100498.0 7.0
582599.0 100141.0 7.0
583113.0 100245.0 7.0
584693.0 100585.0 7.0
588903.0 100016.0 7.0
593385.0 100661.0 7.0
593409.0 101037.0 7.0
593509.0 100476.0 7.0
595941.0 101042.0 7.0
596155.0 100871.0 7.0
596785.0 102064.0 7.0
597895.0 101177.0 7.0
599593.0 101940.0 7.0
606565.0 101668.0 7.0
606693.0 101772.0 7.0
607643.0 101907.0 7.0
608005.0 101308.0 7.0
612157.0 102736.0 7.0
637369.0 103997.0 7.0
640095.0 103598.0 7.0
640689.0 104505.0 7.0
641159.0 104811.0 7.0
665081.0 105803.0 7.0
705819.0 109180.0 7.0
