rev1.1
25369.0 5582.0 7.0
25667.0 5418.0 7.0
25877.0 5551.0 7.0
26269.0 5624.0 7.0
26653.0 5480.0 7.0
27035.0 5775.0 7.0
27093.0 5753.0 7.0
27205.0 5630.0 7.0
27237.0 5642.0 7.0
27293.0 5538.0 7.0
27295.0 5661.0 7.0
27365.0 5788.0 7.0
27545.0 5720.0 7.0
27763.0 5616.0 7.0
27769.0 5836.0 7.0
27815.0 5838.0 7.0
27927.0 5708.0 7.0
28013.0 5849.0 7.0
28179.0 5743.0 7.0
28195.0 5801.0 7.0
28207.0 5678.0 7.0
28211.0 5730.0 7.0
28369.0 5666.0 7.0
28657.0 5553.0 7.0
28667.0 5735.0 7.0
28695.0 5786.0 7.0
28699.0 5828.0 7.0
28793.0 5801.0 7.0
28821.0 5829.0 7.0
28839.0 5823.0 7.0
28887.0 5794.0 7.0
28891.0 5825.0 7.0
29051.0 5711.0 7.0
29117.0 5835.0 7.0
29321.0 5732.0 7.0
29385.0 6063.0 7.0
29433.0 5988.0 7.0
29455.0 5983.0 7.0
29547.0 5794.0 7.0
29553.0 5801.0 7.0
29587.0 5850.0 7.0
29639.0 6024.0 7.0
29647.0 5692.0 7.0
29649.0 6065.0 7.0
29847.0 5770.0 7.0
29889.0 5890.0 7.0
29979.0 5840.0 7.0
29989.0 5915.0 7.0
30015.0 5881.0 7.0
30109.0 5769.0 7.0
30145.0 5711.0 7.0
30179.0 5937.0 7.0
30249.0 5928.0 7.0
30325.0 5787.0 7.0
30331.0 5920.0 7.0
30335.0 5945.0 7.0
30489.0 5794.0 7.0
30671.0 5947.0 7.0
30725.0 5909.0 7.0
30779.0 5958.0 7.0
30863.0 5769.0 7.0
30887.0 6163.0 7.0
30957.0 5990.0 7.0
30987.0 5951.0 7.0
31001.0 5946.0 7.0
31107.0 5979.0 7.0
31325.0 5901.0 7.0
31341.0 5994.0 7.0
31445.0 6273.0 7.0
31517.0 6073.0 7.0
31691.0 6008.0 7.0
31707.0 6085.0 7.0
31801.0 6016.0 7.0
31917.0 5776.0 7.0
31937.0 6035.0 7.0
32367.0 6283.0 7.0
32435.0 5840.0 7.0
32501.0 6112.0 7.0
32509.0 5981.0 7.0
32717.0 6033.0 7.0
32761.0 5961.0 7.0
32797.0 6166.0 7.0
33117.0 6278.0 7.0
33265.0 6217.0 7.0
33301.0 6335.0 7.0
33551.0 6085.0 7.0
33581.0 6153.0 7.0
33791.0 6205.0 7.0
33949.0 6411.0 7.0
33963.0 6182.0 7.0
34117.0 6309.0 7.0
34373.0 6233.0 7.0
34861.0 6324.0 7.0
34947.0 6166.0 7.0
35341.0 6258.0 7.0
36587.0 6387.0 7.0
37821.0 6396.0 7.0
38035.0 6374.0 7.0
38617.0 6481.0 7.0
39511.0 6650.0 7.0
