rev1.1
233637.0 45324.0 7.0
237005.0 46034.0 7.0
238383.0 46321.0 7.0
240203.0 46345.0 7.0
244423.0 46922.0 7.0
245953.0 47523.0 7.0
246247.0 47163.0 7.0
247381.0 47236.0 7.0
247399.0 47417.0 7.0
247927.0 46964.0 7.0
248147.0 47882.0 7.0
248339.0 47292.0 7.0
248677.0 47332.0 7.0
249489.0 47772.0 7.0
249735.0 47170.0 7.0
251623.0 47659.0 7.0
252787.0 47383.0 7.0
252827.0 47431.0 7.0
253059.0 47385.0 7.0
253795.0 47584.0 7.0
254393.0 46986.0 7.0
255073.0 47517.0 7.0
255385.0 47224.0 7.0
255483.0 47813.0 7.0
255643.0 47750.0 7.0
255729.0 47054.0 7.0
255927.0 47868.0 7.0
256477.0 47705.0 7.0
257397.0 47951.0 7.0
257425.0 47737.0 7.0
257901.0 47671.0 7.0
257973.0 47261.0 7.0
258281.0 48137.0 7.0
258757.0 48154.0 7.0
258983.0 47539.0 7.0
260069.0 47760.0 7.0
260585.0 48336.0 7.0
261015.0 47638.0 7.0
261733.0 48895.0 7.0
262049.0 48539.0 7.0
262209.0 48102.0 7.0
262261.0 48302.0 7.0
262845.0 47720.0 7.0
263503.0 48300.0 7.0
263615.0 48335.0 7.0
264523.0 48983.0 7.0
264719.0 48778.0 7.0
264865.0 47920.0 7.0
265153.0 48638.0 7.0
265351.0 48745.0 7.0
266173.0 49121.0 7.0
266613.0 48586.0 7.0
266711.0 48253.0 7.0
267291.0 48340.0 7.0
267475.0 48476.0 7.0
267501.0 48559.0 7.0
268431.0 48533.0 7.0
269197.0 48618.0 7.0
269305.0 48493.0 7.0
269661.0 48677.0 7.0
269915.0 48902.0 7.0
270381.0 48450.0 7.0
270781.0 48795.0 7.0
271823.0 49127.0 7.0
272979.0 49124.0 7.0
273125.0 48355.0 7.0
275339.0 49093.0 7.0
275857.0 49574.0 7.0
277735.0 49581.0 7.0
278483.0 49342.0 7.0
278663.0 49857.0 7.0
279871.0 49027.0 7.0
280349.0 49426.0 7.0
281929.0 50310.0 7.0
281939.0 49771.0 7.0
282701.0 49339.0 7.0
283335.0 49590.0 7.0
283663.0 49349.0 7.0
283817.0 49393.0 7.0
284001.0 50134.0 7.0
284623.0 49762.0 7.0
285861.0 49732.0 7.0
286053.0 50137.0 7.0
287207.0 50671.0 7.0
288063.0 49906.0 7.0
288783.0 50207.0 7.0
288985.0 49943.0 7.0
290215.0 50202.0 7.0
290477.0 49842.0 7.0
291183.0 50265.0 7.0
294105.0 50390.0 7.0
298251.0 50125.0 7.0
299745.0 50716.0 7.0
299853.0 50882.0 7.0
300367.0 50786.0 7.0
301389.0 50711.0 7.0
307577.0 51391.0 7.0
308061.0 52151.0 7.0
318255.0 52494.0 7.0
318647.0 52213.0 7.0
