rev1.1
110495.0 22616.0 7.0
112921.0 22423.0 7.0
113729.0 22713.0 7.0
114627.0 22975.0 7.0
115651.0 23105.0 7.0
116177.0 22317.0 7.0
116853.0 22921.0 7.0
116929.0 22837.0 7.0
117279.0 23182.0 7.0
117373.0 23325.0 7.0
118069.0 23126.0 7.0
118709.0 23262.0 7.0
118895.0 23157.0 7.0
118997.0 23345.0 7.0
119079.0 23126.0 7.0
119479.0 23113.0 7.0
119595.0 23597.0 7.0
120333.0 23484.0 7.0
120861.0 23450.0 7.0
120999.0 23553.0 7.0
121291.0 23576.0 7.0
121329.0 23651.0 7.0
121647.0 23369.0 7.0
121693.0 23745.0 7.0
122279.0 23878.0 7.0
122321.0 23242.0 7.0
122389.0 23563.0 7.0
122667.0 23534.0 7.0
122981.0 23978.0 7.0
123327.0 23893.0 7.0
123617.0 23798.0 7.0
123647.0 23774.0 7.0
124375.0 23523.0 7.0
124437.0 23516.0 7.0
124511.0 23691.0 7.0
124713.0 23790.0 7.0
124915.0 23434.0 7.0
124951.0 23533.0 7.0
125097.0 23854.0 7.0
125237.0 23444.0 7.0
125305.0 23825.0 7.0
126469.0 24068.0 7.0
126589.0 23674.0 7.0
126619.0 23846.0 7.0
126633.0 23757.0 7.0
126817.0 23540.0 7.0
126949.0 23829.0 7.0
127105.0 23860.0 7.0
128207.0 23978.0 7.0
128367.0 23938.0 7.0
128899.0 23472.0 7.0
128925.0 24212.0 7.0
129095.0 23934.0 7.0
129195.0 23691.0 7.0
129337.0 23879.0 7.0
129397.0 23660.0 7.0
129689.0 23755.0 7.0
131243.0 24137.0 7.0
131369.0 23944.0 7.0
131581.0 24517.0 7.0
131767.0 24670.0 7.0
132667.0 24179.0 7.0
133427.0 24650.0 7.0
133557.0 24038.0 7.0
133643.0 24157.0 7.0
133693.0 24197.0 7.0
133855.0 24208.0 7.0
134937.0 23974.0 7.0
135525.0 24212.0 7.0
135817.0 24506.0 7.0
135925.0 24204.0 7.0
135949.0 24208.0 7.0
135965.0 24683.0 7.0
136229.0 24770.0 7.0
136339.0 24886.0 7.0
136563.0 24212.0 7.0
136963.0 24396.0 7.0
137113.0 24571.0 7.0
137569.0 24201.0 7.0
137617.0 24601.0 7.0
137657.0 24420.0 7.0
137853.0 24757.0 7.0
137891.0 24761.0 7.0
138733.0 24424.0 7.0
139051.0 24122.0 7.0
139687.0 24371.0 7.0
140227.0 24862.0 7.0
142453.0 24766.0 7.0
142821.0 25303.0 7.0
143893.0 24885.0 7.0
145975.0 24943.0 7.0
146285.0 24992.0 7.0
146295.0 25015.0 7.0
148657.0 25418.0 7.0
151917.0 25910.0 7.0
152963.0 25839.0 7.0
154397.0 25863.0 7.0
155861.0 25650.0 7.0
156887.0 26387.0 7.0
175559.0 27545.0 7.0
