rev1.1
2629.0 576.0 7.0
2631.0 622.0 7.0
2651.0 669.0 7.0
2689.0 639.0 7.0
2697.0 666.0 7.0
2699.0 651.0 7.0
2811.0 674.0 7.0
2821.0 599.0 7.0
2887.0 654.0 7.0
2931.0 658.0 7.0
2935.0 763.0 7.0
2971.0 641.0 7.0
3001.0 639.0 7.0
3021.0 690.0 7.0
3033.0 644.0 7.0
3037.0 744.0 7.0
3051.0 695.0 7.0
3057.0 678.0 7.0
3063.0 739.0 7.0
3103.0 700.0 7.0
3123.0 732.0 7.0
3131.0 733.0 7.0
3143.0 688.0 7.0
3155.0 689.0 7.0
3171.0 761.0 7.0
3199.0 773.0 7.0
3217.0 751.0 7.0
3231.0 752.0 7.0
3247.0 658.0 7.0
3253.0 705.0 7.0
3255.0 688.0 7.0
3261.0 791.0 7.0
3277.0 738.0 7.0
3279.0 695.0 7.0
3285.0 710.0 7.0
3297.0 616.0 7.0
3311.0 761.0 7.0
3345.0 724.0 7.0
3383.0 756.0 7.0
3385.0 784.0 7.0
3403.0 792.0 7.0
3407.0 792.0 7.0
3415.0 687.0 7.0
3415.0 743.0 7.0
3421.0 704.0 7.0
3431.0 777.0 7.0
3435.0 777.0 7.0
3441.0 681.0 7.0
3461.0 681.0 7.0
3461.0 713.0 7.0
3463.0 773.0 7.0
3477.0 770.0 7.0
3481.0 745.0 7.0
3491.0 763.0 7.0
3503.0 711.0 7.0
3515.0 790.0 7.0
3539.0 812.0 7.0
3543.0 758.0 7.0
3571.0 738.0 7.0
3571.0 774.0 7.0
3589.0 743.0 7.0
3619.0 715.0 7.0
3647.0 718.0 7.0
3665.0 766.0 7.0
3679.0 784.0 7.0
3725.0 740.0 7.0
3811.0 765.0 7.0
3813.0 757.0 7.0
3847.0 808.0 7.0
3865.0 781.0 7.0
3891.0 756.0 7.0
3901.0 712.0 7.0
3923.0 782.0 7.0
3939.0 786.0 7.0
3959.0 783.0 7.0
3961.0 760.0 7.0
3983.0 799.0 7.0
3983.0 764.0 7.0
4001.0 819.0 7.0
4011.0 850.0 7.0
4039.0 798.0 7.0
4057.0 737.0 7.0
4061.0 760.0 7.0
4079.0 798.0 7.0
4079.0 821.0 7.0
4087.0 834.0 7.0
4091.0 834.0 7.0
4181.0 831.0 7.0
4245.0 763.0 7.0
4261.0 744.0 7.0
4295.0 802.0 7.0
4407.0 832.0 7.0
4415.0 828.0 7.0
4441.0 820.0 7.0
4451.0 821.0 7.0
4559.0 821.0 7.0
4709.0 807.0 7.0
4773.0 897.0 7.0
5171.0 819.0 7.0
5239.0 927.0 7.0
