rev1.1
987487.0 187467.0 7.0
997137.0 188511.0 7.0
1007077.0 189275.0 7.0
1010355.0 189537.0 7.0
1021501.0 188935.0 7.0
1024633.0 189147.0 7.0
1041423.0 191101.0 7.0
1046305.0 190874.0 7.0
1048369.0 191932.0 7.0
1052209.0 191633.0 7.0
1054853.0 192997.0 7.0
1055427.0 191361.0 7.0
1058993.0 192257.0 7.0
1068659.0 192835.0 7.0
1068943.0 192819.0 7.0
1069395.0 193384.0 7.0
1070171.0 193991.0 7.0
1073277.0 192667.0 7.0
1078397.0 193924.0 7.0
1078905.0 193697.0 7.0
1079183.0 193239.0 7.0
1083137.0 194035.0 7.0
1083559.0 195367.0 7.0
1083853.0 194005.0 7.0
1084985.0 194194.0 7.0
1085775.0 193742.0 7.0
1086973.0 194877.0 7.0
1088779.0 193922.0 7.0
1089027.0 193885.0 7.0
1090045.0 194573.0 7.0
1100469.0 194795.0 7.0
1103465.0 195296.0 7.0
1103841.0 195718.0 7.0
1108547.0 195558.0 7.0
1109075.0 195447.0 7.0
1112411.0 195338.0 7.0
1116339.0 197001.0 7.0
1119093.0 195136.0 7.0
1121017.0 197199.0 7.0
1121035.0 198047.0 7.0
1121319.0 195524.0 7.0
1121501.0 196580.0 7.0
1123007.0 198496.0 7.0
1126161.0 196814.0 7.0
1132029.0 196624.0 7.0
1133301.0 197351.0 7.0
1133377.0 197479.0 7.0
1134157.0 197334.0 7.0
1136463.0 199273.0 7.0
1139565.0 197022.0 7.0
1139567.0 197768.0 7.0
1141223.0 197941.0 7.0
1141633.0 198595.0 7.0
1142061.0 198349.0 7.0
1143147.0 198238.0 7.0
1145367.0 199601.0 7.0
1147633.0 198364.0 7.0
1149151.0 198797.0 7.0
1149397.0 199113.0 7.0
1152971.0 198458.0 7.0
1154437.0 199739.0 7.0
1156481.0 199775.0 7.0
1159253.0 200919.0 7.0
1160009.0 200234.0 7.0
1166729.0 199182.0 7.0
1168123.0 199864.0 7.0
1174599.0 200492.0 7.0
1176283.0 201459.0 7.0
1178143.0 201525.0 7.0
1180321.0 201586.0 7.0
1183393.0 201396.0 7.0
1185849.0 200963.0 7.0
1196481.0 201702.0 7.0
1197645.0 202107.0 7.0
1203981.0 203182.0 7.0
1204879.0 202610.0 7.0
1206633.0 202720.0 7.0
1210689.0 202783.0 7.0
1212217.0 203192.0 7.0
1214143.0 203496.0 7.0
1217767.0 202368.0 7.0
1221589.0 204619.0 7.0
1221759.0 204057.0 7.0
1228421.0 203719.0 7.0
1240987.0 206029.0 7.0
1241155.0 205359.0 7.0
1248997.0 206227.0 7.0
1257335.0 207616.0 7.0
1263961.0 206989.0 7.0
1268809.0 206491.0 7.0
1278041.0 207733.0 7.0
1283539.0 208687.0 7.0
1333861.0 212722.0 7.0
1338979.0 213099.0 7.0
1339685.0 212241.0 7.0
1352141.0 213026.0 7.0
1352539.0 213786.0 7.0
1404747.0 216536.0 7.0
1427853.0 218394.0 7.0
1433589.0 218323.0 7.0
