rev1.1
11691.0 2711.0 7.0
12365.0 2744.0 7.0
12461.0 2712.0 7.0
12635.0 2812.0 7.0
12667.0 2627.0 7.0
12783.0 2818.0 7.0
12785.0 2868.0 7.0
12789.0 2737.0 7.0
12837.0 2798.0 7.0
12861.0 2842.0 7.0
12913.0 2627.0 7.0
12959.0 2813.0 7.0
12993.0 2701.0 7.0
13043.0 2591.0 7.0
13101.0 2838.0 7.0
13103.0 2856.0 7.0
13139.0 2645.0 7.0
13191.0 2966.0 7.0
13209.0 2786.0 7.0
13217.0 2772.0 7.0
13227.0 2785.0 7.0
13227.0 2744.0 7.0
13247.0 2880.0 7.0
13267.0 2828.0 7.0
13273.0 2795.0 7.0
13305.0 2788.0 7.0
13365.0 2754.0 7.0
13443.0 2819.0 7.0
13469.0 2916.0 7.0
13479.0 2793.0 7.0
13493.0 2776.0 7.0
13507.0 2822.0 7.0
13555.0 3020.0 7.0
13601.0 2946.0 7.0
13613.0 2809.0 7.0
13641.0 2967.0 7.0
13669.0 2763.0 7.0
13681.0 2684.0 7.0
13693.0 2732.0 7.0
13735.0 2814.0 7.0
13747.0 2870.0 7.0
13771.0 2792.0 7.0
13779.0 2895.0 7.0
13791.0 2842.0 7.0
13947.0 2967.0 7.0
13969.0 2981.0 7.0
14033.0 2789.0 7.0
14067.0 2926.0 7.0
14081.0 2879.0 7.0
14179.0 2763.0 7.0
14189.0 2878.0 7.0
14243.0 2882.0 7.0
14265.0 2903.0 7.0
14285.0 2992.0 7.0
14287.0 2813.0 7.0
14307.0 2845.0 7.0
14355.0 2865.0 7.0
14427.0 2937.0 7.0
14457.0 2918.0 7.0
14567.0 2985.0 7.0
14573.0 2919.0 7.0
14669.0 2991.0 7.0
15001.0 3013.0 7.0
15005.0 2864.0 7.0
15025.0 2937.0 7.0
15053.0 2991.0 7.0
15087.0 2979.0 7.0
15139.0 3160.0 7.0
15141.0 3004.0 7.0
15157.0 3078.0 7.0
15199.0 3004.0 7.0
15243.0 2831.0 7.0
15249.0 2923.0 7.0
15317.0 2932.0 7.0
15341.0 3150.0 7.0
15623.0 3074.0 7.0
15637.0 3146.0 7.0
15655.0 2991.0 7.0
15715.0 3192.0 7.0
15729.0 2968.0 7.0
15747.0 3015.0 7.0
15843.0 3189.0 7.0
15913.0 3054.0 7.0
15923.0 3042.0 7.0
15997.0 3074.0 7.0
16055.0 3030.0 7.0
16131.0 3105.0 7.0
16143.0 3002.0 7.0
16351.0 3007.0 7.0
16523.0 3067.0 7.0
16753.0 3145.0 7.0
17241.0 3036.0 7.0
17401.0 3169.0 7.0
17403.0 3189.0 7.0
17687.0 3156.0 7.0
17767.0 3116.0 7.0
18765.0 3323.0 7.0
19157.0 3254.0 7.0
21779.0 3482.0 7.0
22295.0 3449.0 7.0
