rev1.1
5353.0 1267.0 7.0
5527.0 1213.0 7.0
5781.0 1356.0 7.0
5787.0 1363.0 7.0
5905.0 1309.0 7.0
5959.0 1433.0 7.0
5961.0 1295.0 7.0
5975.0 1376.0 7.0
6041.0 1338.0 7.0
6071.0 1344.0 7.0
6085.0 1399.0 7.0
6085.0 1326.0 7.0
6085.0 1265.0 7.0
6117.0 1410.0 7.0
6133.0 1369.0 7.0
6165.0 1368.0 7.0
6273.0 1457.0 7.0
6353.0 1386.0 7.0
6419.0 1345.0 7.0
6485.0 1546.0 7.0
6495.0 1367.0 7.0
6503.0 1457.0 7.0
6513.0 1459.0 7.0
6523.0 1390.0 7.0
6559.0 1348.0 7.0
6579.0 1514.0 7.0
6587.0 1362.0 7.0
6601.0 1430.0 7.0
6611.0 1455.0 7.0
6617.0 1496.0 7.0
6631.0 1449.0 7.0
6657.0 1323.0 7.0
6741.0 1416.0 7.0
6777.0 1438.0 7.0
6781.0 1407.0 7.0
6795.0 1512.0 7.0
6799.0 1471.0 7.0
6815.0 1407.0 7.0
6823.0 1467.0 7.0
6849.0 1429.0 7.0
6859.0 1487.0 7.0
6913.0 1439.0 7.0
6921.0 1379.0 7.0
6939.0 1360.0 7.0
6939.0 1401.0 7.0
6947.0 1441.0 7.0
6955.0 1388.0 7.0
6961.0 1370.0 7.0
6981.0 1506.0 7.0
6989.0 1484.0 7.0
6995.0 1553.0 7.0
7053.0 1341.0 7.0
7075.0 1507.0 7.0
7093.0 1423.0 7.0
7125.0 1413.0 7.0
7171.0 1542.0 7.0
7207.0 1579.0 7.0
7327.0 1522.0 7.0
7341.0 1520.0 7.0
7387.0 1446.0 7.0
7449.0 1511.0 7.0
7483.0 1461.0 7.0
7485.0 1534.0 7.0
7503.0 1448.0 7.0
7529.0 1477.0 7.0
7577.0 1502.0 7.0
7619.0 1353.0 7.0
7625.0 1464.0 7.0
7641.0 1597.0 7.0
7653.0 1531.0 7.0
7715.0 1503.0 7.0
7721.0 1553.0 7.0
7743.0 1477.0 7.0
7771.0 1554.0 7.0
7817.0 1528.0 7.0
7847.0 1527.0 7.0
7883.0 1561.0 7.0
7909.0 1696.0 7.0
7915.0 1534.0 7.0
8013.0 1428.0 7.0
8081.0 1510.0 7.0
8187.0 1579.0 7.0
8255.0 1498.0 7.0
8263.0 1613.0 7.0
8297.0 1566.0 7.0
8387.0 1491.0 7.0
8411.0 1538.0 7.0
8443.0 1542.0 7.0
8493.0 1539.0 7.0
8525.0 1525.0 7.0
8569.0 1597.0 7.0
8597.0 1522.0 7.0
8641.0 1607.0 7.0
8695.0 1680.0 7.0
8841.0 1521.0 7.0
8877.0 1465.0 7.0
9237.0 1731.0 7.0
9265.0 1720.0 7.0
9415.0 1553.0 7.0
9483.0 1674.0 7.0
