rev1.1
975.0 290.0 7.0
1005.0 325.0 5.062500000000008
1151.0 318.0 6.8617277149123606
1163.0 308.0 6.200270911419982
1193.0 306.0 6.200270911420009
1209.0 273.0 7.0
1225.0 321.0 7.0
1321.0 368.0 7.0
1349.0 334.0 6.86172771491238
1349.0 335.0 7.0
1353.0 323.0 7.0
1389.0 296.0 7.0
1401.0 366.0 6.200270911419964
1421.0 343.0 7.0
1443.0 392.0 7.0
1443.0 370.0 7.0
1467.0 341.0 7.0
1485.0 362.0 7.0
1507.0 315.0 7.0
1523.0 351.0 7.0
1533.0 347.0 7.0
1537.0 375.0 7.0
1555.0 308.0 7.0
1557.0 367.0 7.0
1559.0 361.0 7.0
1563.0 390.0 7.0
1567.0 366.0 7.0
1571.0 393.0 7.0
1575.0 374.0 7.0
1599.0 342.0 7.0
1603.0 324.0 7.0
1607.0 332.0 7.0
1613.0 362.0 7.0
1619.0 304.0 7.0
1619.0 363.0 7.0
1629.0 342.0 7.0
1635.0 382.0 7.0
1649.0 367.0 7.0
1659.0 355.0 7.0
1661.0 358.0 7.0
1661.0 404.0 7.0
1667.0 344.0 7.0
1673.0 378.0 7.0
1677.0 396.0 7.0
1697.0 346.0 7.0
1705.0 411.0 7.0
1725.0 309.0 7.0
1745.0 377.0 7.0
1753.0 418.0 7.0
1765.0 369.0 7.0
1775.0 375.0 7.0
1783.0 422.0 7.0
1787.0 375.0 7.0
1807.0 394.0 7.0
1811.0 375.0 7.0
1833.0 414.0 7.0
1835.0 398.0 7.0
1839.0 363.0 7.0
1839.0 389.0 7.0
1861.0 393.0 7.0
1871.0 361.0 7.0
1881.0 342.0 7.0
1885.0 334.0 7.0
1897.0 400.0 7.0
1901.0 349.0 7.0
1907.0 402.0 7.0
1911.0 362.0 7.0
1917.0 363.0 7.0
1929.0 370.0 7.0
1953.0 375.0 7.0
1953.0 341.0 7.0
1957.0 419.0 7.0
1961.0 366.0 7.0
1997.0 437.0 7.0
2017.0 401.0 7.0
2037.0 423.0 7.0
2053.0 400.0 7.0
2091.0 396.0 7.0
2127.0 368.0 7.0
2135.0 408.0 7.0
2141.0 388.0 7.0
2157.0 407.0 7.0
2197.0 421.0 7.0
2203.0 483.0 7.0
2207.0 429.0 7.0
2245.0 467.0 7.0
2265.0 416.0 7.0
2293.0 459.0 7.0
2311.0 467.0 7.0
2327.0 448.0 7.0
2337.0 411.0 7.0
2363.0 383.0 7.0
2383.0 446.0 7.0
2437.0 408.0 7.0
2467.0 428.0 7.0
2473.0 409.0 7.0
2527.0 458.0 7.0
2555.0 396.0 7.0
2591.0 495.0 7.0
3221.0 486.0 7.0
