rev1.1
53321.0 11294.0 7.0
53527.0 11069.0 7.0
54149.0 11389.0 7.0
54331.0 11330.0 7.0
54331.0 11357.0 7.0
55087.0 11484.0 7.0
55819.0 11688.0 7.0
56379.0 11350.0 7.0
56521.0 11550.0 7.0
56839.0 11707.0 7.0
56861.0 11490.0 7.0
57263.0 11374.0 7.0
57335.0 11393.0 7.0
57359.0 11577.0 7.0
57371.0 11651.0 7.0
57525.0 11513.0 7.0
57699.0 11581.0 7.0
57957.0 11673.0 7.0
57975.0 11597.0 7.0
58263.0 11618.0 7.0
58317.0 11724.0 7.0
58643.0 11464.0 7.0
58821.0 11622.0 7.0
58859.0 11454.0 7.0
58953.0 11761.0 7.0
59019.0 11606.0 7.0
59025.0 11521.0 7.0
59069.0 11498.0 7.0
59093.0 11428.0 7.0
59101.0 11738.0 7.0
59103.0 11758.0 7.0
59331.0 11694.0 7.0
59431.0 11699.0 7.0
59461.0 11673.0 7.0
59671.0 11818.0 7.0
59725.0 11803.0 7.0
59803.0 11696.0 7.0
59999.0 11661.0 7.0
60049.0 11589.0 7.0
60065.0 11862.0 7.0
60481.0 11526.0 7.0
60591.0 11598.0 7.0
60607.0 11532.0 7.0
60679.0 11757.0 7.0
61015.0 12029.0 7.0
61025.0 12074.0 7.0
61191.0 11676.0 7.0
61211.0 11758.0 7.0
61235.0 11591.0 7.0
61289.0 11778.0 7.0
61309.0 11858.0 7.0
61337.0 11630.0 7.0
61387.0 11878.0 7.0
61743.0 11910.0 7.0
62287.0 12187.0 7.0
62391.0 12042.0 7.0
62457.0 11902.0 7.0
62519.0 11877.0 7.0
63121.0 11891.0 7.0
63189.0 11846.0 7.0
63365.0 11955.0 7.0
63465.0 12046.0 7.0
63617.0 12034.0 7.0
63965.0 11888.0 7.0
64125.0 12070.0 7.0
64191.0 11978.0 7.0
64257.0 11977.0 7.0
64313.0 11910.0 7.0
64399.0 11898.0 7.0
64715.0 12099.0 7.0
65247.0 11734.0 7.0
65301.0 12172.0 7.0
65309.0 12101.0 7.0
65349.0 12401.0 7.0
65443.0 12217.0 7.0
65647.0 12016.0 7.0
65707.0 12003.0 7.0
65741.0 12124.0 7.0
65829.0 12102.0 7.0
66059.0 12157.0 7.0
67913.0 12171.0 7.0
67937.0 12590.0 7.0
68001.0 12215.0 7.0
68357.0 12335.0 7.0
68481.0 12299.0 7.0
68789.0 12154.0 7.0
68891.0 12545.0 7.0
69343.0 12314.0 7.0
69653.0 12456.0 7.0
69989.0 12501.0 7.0
70367.0 12586.0 7.0
74007.0 12814.0 7.0
74289.0 12919.0 7.0
75063.0 12985.0 7.0
76479.0 12711.0 7.0
77477.0 13133.0 7.0
77535.0 12828.0 7.0
90331.0 13755.0 7.0
91415.0 14039.0 7.0
93433.0 14100.0 7.0
