rev1.1
819031.0 142774.0 9.0
826457.0 143981.0 9.0
836443.0 143823.0 9.0
841249.0 143939.0 9.0
846139.0 144754.0 9.0
849927.0 144718.0 9.0
850713.0 145299.0 9.0
853099.0 145060.0 9.0
856501.0 145080.0 9.0
859609.0 146103.0 9.0
865425.0 145448.0 9.0
869607.0 146823.0 9.0
875967.0 145174.0 9.0
876087.0 145840.0 9.0
877223.0 145248.0 9.0
880243.0 146439.0 9.0
880373.0 145978.0 9.0
881657.0 146801.0 9.0
882711.0 146285.0 9.0
883979.0 146478.0 9.0
884057.0 146612.0 9.0
884735.0 147062.0 9.0
886027.0 146315.0 9.0
886339.0 147222.0 9.0
889041.0 146269.0 9.0
889243.0 147260.0 9.0
889915.0 146852.0 9.0
889999.0 147326.0 9.0
890031.0 147319.0 9.0
893133.0 147717.0 9.0
893457.0 147233.0 9.0
895003.0 147689.0 9.0
895529.0 146320.0 9.0
896161.0 146565.0 9.0
896341.0 147013.0 9.0
896725.0 147154.0 9.0
897041.0 147634.0 9.0
898045.0 147093.0 9.0
898135.0 147438.0 9.0
898885.0 148556.0 9.0
901619.0 147444.0 9.0
907307.0 148118.0 9.0
908771.0 147784.0 9.0
909251.0 148084.0 9.0
909339.0 148219.0 9.0
910347.0 147852.0 9.0
910507.0 147932.0 9.0
915625.0 148769.0 9.0
918797.0 148468.0 9.0
920839.0 148888.0 9.0
922315.0 148650.0 9.0
922623.0 149076.0 9.0
922819.0 147875.0 9.0
923101.0 149278.0 9.0
927553.0 149899.0 9.0
930847.0 148656.0 9.0
931909.0 148563.0 9.0
933429.0 149649.0 9.0
936437.0 149596.0 9.0
938651.0 150487.0 9.0
939401.0 149109.0 9.0
940927.0 149873.0 9.0
946863.0 150060.0 9.0
947491.0 149941.0 9.0
949023.0 150083.0 9.0
952367.0 150551.0 9.0
953181.0 149698.0 9.0
955871.0 149941.0 9.0
956435.0 151013.0 9.0
959305.0 150864.0 9.0
962301.0 150957.0 9.0
962413.0 150251.0 9.0
968047.0 151024.0 9.0
972831.0 151438.0 9.0
974221.0 151806.0 9.0
976477.0 151451.0 9.0
979723.0 151434.0 9.0
980119.0 151928.0 9.0
981519.0 151962.0 9.0
982889.0 151846.0 9.0
983645.0 152753.0 9.0
991495.0 152276.0 9.0
998923.0 153945.0 9.0
1002529.0 152798.0 9.0
1006319.0 153289.0 9.0
1006985.0 153370.0 9.0
1013507.0 154610.0 9.0
1015471.0 154736.0 9.0
1025253.0 154779.0 9.0
1027085.0 154656.0 9.0
1030885.0 154807.0 9.0
1032629.0 154944.0 9.0
1042241.0 154741.0 9.0
1044475.0 155612.0 9.0
1053515.0 155800.0 9.0
1054335.0 155956.0 9.0
1056619.0 155985.0 9.0
1064933.0 156928.0 9.0
1086397.0 158078.0 9.0
1096583.0 158502.0 9.0
