rev1.1
406021.0 70989.0 9.0
407627.0 71620.0 9.0
408027.0 71724.0 9.0
409511.0 71565.0 9.0
411039.0 71699.0 9.0
411529.0 71680.0 9.0
411855.0 71504.0 9.0
414637.0 71494.0 9.0
415735.0 71692.0 9.0
417373.0 72150.0 9.0
418819.0 72146.0 9.0
418963.0 71401.0 9.0
419663.0 72029.0 9.0
419717.0 72482.0 9.0
422507.0 72058.0 9.0
422603.0 71880.0 9.0
423267.0 72043.0 9.0
424389.0 72197.0 9.0
424511.0 72392.0 9.0
425059.0 72564.0 9.0
425523.0 72430.0 9.0
426621.0 72646.0 9.0
426763.0 72488.0 9.0
427109.0 72995.0 9.0
427239.0 72123.0 9.0
427363.0 72222.0 9.0
427527.0 72084.0 9.0
427549.0 72552.0 9.0
429359.0 72437.0 9.0
433051.0 72806.0 9.0
433619.0 72764.0 9.0
433699.0 72528.0 9.0
433975.0 72928.0 9.0
434817.0 72887.0 9.0
434817.0 73068.0 9.0
435267.0 72770.0 9.0
435325.0 73131.0 9.0
435585.0 73149.0 9.0
435983.0 72989.0 9.0
436799.0 72856.0 9.0
436873.0 72967.0 9.0
437199.0 73170.0 9.0
437991.0 72972.0 9.0
438009.0 72889.0 9.0
438487.0 73471.0 9.0
438579.0 73207.0 9.0
439035.0 73062.0 9.0
439299.0 72732.0 9.0
439341.0 73236.0 9.0
439381.0 73217.0 9.0
439569.0 73453.0 9.0
439579.0 73205.0 9.0
439825.0 73270.0 9.0
440579.0 73469.0 9.0
442599.0 73283.0 9.0
442711.0 72922.0 9.0
442945.0 72815.0 9.0
444885.0 72835.0 9.0
445509.0 73993.0 9.0
447459.0 73901.0 9.0
448297.0 73279.0 9.0
448847.0 73408.0 9.0
449255.0 73703.0 9.0
449271.0 73481.0 9.0
449907.0 74008.0 9.0
453569.0 73876.0 9.0
453973.0 73987.0 9.0
457567.0 74491.0 9.0
458227.0 74288.0 9.0
458915.0 73918.0 9.0
459271.0 74677.0 9.0
459643.0 74087.0 9.0
459673.0 74381.0 9.0
461613.0 74784.0 9.0
462351.0 74567.0 9.0
464549.0 74965.0 9.0
465305.0 75346.0 9.0
465659.0 74413.0 9.0
465879.0 74805.0 9.0
469525.0 74629.0 9.0
470343.0 75258.0 9.0
471855.0 75371.0 9.0
473183.0 75104.0 9.0
474933.0 74745.0 9.0
475281.0 75379.0 9.0
475779.0 75397.0 9.0
476889.0 75191.0 9.0
482705.0 75274.0 9.0
483759.0 76020.0 9.0
484029.0 75856.0 9.0
484615.0 76072.0 9.0
486129.0 75545.0 9.0
490373.0 75996.0 9.0
491303.0 75452.0 9.0
491379.0 76542.0 9.0
494319.0 76332.0 9.0
496147.0 76165.0 9.0
507905.0 76794.0 9.0
511597.0 77125.0 9.0
532441.0 78224.0 9.0
