rev1.1
20583.0 4095.0 9.0
20693.0 4194.0 9.0
20853.0 4216.0 9.0
20877.0 4161.0 9.0
20931.0 4192.0 9.0
21021.0 4226.0 9.0
21083.0 4251.0 9.0
21105.0 4156.0 9.0
21361.0 4265.0 9.0
21435.0 4175.0 9.0
21461.0 4210.0 9.0
21605.0 4233.0 9.0
21669.0 4222.0 9.0
21689.0 4289.0 9.0
21761.0 4387.0 9.0
21855.0 4381.0 9.0
21981.0 4301.0 9.0
22097.0 4337.0 9.0
22133.0 4151.0 9.0
22181.0 4407.0 9.0
22223.0 4335.0 9.0
22249.0 4338.0 9.0
22343.0 4334.0 9.0
22409.0 4426.0 9.0
22431.0 4396.0 9.0
22575.0 4274.0 9.0
22589.0 4434.0 9.0
22653.0 4303.0 9.0
22691.0 4308.0 9.0
22703.0 4382.0 9.0
22713.0 4297.0 9.0
22835.0 4354.0 9.0
22859.0 4340.0 9.0
22881.0 4442.0 9.0
22927.0 4339.0 9.0
23287.0 4476.0 9.0
23323.0 4390.0 9.0
23403.0 4363.0 9.0
23415.0 4252.0 9.0
23589.0 4393.0 9.0
23655.0 4409.0 9.0
23685.0 4465.0 9.0
23709.0 4364.0 9.0
23737.0 4349.0 9.0
23759.0 4378.0 9.0
23871.0 4350.0 9.0
23905.0 4467.0 9.0
23909.0 4355.0 9.0
23965.0 4383.0 9.0
24065.0 4499.0 9.0
24075.0 4397.0 9.0
24085.0 4381.0 9.0
24117.0 4345.0 9.0
24139.0 4428.0 9.0
24185.0 4364.0 9.0
24229.0 4458.0 9.0
24267.0 4399.0 9.0
24363.0 4391.0 9.0
24381.0 4604.0 9.0
24497.0 4504.0 9.0
24519.0 4483.0 9.0
24561.0 4378.0 9.0
24609.0 4388.0 9.0
24609.0 4509.0 9.0
24655.0 4425.0 9.0
24737.0 4489.0 9.0
24921.0 4510.0 9.0
24951.0 4410.0 9.0
25013.0 4497.0 9.0
25035.0 4378.0 9.0
25045.0 4613.0 9.0
25067.0 4478.0 9.0
25091.0 4519.0 9.0
25091.0 4496.0 9.0
25143.0 4496.0 9.0
25173.0 4445.0 9.0
25267.0 4434.0 9.0
25351.0 4695.0 9.0
25367.0 4505.0 9.0
25467.0 4550.0 9.0
25487.0 4399.0 9.0
25543.0 4540.0 9.0
25557.0 4501.0 9.0
25607.0 4530.0 9.0
25757.0 4464.0 9.0
25787.0 4542.0 9.0
25873.0 4395.0 9.0
25905.0 4435.0 9.0
25949.0 4561.0 9.0
26017.0 4533.0 9.0
26105.0 4413.0 9.0
26263.0 4692.0 9.0
26457.0 4394.0 9.0
27573.0 4426.0 9.0
27787.0 4632.0 9.0
27823.0 4583.0 9.0
29135.0 4645.0 9.0
29513.0 4637.0 9.0
30667.0 4686.0 9.0
38125.0 5229.0 9.0
