rev1.1
9797.0 2070.0 9.0
9903.0 1933.0 9.0
10041.0 2095.0 9.0
10043.0 2060.0 9.0
10129.0 2080.0 9.0
10425.0 2108.0 9.0
10481.0 2086.0 9.0
10613.0 2083.0 9.0
10625.0 2137.0 9.0
10641.0 2154.0 9.0
10651.0 2169.0 9.0
10667.0 2151.0 9.0
10679.0 2137.0 9.0
10689.0 2093.0 9.0
10719.0 2071.0 9.0
10777.0 2062.0 9.0
10781.0 2213.0 9.0
10807.0 2126.0 9.0
10807.0 2139.0 9.0
10821.0 2172.0 9.0
10835.0 2182.0 9.0
10847.0 2192.0 9.0
10857.0 2208.0 9.0
10907.0 2080.0 9.0
10933.0 2217.0 9.0
10981.0 2100.0 9.0
10995.0 2195.0 9.0
10997.0 2232.0 9.0
11009.0 2124.0 9.0
11017.0 2141.0 9.0
11065.0 2119.0 9.0
11071.0 2149.0 9.0
11105.0 2165.0 9.0
11115.0 2199.0 9.0
11117.0 2169.0 9.0
11117.0 2205.0 9.0
11127.0 2222.0 9.0
11137.0 2086.0 9.0
11175.0 2242.0 9.0
11183.0 2125.0 9.0
11195.0 2139.0 9.0
11247.0 2214.0 9.0
11261.0 2166.0 9.0
11263.0 2206.0 9.0
11305.0 2196.0 9.0
11317.0 2204.0 9.0
11317.0 2200.0 9.0
11351.0 2216.0 9.0
11361.0 2186.0 9.0
11395.0 2126.0 9.0
11447.0 2075.0 9.0
11473.0 2209.0 9.0
11481.0 2151.0 9.0
11487.0 2160.0 9.0
11511.0 2056.0 9.0
11537.0 2166.0 9.0
11553.0 2213.0 9.0
11577.0 2228.0 9.0
11607.0 2261.0 9.0
11609.0 2219.0 9.0
11613.0 2154.0 9.0
11621.0 2211.0 9.0
11621.0 2186.0 9.0
11743.0 2150.0 9.0
11797.0 2216.0 9.0
11799.0 2171.0 9.0
11847.0 2167.0 9.0
11859.0 2295.0 9.0
11883.0 2104.0 9.0
11883.0 2179.0 9.0
11935.0 2144.0 9.0
12005.0 2198.0 9.0
12065.0 2275.0 9.0
12087.0 2258.0 9.0
12149.0 2191.0 9.0
12153.0 2186.0 9.0
12257.0 2185.0 9.0
12317.0 2120.0 9.0
12343.0 2115.0 9.0
12353.0 2217.0 9.0
12381.0 2154.0 9.0
12501.0 2273.0 9.0
12593.0 2200.0 9.0
12665.0 2294.0 9.0
12709.0 2219.0 9.0
12755.0 2282.0 9.0
12775.0 2170.0 9.0
12875.0 2327.0 9.0
12929.0 2306.0 9.0
13129.0 2346.0 9.0
13205.0 2280.0 9.0
13257.0 2316.0 9.0
13261.0 2316.0 9.0
13539.0 2348.0 9.0
13621.0 2164.0 9.0
13623.0 2343.0 9.0
14173.0 2264.0 9.0
14203.0 2217.0 9.0
14447.0 2368.0 9.0
15613.0 2355.0 9.0
