rev1.1
191641.0 34921.0 9.0
192151.0 34868.0 9.0
192459.0 35346.0 9.0
192657.0 34910.0 9.0
195827.0 35076.0 9.0
195879.0 35357.0 9.0
196953.0 35582.0 9.0
197429.0 35344.0 9.0
198069.0 35323.0 9.0
198583.0 35252.0 9.0
198597.0 35443.0 9.0
198603.0 35250.0 9.0
199179.0 35415.0 9.0
199559.0 35515.0 9.0
200323.0 35375.0 9.0
200325.0 35633.0 9.0
201005.0 35621.0 9.0
201417.0 35369.0 9.0
201517.0 35519.0 9.0
202017.0 35427.0 9.0
202055.0 35669.0 9.0
202165.0 35455.0 9.0
202363.0 35588.0 9.0
202409.0 35890.0 9.0
203003.0 35496.0 9.0
203399.0 35605.0 9.0
203429.0 36148.0 9.0
203773.0 35232.0 9.0
204111.0 35605.0 9.0
204285.0 36015.0 9.0
204757.0 35651.0 9.0
204819.0 35912.0 9.0
204905.0 36269.0 9.0
205051.0 35713.0 9.0
205315.0 36111.0 9.0
205473.0 35724.0 9.0
205751.0 35591.0 9.0
206189.0 35798.0 9.0
206425.0 35994.0 9.0
206459.0 36194.0 9.0
207523.0 36323.0 9.0
207643.0 36405.0 9.0
207683.0 35953.0 9.0
208455.0 36018.0 9.0
208515.0 36139.0 9.0
208627.0 36042.0 9.0
209597.0 36010.0 9.0
209661.0 35868.0 9.0
210043.0 36051.0 9.0
210535.0 35799.0 9.0
210805.0 36459.0 9.0
211143.0 35930.0 9.0
211399.0 35874.0 9.0
213053.0 35944.0 9.0
213225.0 35876.0 9.0
213267.0 36229.0 9.0
213715.0 36326.0 9.0
213873.0 36371.0 9.0
213901.0 36268.0 9.0
215577.0 36127.0 9.0
215783.0 36679.0 9.0
215803.0 36232.0 9.0
216301.0 36161.0 9.0
216481.0 36285.0 9.0
216927.0 36152.0 9.0
217499.0 36015.0 9.0
217869.0 36675.0 9.0
217959.0 36486.0 9.0
218637.0 36680.0 9.0
218933.0 36646.0 9.0
219061.0 36099.0 9.0
219223.0 36650.0 9.0
219465.0 36516.0 9.0
219623.0 36329.0 9.0
219709.0 36521.0 9.0
219779.0 36595.0 9.0
221057.0 36658.0 9.0
222123.0 36720.0 9.0
222661.0 36773.0 9.0
222833.0 36830.0 9.0
223871.0 36951.0 9.0
223985.0 36973.0 9.0
225331.0 36977.0 9.0
227825.0 36794.0 9.0
228221.0 37210.0 9.0
233569.0 37167.0 9.0
233691.0 37129.0 9.0
235641.0 37326.0 9.0
236103.0 37532.0 9.0
236691.0 37780.0 9.0
237719.0 37614.0 9.0
237809.0 37684.0 9.0
238945.0 38005.0 9.0
238959.0 37560.0 9.0
244757.0 38073.0 9.0
245433.0 38166.0 9.0
247019.0 37834.0 9.0
250253.0 38302.0 9.0
252115.0 38129.0 9.0
264597.0 38824.0 9.0
