rev1.1
91137.0 17350.0 9.0
91905.0 17281.0 9.0
92357.0 17304.0 9.0
92879.0 17149.0 9.0
94575.0 17359.0 9.0
94873.0 17496.0 9.0
95431.0 17854.0 9.0
95443.0 17469.0 9.0
95715.0 17549.0 9.0
96355.0 17403.0 9.0
96661.0 17510.0 9.0
96819.0 17652.0 9.0
97323.0 17500.0 9.0
97363.0 17534.0 9.0
98189.0 17727.0 9.0
98251.0 17566.0 9.0
98291.0 17638.0 9.0
98523.0 17651.0 9.0
98637.0 17508.0 9.0
98949.0 17513.0 9.0
99059.0 17772.0 9.0
99495.0 17733.0 9.0
99797.0 17846.0 9.0
99801.0 17857.0 9.0
99821.0 17714.0 9.0
99845.0 17727.0 9.0
99885.0 17794.0 9.0
99943.0 17826.0 9.0
100085.0 17803.0 9.0
100231.0 17782.0 9.0
100321.0 17561.0 9.0
100539.0 17831.0 9.0
100615.0 17916.0 9.0
100707.0 17911.0 9.0
100959.0 17750.0 9.0
101021.0 17876.0 9.0
101105.0 17951.0 9.0
101167.0 18003.0 9.0
101567.0 17956.0 9.0
101775.0 17881.0 9.0
101875.0 17698.0 9.0
101983.0 17800.0 9.0
102075.0 17908.0 9.0
102121.0 18026.0 9.0
102157.0 18115.0 9.0
102377.0 17905.0 9.0
102409.0 17823.0 9.0
102533.0 17894.0 9.0
102571.0 17733.0 9.0
102971.0 17993.0 9.0
103379.0 17984.0 9.0
103383.0 18138.0 9.0
103461.0 18035.0 9.0
103665.0 18070.0 9.0
103681.0 18216.0 9.0
103707.0 17865.0 9.0
103815.0 17655.0 9.0
104077.0 18009.0 9.0
104403.0 18063.0 9.0
104659.0 17896.0 9.0
104987.0 17815.0 9.0
104995.0 18098.0 9.0
105463.0 18024.0 9.0
105491.0 18355.0 9.0
106079.0 18299.0 9.0
106125.0 18083.0 9.0
106151.0 17862.0 9.0
106645.0 18041.0 9.0
106777.0 18154.0 9.0
107175.0 18274.0 9.0
107591.0 18017.0 9.0
107809.0 18491.0 9.0
108027.0 18448.0 9.0
108031.0 18110.0 9.0
108149.0 18216.0 9.0
108183.0 18031.0 9.0
108319.0 18237.0 9.0
108615.0 18324.0 9.0
108699.0 18172.0 9.0
110573.0 18341.0 9.0
111251.0 18185.0 9.0
111369.0 18297.0 9.0
111589.0 18301.0 9.0
112095.0 18374.0 9.0
112177.0 18318.0 9.0
112605.0 18532.0 9.0
112639.0 18231.0 9.0
112939.0 18685.0 9.0
113005.0 18486.0 9.0
113377.0 18654.0 9.0
113835.0 18367.0 9.0
113925.0 18362.0 9.0
114019.0 18651.0 9.0
114817.0 18592.0 9.0
116283.0 18659.0 9.0
116611.0 18699.0 9.0
116671.0 18972.0 9.0
118993.0 18946.0 9.0
120483.0 18858.0 9.0
131567.0 19303.0 9.0
