rev1.1
42409.0 8396.0 9.0
43037.0 8327.0 9.0
43923.0 8689.0 9.0
45007.0 8444.0 9.0
45855.0 8719.0 9.0
46023.0 8609.0 9.0
46391.0 8505.0 9.0
46575.0 8752.0 9.0
46607.0 8985.0 9.0
46677.0 8799.0 9.0
46803.0 8753.0 9.0
46911.0 8592.0 9.0
46971.0 8681.0 9.0
47165.0 8664.0 9.0
47199.0 8868.0 9.0
47201.0 8788.0 9.0
47353.0 8679.0 9.0
47479.0 8760.0 9.0
47669.0 8951.0 9.0
47901.0 8781.0 9.0
47953.0 8665.0 9.0
47975.0 8790.0 9.0
48027.0 8923.0 9.0
48103.0 8920.0 9.0
48111.0 8768.0 9.0
48407.0 8750.0 9.0
48471.0 8691.0 9.0
48525.0 8827.0 9.0
48583.0 8946.0 9.0
48605.0 8872.0 9.0
48645.0 8882.0 9.0
48949.0 8916.0 9.0
49031.0 8946.0 9.0
49059.0 9010.0 9.0
49103.0 8828.0 9.0
49145.0 8856.0 9.0
49259.0 8723.0 9.0
49291.0 8902.0 9.0
49325.0 8827.0 9.0
49403.0 8878.0 9.0
49483.0 8920.0 9.0
49503.0 8942.0 9.0
49545.0 8956.0 9.0
49601.0 8898.0 9.0
49657.0 8890.0 9.0
49679.0 9082.0 9.0
49705.0 8937.0 9.0
49829.0 9039.0 9.0
49965.0 8801.0 9.0
49981.0 8865.0 9.0
50195.0 8888.0 9.0
50195.0 9039.0 9.0
50213.0 8797.0 9.0
50233.0 8944.0 9.0
50311.0 8965.0 9.0
50353.0 8747.0 9.0
50449.0 8835.0 9.0
50525.0 8875.0 9.0
50561.0 8890.0 9.0
50679.0 8778.0 9.0
50821.0 9037.0 9.0
51333.0 8884.0 9.0
51477.0 8979.0 9.0
51599.0 9104.0 9.0
51713.0 8857.0 9.0
51847.0 9259.0 9.0
51853.0 8948.0 9.0
51925.0 8868.0 9.0
51937.0 9143.0 9.0
52013.0 8795.0 9.0
52095.0 8767.0 9.0
52111.0 8917.0 9.0
52203.0 8896.0 9.0
52619.0 9177.0 9.0
52837.0 9071.0 9.0
52855.0 9288.0 9.0
52921.0 8915.0 9.0
53021.0 9146.0 9.0
53315.0 9119.0 9.0
53567.0 9247.0 9.0
53689.0 9066.0 9.0
53757.0 9118.0 9.0
53911.0 8916.0 9.0
53921.0 9301.0 9.0
54147.0 8876.0 9.0
54529.0 9160.0 9.0
54943.0 9214.0 9.0
55127.0 9117.0 9.0
55149.0 9241.0 9.0
55217.0 9101.0 9.0
55813.0 9321.0 9.0
56273.0 9079.0 9.0
56809.0 9142.0 9.0
57733.0 9303.0 9.0
57777.0 9111.0 9.0
59337.0 9447.0 9.0
59587.0 9385.0 9.0
59999.0 9368.0 9.0
61303.0 9456.0 9.0
61365.0 9628.0 9.0
