rev1.1
935.0 257.0 5.602577218482959
943.0 254.0 7.593750000000087
959.0 248.0 9.0
979.0 238.0 9.0
987.0 265.0 6.86172771491237
1021.0 231.0 9.0
1041.0 236.0 8.403865827724415
1045.0 256.0 9.0
1059.0 237.0 9.0
1063.0 251.0 8.403865827724397
1067.0 239.0 8.40386582772443
1069.0 242.0 8.40386582772442
1073.0 258.0 6.861727714912347
1073.0 272.0 8.403865827724378
1077.0 217.0 7.593750000000115
1081.0 277.0 7.593750000000077
1083.0 278.0 6.200270911419964
1089.0 270.0 8.403865827724388
1089.0 226.0 9.0
1091.0 243.0 7.593750000000129
1095.0 274.0 9.0
1103.0 270.0 6.861727714912307
1115.0 251.0 9.0
1119.0 251.0 9.0
1123.0 254.0 9.0
1127.0 283.0 9.0
1127.0 267.0 9.0
1137.0 271.0 9.0
1143.0 245.0 9.0
1143.0 281.0 7.593750000000105
1147.0 262.0 8.4038658277244
1147.0 252.0 9.0
1149.0 274.0 9.0
1155.0 272.0 9.0
1157.0 306.0 9.0
1165.0 271.0 9.0
1165.0 251.0 9.0
1167.0 281.0 8.403865827724411
1173.0 263.0 9.0
1175.0 254.0 9.0
1175.0 245.0 9.0
1181.0 271.0 9.0
1181.0 258.0 9.0
1193.0 268.0 9.0
1197.0 239.0 9.0
1199.0 283.0 9.0
1201.0 281.0 9.0
1211.0 291.0 9.0
1213.0 293.0 9.0
1215.0 242.0 9.0
1215.0 289.0 9.0
1217.0 294.0 9.0
1227.0 291.0 7.593750000000077
1239.0 276.0 9.0
1239.0 295.0 9.0
1239.0 238.0 9.0
1243.0 292.0 8.403865827724399
1247.0 258.0 9.0
1261.0 251.0 9.0
1261.0 250.0 9.0
1261.0 296.0 7.593750000000096
1265.0 277.0 9.0
1269.0 292.0 8.403865827724442
1269.0 304.0 9.0
1271.0 261.0 9.0
1277.0 273.0 9.0
1279.0 279.0 9.0
1281.0 254.0 9.0
1295.0 236.0 9.0
1295.0 249.0 9.0
1297.0 279.0 9.0
1303.0 284.0 9.0
1305.0 271.0 9.0
1309.0 304.0 9.0
1311.0 281.0 9.0
1331.0 318.0 9.0
1351.0 274.0 9.0
1355.0 285.0 9.0
1357.0 262.0 9.0
1359.0 297.0 9.0
1361.0 253.0 9.0
1371.0 282.0 9.0
1381.0 261.0 9.0
1383.0 301.0 9.0
1385.0 275.0 9.0
1391.0 301.0 9.0
1393.0 276.0 9.0
1399.0 289.0 9.0
1417.0 258.0 9.0
1449.0 231.0 9.0
1451.0 291.0 9.0
1457.0 287.0 9.0
1459.0 286.0 9.0
1461.0 281.0 9.0
1471.0 268.0 9.0
1493.0 279.0 9.0
1567.0 303.0 9.0
1585.0 269.0 9.0
1595.0 281.0 9.0
1833.0 306.0 9.0
