rev1.1
4327.0 980.0 9.0
4421.0 1007.0 9.0
4455.0 1005.0 9.0
4493.0 1019.0 9.0
4497.0 1043.0 9.0
4591.0 1006.0 9.0
4669.0 955.0 9.0
4727.0 1072.0 9.0
4769.0 1063.0 9.0
4773.0 1077.0 9.0
4865.0 1081.0 9.0
4865.0 984.0 9.0
4875.0 1021.0 9.0
4887.0 1032.0 9.0
4929.0 1043.0 9.0
4965.0 1060.0 9.0
5011.0 1121.0 9.0
5015.0 1093.0 9.0
5033.0 1061.0 9.0
5075.0 1020.0 9.0
5077.0 1042.0 9.0
5089.0 1019.0 9.0
5089.0 1069.0 9.0
5097.0 1085.0 9.0
5099.0 1026.0 9.0
5099.0 1062.0 9.0
5101.0 1155.0 9.0
5105.0 1072.0 9.0
5131.0 1067.0 9.0
5135.0 1037.0 9.0
5145.0 1053.0 9.0
5155.0 1077.0 9.0
5159.0 1061.0 9.0
5169.0 1110.0 9.0
5177.0 1043.0 9.0
5179.0 1085.0 9.0
5193.0 1083.0 9.0
5213.0 1084.0 9.0
5215.0 1024.0 9.0
5225.0 1078.0 9.0
5227.0 1120.0 9.0
5235.0 1046.0 9.0
5261.0 1067.0 9.0
5261.0 1061.0 9.0
5279.0 1077.0 9.0
5281.0 1022.0 9.0
5281.0 1081.0 9.0
5283.0 1089.0 9.0
5287.0 1032.0 9.0
5305.0 1065.0 9.0
5305.0 1076.0 9.0
5311.0 1122.0 9.0
5311.0 1032.0 9.0
5313.0 1041.0 9.0
5341.0 1056.0 9.0
5351.0 1069.0 9.0
5357.0 1069.0 9.0
5359.0 1122.0 9.0
5359.0 1070.0 9.0
5359.0 1064.0 9.0
5373.0 1086.0 9.0
5391.0 1089.0 9.0
5393.0 1098.0 9.0
5411.0 1042.0 9.0
5447.0 1067.0 9.0
5449.0 1109.0 9.0
5455.0 1049.0 9.0
5483.0 1088.0 9.0
5497.0 1020.0 9.0
5511.0 1055.0 9.0
5591.0 1046.0 9.0
5639.0 1121.0 9.0
5691.0 1082.0 9.0
5695.0 1085.0 9.0
5709.0 1179.0 9.0
5739.0 1000.0 9.0
5763.0 1116.0 9.0
5797.0 1073.0 9.0
5829.0 1106.0 9.0
5885.0 1098.0 9.0
5919.0 1105.0 9.0
5921.0 1067.0 9.0
5933.0 1101.0 9.0
5955.0 1111.0 9.0
5959.0 1133.0 9.0
5971.0 1128.0 9.0
6057.0 1116.0 9.0
6061.0 1076.0 9.0
6105.0 1077.0 9.0
6331.0 1118.0 9.0
6363.0 1109.0 9.0
6437.0 1214.0 9.0
6529.0 1122.0 9.0
6535.0 1163.0 9.0
6621.0 1165.0 9.0
6633.0 1164.0 9.0
6775.0 1159.0 9.0
6777.0 1248.0 9.0
6869.0 1244.0 9.0
6965.0 1264.0 9.0
