rev1.1
1985.0 549.0 9.0
2007.0 491.0 8.40386582772448
2081.0 533.0 9.0
2087.0 482.0 9.0
2117.0 474.0 9.0
2141.0 574.0 9.0
2149.0 511.0 9.0
2201.0 461.0 9.0
2213.0 515.0 9.0
2213.0 520.0 9.0
2219.0 522.0 9.0
2221.0 495.0 9.0
2229.0 524.0 9.0
2291.0 503.0 9.0
2293.0 515.0 9.0
2301.0 502.0 9.0
2301.0 516.0 9.0
2321.0 573.0 9.0
2321.0 508.0 9.0
2325.0 542.0 9.0
2325.0 532.0 8.403865827724404
2331.0 514.0 9.0
2335.0 539.0 9.0
2339.0 538.0 9.0
2351.0 517.0 9.0
2369.0 470.0 9.0
2387.0 535.0 9.0
2391.0 545.0 9.0
2395.0 502.0 9.0
2409.0 559.0 9.0
2419.0 530.0 9.0
2421.0 522.0 9.0
2423.0 530.0 9.0
2427.0 509.0 9.0
2429.0 511.0 9.0
2435.0 481.0 9.0
2445.0 543.0 9.0
2453.0 501.0 9.0
2475.0 561.0 9.0
2497.0 560.0 9.0
2501.0 556.0 9.0
2513.0 536.0 9.0
2533.0 494.0 9.0
2543.0 485.0 9.0
2549.0 567.0 9.0
2559.0 531.0 9.0
2573.0 549.0 9.0
2583.0 536.0 9.0
2585.0 530.0 9.0
2587.0 543.0 9.0
2593.0 548.0 9.0
2595.0 534.0 9.0
2599.0 605.0 9.0
2609.0 535.0 9.0
2615.0 536.0 9.0
2617.0 546.0 9.0
2625.0 540.0 9.0
2627.0 534.0 9.0
2637.0 561.0 9.0
2653.0 555.0 9.0
2655.0 526.0 9.0
2659.0 541.0 9.0
2699.0 532.0 9.0
2701.0 592.0 9.0
2713.0 524.0 9.0
2715.0 525.0 9.0
2721.0 513.0 9.0
2729.0 546.0 9.0
2735.0 541.0 9.0
2747.0 526.0 9.0
2757.0 507.0 9.0
2765.0 578.0 9.0
2773.0 628.0 9.0
2779.0 527.0 9.0
2781.0 581.0 9.0
2787.0 599.0 9.0
2787.0 557.0 9.0
2793.0 555.0 9.0
2803.0 545.0 9.0
2807.0 623.0 9.0
2819.0 538.0 9.0
2827.0 582.0 9.0
2849.0 543.0 9.0
2861.0 565.0 9.0
2879.0 608.0 9.0
2899.0 550.0 9.0
2903.0 567.0 9.0
2919.0 552.0 9.0
2951.0 552.0 9.0
3001.0 581.0 9.0
3003.0 598.0 9.0
3025.0 531.0 9.0
3053.0 578.0 9.0
3077.0 568.0 9.0
3127.0 594.0 9.0
3129.0 592.0 9.0
3175.0 594.0 9.0
3177.0 622.0 9.0
3411.0 595.0 9.0
3517.0 584.0 9.0
