rev1.1
2475.0 586.0 9.0
2507.0 595.0 9.0
2649.0 588.0 9.0
2673.0 669.0 9.0
2695.0 603.0 9.0
2713.0 678.0 9.0
2725.0 714.0 9.0
2781.0 632.0 9.0
2807.0 682.0 9.0
2811.0 687.0 9.0
2825.0 676.0 9.0
2839.0 648.0 9.0
2849.0 723.0 9.0
2863.0 631.0 9.0
2901.0 653.0 9.0
2933.0 651.0 9.0
2979.0 697.0 9.0
2989.0 707.0 9.0
2995.0 625.0 9.0
2999.0 687.0 9.0
3001.0 760.0 9.0
3003.0 678.0 9.0
3027.0 760.0 9.0
3049.0 705.0 9.0
3055.0 718.0 9.0
3065.0 686.0 9.0
3075.0 696.0 9.0
3109.0 651.0 9.0
3119.0 763.0 9.0
3129.0 740.0 9.0
3129.0 687.0 9.0
3131.0 745.0 9.0
3163.0 701.0 9.0
3163.0 662.0 9.0
3215.0 649.0 9.0
3217.0 705.0 9.0
3261.0 735.0 9.0
3263.0 727.0 9.0
3265.0 695.0 9.0
3269.0 735.0 9.0
3269.0 647.0 9.0
3277.0 741.0 9.0
3281.0 672.0 9.0
3321.0 756.0 9.0
3329.0 732.0 9.0
3329.0 759.0 9.0
3341.0 741.0 9.0
3349.0 737.0 9.0
3413.0 795.0 9.0
3413.0 747.0 9.0
3419.0 695.0 9.0
3419.0 664.0 9.0
3423.0 775.0 9.0
3433.0 736.0 9.0
3433.0 686.0 9.0
3447.0 698.0 9.0
3483.0 792.0 9.0
3505.0 753.0 9.0
3525.0 705.0 9.0
3535.0 743.0 9.0
3557.0 740.0 9.0
3587.0 693.0 9.0
3589.0 751.0 9.0
3593.0 749.0 9.0
3597.0 674.0 9.0
3603.0 671.0 9.0
3625.0 686.0 9.0
3631.0 727.0 9.0
3635.0 680.0 9.0
3665.0 742.0 9.0
3683.0 781.0 9.0
3737.0 710.0 9.0
3751.0 749.0 9.0
3805.0 731.0 9.0
3817.0 733.0 9.0
3897.0 762.0 9.0
3945.0 777.0 9.0
3963.0 722.0 9.0
3989.0 775.0 9.0
4001.0 696.0 9.0
4033.0 855.0 9.0
4063.0 763.0 9.0
4099.0 719.0 9.0
4099.0 803.0 9.0
4215.0 723.0 9.0
4249.0 780.0 9.0
4251.0 810.0 9.0
4267.0 727.0 9.0
4273.0 807.0 9.0
4305.0 801.0 9.0
4313.0 776.0 9.0
4313.0 841.0 9.0
4347.0 694.0 9.0
4483.0 871.0 9.0
4509.0 796.0 9.0
4643.0 866.0 9.0
4677.0 791.0 9.0
4705.0 834.0 9.0
4745.0 788.0 9.0
4793.0 799.0 9.0
