rev1.1
12153.0 2740.0 9.0
12179.0 2546.0 9.0
12187.0 2745.0 9.0
12277.0 2510.0 9.0
12295.0 2693.0 9.0
12381.0 2658.0 9.0
12449.0 2862.0 9.0
12577.0 2613.0 9.0
12645.0 2788.0 9.0
12867.0 2658.0 9.0
12893.0 2685.0 9.0
12905.0 2749.0 9.0
12967.0 2601.0 9.0
12981.0 2890.0 9.0
13025.0 2726.0 9.0
13117.0 2860.0 9.0
13131.0 2736.0 9.0
13133.0 2762.0 9.0
13209.0 2795.0 9.0
13209.0 2826.0 9.0
13229.0 2758.0 9.0
13233.0 2823.0 9.0
13259.0 2788.0 9.0
13263.0 2750.0 9.0
13281.0 2623.0 9.0
13289.0 2691.0 9.0
13335.0 2805.0 9.0
13339.0 2728.0 9.0
13345.0 2880.0 9.0
13355.0 2652.0 9.0
13411.0 2795.0 9.0
13471.0 2679.0 9.0
13601.0 2802.0 9.0
13643.0 2893.0 9.0
13699.0 2837.0 9.0
13809.0 2806.0 9.0
13835.0 2815.0 9.0
13887.0 2692.0 9.0
13905.0 2865.0 9.0
13923.0 2709.0 9.0
14015.0 2841.0 9.0
14081.0 2948.0 9.0
14183.0 2830.0 9.0
14231.0 2915.0 9.0
14249.0 2851.0 9.0
14281.0 2852.0 9.0
14283.0 2926.0 9.0
14379.0 2814.0 9.0
14389.0 2912.0 9.0
14427.0 2984.0 9.0
14435.0 2883.0 9.0
14435.0 2902.0 9.0
14455.0 2854.0 9.0
14515.0 2752.0 9.0
14733.0 2734.0 9.0
14765.0 2902.0 9.0
14803.0 2921.0 9.0
14827.0 2819.0 9.0
14941.0 2835.0 9.0
14947.0 2921.0 9.0
15023.0 2778.0 9.0
15109.0 2890.0 9.0
15113.0 3002.0 9.0
15127.0 2835.0 9.0
15145.0 2888.0 9.0
15149.0 3016.0 9.0
15171.0 2916.0 9.0
15245.0 2842.0 9.0
15301.0 3028.0 9.0
15327.0 2806.0 9.0
15331.0 3012.0 9.0
15535.0 2869.0 9.0
15555.0 3011.0 9.0
15611.0 2951.0 9.0
15777.0 3040.0 9.0
15845.0 2992.0 9.0
15853.0 2847.0 9.0
15987.0 2883.0 9.0
16039.0 2991.0 9.0
16081.0 2892.0 9.0
16163.0 2929.0 9.0
16209.0 3141.0 9.0
16221.0 3137.0 9.0
16361.0 2955.0 9.0
16367.0 2868.0 9.0
16493.0 2952.0 9.0
16499.0 2898.0 9.0
16507.0 2816.0 9.0
16547.0 3107.0 9.0
16631.0 3034.0 9.0
16677.0 2919.0 9.0
17689.0 3043.0 9.0
17729.0 3249.0 9.0
17827.0 2989.0 9.0
18251.0 3177.0 9.0
18391.0 2957.0 9.0
19663.0 3007.0 9.0
21383.0 3266.0 9.0
21625.0 3223.0 9.0
24147.0 3405.0 9.0
