rev1.1
5837.0 1235.0 9.0
5889.0 1352.0 9.0
6011.0 1348.0 9.0
6011.0 1393.0 9.0
6013.0 1410.0 9.0
6043.0 1263.0 9.0
6061.0 1391.0 9.0
6101.0 1394.0 9.0
6123.0 1326.0 9.0
6275.0 1361.0 9.0
6277.0 1342.0 9.0
6279.0 1429.0 9.0
6307.0 1441.0 9.0
6309.0 1431.0 9.0
6345.0 1320.0 9.0
6381.0 1234.0 9.0
6445.0 1270.0 9.0
6465.0 1457.0 9.0
6489.0 1424.0 9.0
6495.0 1416.0 9.0
6521.0 1291.0 9.0
6545.0 1388.0 9.0
6553.0 1383.0 9.0
6569.0 1317.0 9.0
6607.0 1356.0 9.0
6639.0 1298.0 9.0
6657.0 1497.0 9.0
6659.0 1340.0 9.0
6695.0 1484.0 9.0
6701.0 1431.0 9.0
6731.0 1431.0 9.0
6735.0 1357.0 9.0
6781.0 1400.0 9.0
6795.0 1436.0 9.0
6801.0 1409.0 9.0
6819.0 1423.0 9.0
6841.0 1448.0 9.0
6843.0 1315.0 9.0
6859.0 1426.0 9.0
6863.0 1376.0 9.0
6875.0 1375.0 9.0
6911.0 1442.0 9.0
6919.0 1307.0 9.0
6947.0 1533.0 9.0
6959.0 1393.0 9.0
6963.0 1423.0 9.0
6975.0 1503.0 9.0
6987.0 1469.0 9.0
6995.0 1419.0 9.0
7015.0 1491.0 9.0
7017.0 1319.0 9.0
7063.0 1402.0 9.0
7065.0 1506.0 9.0
7115.0 1455.0 9.0
7151.0 1435.0 9.0
7153.0 1436.0 9.0
7163.0 1393.0 9.0
7181.0 1524.0 9.0
7205.0 1413.0 9.0
7225.0 1490.0 9.0
7259.0 1442.0 9.0
7277.0 1385.0 9.0
7329.0 1354.0 9.0
7341.0 1416.0 9.0
7391.0 1425.0 9.0
7391.0 1488.0 9.0
7415.0 1434.0 9.0
7421.0 1506.0 9.0
7439.0 1493.0 9.0
7461.0 1479.0 9.0
7489.0 1479.0 9.0
7519.0 1488.0 9.0
7519.0 1319.0 9.0
7545.0 1410.0 9.0
7573.0 1365.0 9.0
7577.0 1517.0 9.0
7589.0 1449.0 9.0
7599.0 1537.0 9.0
7631.0 1623.0 9.0
7655.0 1469.0 9.0
7803.0 1446.0 9.0
7805.0 1493.0 9.0
7815.0 1509.0 9.0
7903.0 1540.0 9.0
7905.0 1524.0 9.0
8007.0 1442.0 9.0
8079.0 1498.0 9.0
8159.0 1433.0 9.0
8179.0 1553.0 9.0
8201.0 1465.0 9.0
8363.0 1534.0 9.0
8375.0 1578.0 9.0
8467.0 1550.0 9.0
8533.0 1563.0 9.0
8647.0 1704.0 9.0
8969.0 1553.0 9.0
9097.0 1543.0 9.0
9357.0 1556.0 9.0
9365.0 1595.0 9.0
10107.0 1603.0 9.0
