rev1.1
104675.0 21909.0 9.0
107485.0 21595.0 9.0
108123.0 21916.0 9.0
108803.0 22033.0 9.0
110005.0 22400.0 9.0
110075.0 21921.0 9.0
110271.0 21941.0 9.0
110327.0 22202.0 9.0
112397.0 21734.0 9.0
112399.0 22126.0 9.0
112435.0 21545.0 9.0
113097.0 22062.0 9.0
113159.0 22155.0 9.0
113639.0 22454.0 9.0
114009.0 22074.0 9.0
114329.0 22427.0 9.0
114573.0 22431.0 9.0
114681.0 22151.0 9.0
114703.0 22257.0 9.0
114717.0 22009.0 9.0
115041.0 22569.0 9.0
115167.0 22094.0 9.0
115215.0 22044.0 9.0
115685.0 22345.0 9.0
115715.0 22708.0 9.0
115727.0 22488.0 9.0
116461.0 22353.0 9.0
116567.0 22443.0 9.0
116665.0 22564.0 9.0
116669.0 22695.0 9.0
116669.0 22362.0 9.0
116849.0 22702.0 9.0
116973.0 22362.0 9.0
117037.0 21978.0 9.0
117347.0 22458.0 9.0
117383.0 22384.0 9.0
117395.0 22085.0 9.0
117807.0 22384.0 9.0
117843.0 22122.0 9.0
117991.0 22475.0 9.0
118269.0 22383.0 9.0
118953.0 22543.0 9.0
119239.0 22680.0 9.0
119307.0 22149.0 9.0
119423.0 22388.0 9.0
119445.0 22337.0 9.0
119451.0 22456.0 9.0
119531.0 22680.0 9.0
119609.0 22581.0 9.0
119719.0 22741.0 9.0
119821.0 22730.0 9.0
119963.0 22712.0 9.0
120707.0 22547.0 9.0
121045.0 22491.0 9.0
121055.0 22711.0 9.0
121591.0 22777.0 9.0
122123.0 22790.0 9.0
122203.0 22684.0 9.0
122347.0 22918.0 9.0
122429.0 22448.0 9.0
122489.0 22650.0 9.0
122731.0 22734.0 9.0
123025.0 22726.0 9.0
123051.0 22715.0 9.0
123471.0 22667.0 9.0
123495.0 22980.0 9.0
123563.0 22502.0 9.0
123871.0 22468.0 9.0
123939.0 22456.0 9.0
124013.0 22835.0 9.0
124993.0 22412.0 9.0
125779.0 22829.0 9.0
126151.0 23005.0 9.0
126237.0 22896.0 9.0
127145.0 23011.0 9.0
127321.0 22625.0 9.0
127785.0 22822.0 9.0
128819.0 23490.0 9.0
128883.0 23121.0 9.0
130465.0 22854.0 9.0
131483.0 23395.0 9.0
131795.0 23289.0 9.0
133101.0 23323.0 9.0
133181.0 23485.0 9.0
133313.0 23717.0 9.0
134587.0 23286.0 9.0
134953.0 23273.0 9.0
135031.0 23352.0 9.0
135285.0 23178.0 9.0
135311.0 22718.0 9.0
136857.0 23691.0 9.0
141109.0 23492.0 9.0
141851.0 23812.0 9.0
145517.0 23812.0 9.0
145747.0 24455.0 9.0
148181.0 23746.0 9.0
148423.0 23867.0 9.0
152977.0 24232.0 9.0
157675.0 24920.0 9.0
170435.0 25334.0 9.0
