rev1.1
23353.0 5266.0 9.0
24683.0 5264.0 9.0
24995.0 5507.0 9.0
25341.0 5314.0 9.0
25399.0 5118.0 9.0
25659.0 5365.0 9.0
25707.0 5214.0 9.0
25949.0 5353.0 9.0
26287.0 5434.0 9.0
26307.0 5444.0 9.0
26327.0 5607.0 9.0
26571.0 5520.0 9.0
26589.0 5519.0 9.0
26599.0 5538.0 9.0
26633.0 5467.0 9.0
26655.0 5448.0 9.0
26699.0 5460.0 9.0
26735.0 5406.0 9.0
27107.0 5338.0 9.0
27201.0 5648.0 9.0
27361.0 5579.0 9.0
27563.0 5473.0 9.0
27575.0 5341.0 9.0
27647.0 5679.0 9.0
27841.0 5631.0 9.0
27899.0 5668.0 9.0
27951.0 5546.0 9.0
27975.0 5494.0 9.0
28007.0 5518.0 9.0
28017.0 5385.0 9.0
28019.0 5518.0 9.0
28113.0 5801.0 9.0
28117.0 5731.0 9.0
28167.0 5882.0 9.0
28249.0 5675.0 9.0
28389.0 5685.0 9.0
28425.0 5572.0 9.0
28483.0 5494.0 9.0
28589.0 5374.0 9.0
28601.0 5528.0 9.0
28649.0 5561.0 9.0
28811.0 5488.0 9.0
28955.0 5471.0 9.0
29031.0 5601.0 9.0
29049.0 5582.0 9.0
29055.0 5781.0 9.0
29125.0 5569.0 9.0
29133.0 5861.0 9.0
29297.0 5689.0 9.0
29315.0 5774.0 9.0
29443.0 5580.0 9.0
29557.0 5737.0 9.0
29635.0 5896.0 9.0
29739.0 5835.0 9.0
29801.0 5692.0 9.0
29947.0 5646.0 9.0
29985.0 5749.0 9.0
29997.0 5725.0 9.0
30115.0 5723.0 9.0
30195.0 5466.0 9.0
30315.0 5628.0 9.0
30319.0 5712.0 9.0
30421.0 5748.0 9.0
30469.0 5808.0 9.0
30493.0 5760.0 9.0
30609.0 5594.0 9.0
30781.0 5716.0 9.0
30815.0 5801.0 9.0
31029.0 5771.0 9.0
31113.0 5667.0 9.0
31407.0 5667.0 9.0
31549.0 5883.0 9.0
31561.0 5851.0 9.0
31591.0 5871.0 9.0
31615.0 5580.0 9.0
31701.0 5697.0 9.0
31795.0 6047.0 9.0
31837.0 5823.0 9.0
31931.0 5941.0 9.0
31993.0 5936.0 9.0
32127.0 6001.0 9.0
32357.0 5994.0 9.0
32373.0 5720.0 9.0
32445.0 5789.0 9.0
32559.0 5788.0 9.0
32593.0 5858.0 9.0
32705.0 5881.0 9.0
33037.0 5901.0 9.0
33341.0 5940.0 9.0
33375.0 6045.0 9.0
33529.0 5908.0 9.0
33577.0 5999.0 9.0
33973.0 5761.0 9.0
34333.0 6002.0 9.0
34615.0 6039.0 9.0
34977.0 5940.0 9.0
36319.0 6037.0 9.0
36667.0 6151.0 9.0
36845.0 5978.0 9.0
37339.0 6042.0 9.0
