rev1.1
951557.0 177805.0 9.0
961255.0 178672.0 9.0
968689.0 179094.0 9.0
976225.0 179332.0 9.0
977179.0 179297.0 9.0
981503.0 179870.0 9.0
984003.0 180929.0 9.0
988137.0 179622.0 9.0
988755.0 179216.0 9.0
989053.0 180193.0 9.0
991277.0 180663.0 9.0
993681.0 180712.0 9.0
995847.0 180446.0 9.0
997595.0 179411.0 9.0
997959.0 180552.0 9.0
999603.0 180852.0 9.0
1000091.0 180144.0 9.0
1000515.0 180455.0 9.0
1000757.0 181002.0 9.0
1001783.0 181241.0 9.0
1004995.0 180996.0 9.0
1011513.0 181015.0 9.0
1011887.0 181868.0 9.0
1012301.0 182056.0 9.0
1012677.0 181846.0 9.0
1021615.0 182243.0 9.0
1022575.0 182073.0 9.0
1024275.0 181691.0 9.0
1024565.0 181362.0 9.0
1031351.0 181285.0 9.0
1031991.0 182731.0 9.0
1032023.0 181854.0 9.0
1032117.0 182475.0 9.0
1032567.0 182716.0 9.0
1034279.0 181738.0 9.0
1035209.0 182155.0 9.0
1036007.0 182324.0 9.0
1041999.0 183735.0 9.0
1042063.0 183299.0 9.0
1042253.0 182777.0 9.0
1043765.0 182911.0 9.0
1044223.0 182486.0 9.0
1045835.0 182908.0 9.0
1046345.0 182609.0 9.0
1048751.0 183606.0 9.0
1050163.0 183564.0 9.0
1050507.0 182190.0 9.0
1051347.0 184236.0 9.0
1053867.0 183420.0 9.0
1055377.0 183895.0 9.0
1055835.0 183499.0 9.0
1056473.0 182730.0 9.0
1056485.0 184999.0 9.0
1059799.0 183652.0 9.0
1060247.0 184353.0 9.0
1061997.0 183316.0 9.0
1065139.0 183534.0 9.0
1067895.0 185464.0 9.0
1068353.0 183553.0 9.0
1070865.0 184429.0 9.0
1071407.0 184341.0 9.0
1072413.0 185255.0 9.0
1074185.0 184372.0 9.0
1088385.0 184747.0 9.0
1088865.0 185845.0 9.0
1088919.0 184369.0 9.0
1093445.0 185306.0 9.0
1096703.0 186041.0 9.0
1098021.0 185318.0 9.0
1098239.0 186346.0 9.0
1098609.0 186051.0 9.0
1101507.0 185434.0 9.0
1102083.0 186630.0 9.0
1103901.0 185718.0 9.0
1106119.0 187080.0 9.0
1111489.0 187117.0 9.0
1115191.0 186786.0 9.0
1122615.0 186523.0 9.0
1122889.0 187131.0 9.0
1123749.0 186078.0 9.0
1124779.0 186816.0 9.0
1125347.0 187830.0 9.0
1125787.0 187688.0 9.0
1126773.0 187715.0 9.0
1133065.0 189037.0 9.0
1146061.0 188046.0 9.0
1148889.0 188568.0 9.0
1149495.0 188656.0 9.0
1152473.0 189542.0 9.0
1154795.0 189320.0 9.0
1168201.0 189571.0 9.0
1178203.0 190682.0 9.0
1183295.0 191586.0 9.0
1185747.0 190672.0 9.0
1189779.0 191126.0 9.0
1190801.0 191323.0 9.0
1207467.0 192714.0 9.0
1222129.0 193552.0 9.0
1235845.0 193184.0 9.0
1423521.0 203502.0 9.0
