rev1.1
1031.0 276.0 8.403865827724443
1159.0 284.0 5.602577218482975
1213.0 305.0 6.200270911419955
1231.0 331.0 8.403865827724413
1233.0 301.0 9.0
1291.0 327.0 9.0
1311.0 318.0 7.593750000000073
1341.0 312.0 9.0
1369.0 319.0 9.0
1375.0 296.0 9.0
1377.0 293.0 9.0
1381.0 374.0 6.200270911420038
1391.0 288.0 9.0
1431.0 299.0 9.0
1451.0 305.0 9.0
1453.0 316.0 9.0
1457.0 374.0 9.0
1465.0 332.0 9.0
1481.0 284.0 9.0
1505.0 323.0 9.0
1527.0 300.0 9.0
1533.0 354.0 9.0
1533.0 314.0 9.0
1557.0 380.0 9.0
1563.0 347.0 9.0
1575.0 390.0 8.403865827724474
1579.0 338.0 9.0
1579.0 333.0 8.403865827724468
1587.0 362.0 9.0
1587.0 351.0 9.0
1589.0 391.0 9.0
1591.0 403.0 9.0
1595.0 349.0 9.0
1603.0 357.0 9.0
1611.0 414.0 6.861727714912335
1627.0 386.0 8.403865827724482
1627.0 325.0 9.0
1657.0 318.0 9.0
1661.0 373.0 9.0
1663.0 301.0 9.0
1695.0 371.0 9.0
1699.0 410.0 9.0
1715.0 392.0 9.0
1725.0 413.0 9.0
1729.0 378.0 9.0
1737.0 371.0 9.0
1747.0 374.0 9.0
1769.0 416.0 9.0
1773.0 404.0 9.0
1795.0 384.0 9.0
1799.0 359.0 9.0
1803.0 364.0 9.0
1807.0 386.0 9.0
1809.0 394.0 9.0
1809.0 386.0 9.0
1827.0 389.0 9.0
1833.0 359.0 9.0
1835.0 398.0 9.0
1835.0 321.0 9.0
1843.0 354.0 9.0
1863.0 353.0 9.0
1871.0 439.0 9.0
1871.0 373.0 9.0
1881.0 411.0 9.0
1895.0 373.0 9.0
1895.0 386.0 9.0
1897.0 407.0 9.0
1913.0 337.0 9.0
1931.0 374.0 9.0
1933.0 410.0 9.0
1955.0 445.0 9.0
1957.0 443.0 9.0
1963.0 416.0 9.0
1969.0 380.0 9.0
1975.0 458.0 9.0
1979.0 389.0 9.0
1983.0 387.0 9.0
1993.0 369.0 9.0
1995.0 429.0 9.0
2031.0 412.0 9.0
2043.0 476.0 9.0
2047.0 432.0 9.0
2073.0 435.0 9.0
2085.0 392.0 9.0
2111.0 395.0 9.0
2123.0 424.0 9.0
2139.0 435.0 9.0
2177.0 423.0 9.0
2193.0 432.0 9.0
2201.0 430.0 9.0
2205.0 340.0 9.0
2237.0 471.0 9.0
2259.0 422.0 9.0
2263.0 399.0 9.0
2339.0 344.0 9.0
2355.0 358.0 9.0
2417.0 494.0 9.0
2421.0 425.0 9.0
2599.0 416.0 9.0
3081.0 463.0 9.0
