rev1.1
222601.0 44110.0 9.0
224481.0 43914.0 9.0
225199.0 44386.0 9.0
227571.0 44972.0 9.0
227619.0 44549.0 9.0
228243.0 44239.0 9.0
229463.0 44678.0 9.0
229795.0 44223.0 9.0
229957.0 44554.0 9.0
230109.0 45058.0 9.0
231251.0 44451.0 9.0
231375.0 44967.0 9.0
231633.0 44376.0 9.0
232439.0 44459.0 9.0
233379.0 44627.0 9.0
233629.0 44056.0 9.0
235733.0 44523.0 9.0
236145.0 44378.0 9.0
238727.0 45366.0 9.0
239027.0 45305.0 9.0
239349.0 45251.0 9.0
239719.0 44557.0 9.0
239721.0 44944.0 9.0
239761.0 44819.0 9.0
240069.0 44810.0 9.0
240437.0 45384.0 9.0
240601.0 45284.0 9.0
240817.0 43938.0 9.0
241259.0 45557.0 9.0
241589.0 45077.0 9.0
242003.0 44419.0 9.0
242287.0 45027.0 9.0
242299.0 45094.0 9.0
242679.0 44851.0 9.0
242987.0 44616.0 9.0
243293.0 45469.0 9.0
243447.0 45310.0 9.0
244057.0 45045.0 9.0
244159.0 45278.0 9.0
245555.0 45286.0 9.0
245683.0 45232.0 9.0
245911.0 45055.0 9.0
245967.0 46019.0 9.0
246129.0 45313.0 9.0
246465.0 44974.0 9.0
246837.0 45580.0 9.0
246917.0 45113.0 9.0
247745.0 45267.0 9.0
247931.0 44970.0 9.0
248547.0 45139.0 9.0
248715.0 45608.0 9.0
249005.0 45754.0 9.0
250253.0 45637.0 9.0
251345.0 45558.0 9.0
251387.0 46134.0 9.0
252295.0 45271.0 9.0
252659.0 45551.0 9.0
252987.0 45850.0 9.0
253761.0 46247.0 9.0
254203.0 45424.0 9.0
254227.0 45351.0 9.0
255229.0 45375.0 9.0
256107.0 45876.0 9.0
256359.0 46300.0 9.0
256937.0 46247.0 9.0
257287.0 45514.0 9.0
257697.0 45485.0 9.0
257991.0 45589.0 9.0
258209.0 46124.0 9.0
258467.0 45977.0 9.0
259099.0 46227.0 9.0
259607.0 46090.0 9.0
259797.0 46191.0 9.0
261033.0 46323.0 9.0
262947.0 46296.0 9.0
263419.0 46022.0 9.0
265583.0 46492.0 9.0
265623.0 46158.0 9.0
265647.0 46628.0 9.0
265657.0 46598.0 9.0
265719.0 46181.0 9.0
266651.0 46248.0 9.0
267343.0 45921.0 9.0
268619.0 47157.0 9.0
269391.0 46157.0 9.0
269861.0 46401.0 9.0
270025.0 46673.0 9.0
270841.0 46970.0 9.0
275001.0 47072.0 9.0
275217.0 47197.0 9.0
275449.0 46697.0 9.0
275497.0 46991.0 9.0
275563.0 47245.0 9.0
281167.0 46322.0 9.0
281885.0 47224.0 9.0
283693.0 47169.0 9.0
285753.0 47442.0 9.0
285805.0 47692.0 9.0
298923.0 47884.0 9.0
335343.0 50375.0 9.0
