rev1.1
463579.0 87752.0 9.0
469889.0 89254.0 9.0
469997.0 89570.0 9.0
472815.0 88691.0 9.0
476829.0 89470.0 9.0
477049.0 89574.0 9.0
477857.0 89479.0 9.0
478545.0 89140.0 9.0
479627.0 89494.0 9.0
479699.0 89497.0 9.0
480863.0 89383.0 9.0
481167.0 89058.0 9.0
482345.0 88723.0 9.0
483327.0 89080.0 9.0
483511.0 90248.0 9.0
483681.0 90252.0 9.0
485265.0 89279.0 9.0
487077.0 89112.0 9.0
487811.0 89086.0 9.0
488825.0 90311.0 9.0
490197.0 89754.0 9.0
490393.0 90754.0 9.0
495607.0 89690.0 9.0
495755.0 90257.0 9.0
496103.0 90713.0 9.0
497125.0 89403.0 9.0
497631.0 90904.0 9.0
498183.0 91148.0 9.0
498361.0 90683.0 9.0
499401.0 90449.0 9.0
499845.0 91397.0 9.0
500127.0 90604.0 9.0
501087.0 90968.0 9.0
503445.0 90773.0 9.0
504859.0 90461.0 9.0
505421.0 91546.0 9.0
505447.0 90500.0 9.0
505933.0 91096.0 9.0
506027.0 90591.0 9.0
506517.0 90659.0 9.0
507305.0 90411.0 9.0
507801.0 91591.0 9.0
507955.0 90604.0 9.0
509851.0 91197.0 9.0
510045.0 91431.0 9.0
510645.0 91486.0 9.0
511245.0 91108.0 9.0
511491.0 91162.0 9.0
511699.0 91675.0 9.0
513265.0 90917.0 9.0
514503.0 90826.0 9.0
515653.0 91714.0 9.0
515893.0 91595.0 9.0
516189.0 91407.0 9.0
516609.0 91306.0 9.0
517547.0 91550.0 9.0
518795.0 91597.0 9.0
519559.0 91755.0 9.0
520547.0 91515.0 9.0
523385.0 91215.0 9.0
523595.0 92304.0 9.0
524425.0 91858.0 9.0
524699.0 91921.0 9.0
525515.0 92231.0 9.0
526081.0 92123.0 9.0
526807.0 92292.0 9.0
527305.0 92072.0 9.0
527311.0 92504.0 9.0
529833.0 92459.0 9.0
531991.0 91850.0 9.0
532867.0 92432.0 9.0
539767.0 93248.0 9.0
541053.0 93353.0 9.0
542063.0 92785.0 9.0
543017.0 93019.0 9.0
545787.0 92683.0 9.0
546897.0 92946.0 9.0
547969.0 93357.0 9.0
552857.0 93871.0 9.0
553505.0 93616.0 9.0
555387.0 93647.0 9.0
557161.0 93169.0 9.0
557221.0 94309.0 9.0
557503.0 94129.0 9.0
558835.0 94035.0 9.0
560967.0 94136.0 9.0
561043.0 93913.0 9.0
564087.0 94154.0 9.0
567509.0 94631.0 9.0
571725.0 94694.0 9.0
572899.0 95096.0 9.0
574563.0 94697.0 9.0
575761.0 95235.0 9.0
576453.0 94369.0 9.0
594273.0 95266.0 9.0
594297.0 95904.0 9.0
618601.0 97842.0 9.0
627247.0 97522.0 9.0
635193.0 97763.0 9.0
651245.0 98721.0 9.0
