rev1.1
53811.0 11101.0 9.0
53899.0 10829.0 9.0
53929.0 10965.0 9.0
54157.0 10957.0 9.0
54633.0 11067.0 9.0
54817.0 10793.0 9.0
55153.0 10908.0 9.0
55171.0 11050.0 9.0
55663.0 11108.0 9.0
55755.0 11163.0 9.0
56035.0 11081.0 9.0
56307.0 11193.0 9.0
56403.0 11111.0 9.0
56501.0 10805.0 9.0
56515.0 10957.0 9.0
56549.0 10958.0 9.0
56549.0 11135.0 9.0
56577.0 11236.0 9.0
56611.0 11075.0 9.0
56829.0 11211.0 9.0
56847.0 11044.0 9.0
56889.0 11154.0 9.0
56963.0 10996.0 9.0
56965.0 11384.0 9.0
57047.0 11039.0 9.0
57445.0 11280.0 9.0
57515.0 10953.0 9.0
57673.0 11170.0 9.0
57921.0 11176.0 9.0
58257.0 11209.0 9.0
58411.0 11344.0 9.0
58607.0 11274.0 9.0
58695.0 11184.0 9.0
58755.0 11433.0 9.0
58763.0 11223.0 9.0
58765.0 11255.0 9.0
59309.0 11129.0 9.0
59349.0 11401.0 9.0
59351.0 11358.0 9.0
59381.0 11119.0 9.0
59489.0 11336.0 9.0
59565.0 11137.0 9.0
59575.0 11146.0 9.0
59661.0 11411.0 9.0
59671.0 11545.0 9.0
59689.0 11430.0 9.0
59715.0 11307.0 9.0
59789.0 11110.0 9.0
59891.0 11668.0 9.0
59977.0 11376.0 9.0
60613.0 11419.0 9.0
60699.0 11118.0 9.0
60763.0 11337.0 9.0
60899.0 11437.0 9.0
60901.0 11189.0 9.0
60923.0 11325.0 9.0
60973.0 11211.0 9.0
61163.0 11300.0 9.0
61167.0 11466.0 9.0
61257.0 11342.0 9.0
61401.0 11540.0 9.0
61781.0 11308.0 9.0
61851.0 11210.0 9.0
61931.0 11366.0 9.0
61947.0 11251.0 9.0
62133.0 11307.0 9.0
62391.0 11412.0 9.0
62415.0 11645.0 9.0
62471.0 11494.0 9.0
62647.0 11594.0 9.0
62745.0 11432.0 9.0
62777.0 11558.0 9.0
62925.0 11397.0 9.0
62983.0 11646.0 9.0
63317.0 11268.0 9.0
63747.0 11473.0 9.0
63881.0 11355.0 9.0
63981.0 11416.0 9.0
64127.0 11186.0 9.0
64395.0 11701.0 9.0
64459.0 11728.0 9.0
65021.0 11825.0 9.0
65093.0 11480.0 9.0
65333.0 11337.0 9.0
65653.0 11657.0 9.0
66171.0 11568.0 9.0
66287.0 11872.0 9.0
67339.0 11754.0 9.0
67519.0 11798.0 9.0
67679.0 11937.0 9.0
67977.0 12130.0 9.0
68107.0 12010.0 9.0
69535.0 11878.0 9.0
69581.0 12157.0 9.0
69845.0 11976.0 9.0
71509.0 12205.0 9.0
71701.0 11979.0 9.0
73635.0 11925.0 9.0
77145.0 12475.0 9.0
84011.0 13063.0 9.0
