rev1.1
42711.0 8315.0 11.0
43077.0 8539.0 11.0
43095.0 8330.0 11.0
43345.0 8431.0 11.0
43799.0 8361.0 11.0
43927.0 8453.0 11.0
44009.0 8445.0 11.0
44067.0 8640.0 11.0
44093.0 8289.0 11.0
44113.0 8549.0 11.0
44161.0 8255.0 11.0
44309.0 8546.0 11.0
44611.0 8513.0 11.0
44705.0 8436.0 11.0
44741.0 8426.0 11.0
44941.0 8549.0 11.0
44985.0 8547.0 11.0
44997.0 8362.0 11.0
45033.0 8512.0 11.0
45125.0 8446.0 11.0
45149.0 8334.0 11.0
45243.0 8382.0 11.0
45249.0 8540.0 11.0
45283.0 8678.0 11.0
45289.0 8570.0 11.0
45411.0 8559.0 11.0
45459.0 8544.0 11.0
45463.0 8384.0 11.0
45501.0 8438.0 11.0
45609.0 8479.0 11.0
45663.0 8540.0 11.0
45789.0 8634.0 11.0
45851.0 8419.0 11.0
45901.0 8572.0 11.0
45965.0 8333.0 11.0
46139.0 8539.0 11.0
46403.0 8594.0 11.0
46413.0 8389.0 11.0
46619.0 8493.0 11.0
46683.0 8760.0 11.0
46793.0 8649.0 11.0
46863.0 8620.0 11.0
46869.0 8671.0 11.0
47003.0 8540.0 11.0
47057.0 8532.0 11.0
47077.0 8699.0 11.0
47143.0 8517.0 11.0
47247.0 8609.0 11.0
47273.0 9001.0 11.0
47343.0 8687.0 11.0
47353.0 8746.0 11.0
47367.0 8583.0 11.0
47385.0 8458.0 11.0
47401.0 8737.0 11.0
47447.0 8539.0 11.0
47603.0 8649.0 11.0
47683.0 8646.0 11.0
47717.0 8604.0 11.0
48085.0 8736.0 11.0
48137.0 8632.0 11.0
48211.0 8613.0 11.0
48225.0 8662.0 11.0
48269.0 8373.0 11.0
48299.0 8446.0 11.0
48431.0 8645.0 11.0
48551.0 8604.0 11.0
48567.0 8693.0 11.0
48667.0 8582.0 11.0
49053.0 8671.0 11.0
49569.0 8536.0 11.0
49649.0 8630.0 11.0
49773.0 8801.0 11.0
49841.0 8947.0 11.0
49847.0 8581.0 11.0
49997.0 8407.0 11.0
50257.0 8718.0 11.0
50369.0 8838.0 11.0
50431.0 8821.0 11.0
50567.0 8655.0 11.0
50955.0 8710.0 11.0
51231.0 8895.0 11.0
51297.0 8884.0 11.0
51487.0 8730.0 11.0
51675.0 8721.0 11.0
51761.0 8664.0 11.0
51869.0 8766.0 11.0
52087.0 8610.0 11.0
52523.0 9053.0 11.0
52931.0 8733.0 11.0
52985.0 8902.0 11.0
53595.0 8636.0 11.0
53617.0 8744.0 11.0
53919.0 8969.0 11.0
54287.0 8964.0 11.0
55659.0 8928.0 11.0
56061.0 9018.0 11.0
56289.0 9133.0 11.0
60775.0 9173.0 11.0
63697.0 9337.0 11.0
64279.0 9667.0 11.0
