rev1.1
2017.0 475.0 9.300406367130025
2089.0 520.0 9.300406367130114
2155.0 495.0 11.0
2179.0 513.0 10.292591572368648
2179.0 468.0 10.29259157236852
2205.0 521.0 8.403865827724525
2205.0 472.0 11.0
2223.0 545.0 11.0
2273.0 448.0 11.0
2279.0 547.0 10.29259157236852
2283.0 555.0 11.0
2293.0 522.0 11.0
2299.0 497.0 10.292591572368618
2315.0 544.0 11.0
2317.0 540.0 11.0
2327.0 501.0 11.0
2341.0 549.0 11.0
2361.0 564.0 9.300406367130051
2361.0 512.0 11.0
2371.0 512.0 11.0
2383.0 501.0 11.0
2405.0 469.0 11.0
2407.0 570.0 10.29259157236862
2417.0 528.0 11.0
2417.0 494.0 11.0
2423.0 559.0 11.0
2427.0 501.0 11.0
2427.0 537.0 11.0
2429.0 513.0 11.0
2455.0 524.0 11.0
2465.0 529.0 11.0
2475.0 471.0 11.0
2479.0 512.0 11.0
2495.0 540.0 11.0
2497.0 520.0 11.0
2501.0 532.0 11.0
2509.0 513.0 11.0
2511.0 518.0 11.0
2513.0 551.0 11.0
2515.0 567.0 11.0
2519.0 560.0 11.0
2523.0 534.0 11.0
2525.0 555.0 11.0
2537.0 503.0 11.0
2543.0 526.0 11.0
2571.0 518.0 11.0
2579.0 560.0 11.0
2585.0 491.0 11.0
2587.0 568.0 11.0
2599.0 567.0 11.0
2605.0 533.0 11.0
2619.0 506.0 11.0
2627.0 524.0 11.0
2649.0 601.0 11.0
2653.0 548.0 11.0
2657.0 522.0 11.0
2667.0 562.0 11.0
2679.0 569.0 11.0
2697.0 510.0 11.0
2707.0 564.0 11.0
2709.0 552.0 11.0
2713.0 537.0 11.0
2723.0 561.0 11.0
2725.0 532.0 11.0
2747.0 551.0 11.0
2757.0 535.0 11.0
2763.0 547.0 11.0
2765.0 587.0 11.0
2773.0 468.0 11.0
2775.0 491.0 11.0
2799.0 558.0 11.0
2813.0 539.0 11.0
2819.0 565.0 11.0
2823.0 531.0 11.0
2827.0 588.0 11.0
2843.0 545.0 11.0
2851.0 592.0 11.0
2855.0 552.0 11.0
2885.0 538.0 11.0
2887.0 543.0 11.0
2901.0 559.0 11.0
2907.0 532.0 11.0
2907.0 537.0 11.0
2919.0 554.0 11.0
2927.0 567.0 11.0
2937.0 569.0 11.0
2945.0 599.0 11.0
2963.0 549.0 11.0
2971.0 566.0 11.0
2977.0 558.0 11.0
2997.0 587.0 11.0
2997.0 580.0 11.0
3067.0 543.0 11.0
3091.0 577.0 11.0
3093.0 577.0 11.0
3177.0 560.0 11.0
3211.0 598.0 11.0
3225.0 595.0 11.0
3261.0 545.0 11.0
3339.0 516.0 11.0
