rev1.1
180561.0 34113.0 11.0
183401.0 33826.0 11.0
185095.0 34156.0 11.0
186387.0 34199.0 11.0
187067.0 34107.0 11.0
187481.0 34234.0 11.0
187727.0 34648.0 11.0
187901.0 34127.0 11.0
188147.0 34581.0 11.0
188421.0 34068.0 11.0
189517.0 34421.0 11.0
189633.0 34456.0 11.0
189685.0 34002.0 11.0
190129.0 34307.0 11.0
191445.0 34396.0 11.0
191937.0 34368.0 11.0
192071.0 34335.0 11.0
192175.0 34471.0 11.0
192765.0 34584.0 11.0
192845.0 34596.0 11.0
192983.0 34794.0 11.0
193229.0 34629.0 11.0
193249.0 34777.0 11.0
193985.0 34530.0 11.0
194551.0 34821.0 11.0
194579.0 34455.0 11.0
194683.0 34421.0 11.0
195309.0 34333.0 11.0
195315.0 34507.0 11.0
195709.0 34863.0 11.0
195813.0 34688.0 11.0
196041.0 34585.0 11.0
197447.0 34416.0 11.0
197687.0 35029.0 11.0
197831.0 34730.0 11.0
197883.0 34590.0 11.0
198089.0 34908.0 11.0
198175.0 34483.0 11.0
198215.0 34778.0 11.0
198381.0 34575.0 11.0
198583.0 34638.0 11.0
198653.0 34666.0 11.0
198845.0 35281.0 11.0
199291.0 34734.0 11.0
199631.0 34493.0 11.0
199747.0 34337.0 11.0
200257.0 34955.0 11.0
200639.0 34497.0 11.0
200799.0 34585.0 11.0
200929.0 34799.0 11.0
201161.0 34398.0 11.0
201363.0 34694.0 11.0
201547.0 34773.0 11.0
202633.0 34750.0 11.0
202929.0 34839.0 11.0
203443.0 35129.0 11.0
204053.0 35256.0 11.0
204511.0 34867.0 11.0
204763.0 35142.0 11.0
204899.0 35084.0 11.0
204987.0 35459.0 11.0
205665.0 35598.0 11.0
205725.0 34746.0 11.0
206371.0 34725.0 11.0
206943.0 35095.0 11.0
207115.0 35302.0 11.0
207357.0 35110.0 11.0
207573.0 34909.0 11.0
207629.0 35230.0 11.0
208805.0 35394.0 11.0
209409.0 35277.0 11.0
210653.0 35047.0 11.0
210755.0 35088.0 11.0
210907.0 35335.0 11.0
211439.0 35351.0 11.0
211847.0 35311.0 11.0
211947.0 35415.0 11.0
213095.0 35630.0 11.0
213209.0 35329.0 11.0
213881.0 35497.0 11.0
214095.0 35255.0 11.0
215299.0 35274.0 11.0
216019.0 35362.0 11.0
217079.0 35690.0 11.0
218375.0 35571.0 11.0
218857.0 35857.0 11.0
219321.0 35993.0 11.0
219531.0 35952.0 11.0
223147.0 35324.0 11.0
223823.0 35962.0 11.0
224323.0 35619.0 11.0
225889.0 36078.0 11.0
226545.0 35919.0 11.0
228649.0 35928.0 11.0
228785.0 36313.0 11.0
239979.0 36223.0 11.0
243125.0 36896.0 11.0
245395.0 36727.0 11.0
248635.0 36827.0 11.0
256257.0 37402.0 11.0
