rev1.1
9389.0 1995.0 11.0
9491.0 1984.0 11.0
9603.0 2034.0 11.0
9879.0 2144.0 11.0
9935.0 2042.0 11.0
9967.0 1999.0 11.0
9977.0 2059.0 11.0
10087.0 2080.0 11.0
10089.0 2083.0 11.0
10093.0 2007.0 11.0
10105.0 2159.0 11.0
10119.0 2111.0 11.0
10135.0 2054.0 11.0
10175.0 2095.0 11.0
10197.0 2107.0 11.0
10211.0 2066.0 11.0
10221.0 2064.0 11.0
10265.0 2071.0 11.0
10275.0 2100.0 11.0
10339.0 2048.0 11.0
10353.0 2107.0 11.0
10381.0 2145.0 11.0
10443.0 2044.0 11.0
10477.0 2029.0 11.0
10529.0 2072.0 11.0
10553.0 2106.0 11.0
10553.0 2078.0 11.0
10561.0 2045.0 11.0
10581.0 2196.0 11.0
10643.0 2140.0 11.0
10651.0 2023.0 11.0
10653.0 2077.0 11.0
10663.0 2085.0 11.0
10665.0 2061.0 11.0
10679.0 2149.0 11.0
10707.0 2043.0 11.0
10711.0 2197.0 11.0
10779.0 2050.0 11.0
10827.0 2166.0 11.0
10857.0 2084.0 11.0
10857.0 2089.0 11.0
10891.0 2077.0 11.0
10899.0 2070.0 11.0
10929.0 2128.0 11.0
10937.0 2195.0 11.0
10971.0 2181.0 11.0
10987.0 2123.0 11.0
11025.0 2080.0 11.0
11069.0 2120.0 11.0
11091.0 2171.0 11.0
11123.0 2194.0 11.0
11123.0 2132.0 11.0
11129.0 2054.0 11.0
11139.0 2100.0 11.0
11161.0 2150.0 11.0
11177.0 2087.0 11.0
11189.0 2206.0 11.0
11201.0 2084.0 11.0
11223.0 2083.0 11.0
11321.0 2046.0 11.0
11335.0 2061.0 11.0
11355.0 2112.0 11.0
11361.0 2197.0 11.0
11365.0 2178.0 11.0
11385.0 2135.0 11.0
11545.0 2120.0 11.0
11559.0 2107.0 11.0
11581.0 2178.0 11.0
11615.0 2111.0 11.0
11623.0 2175.0 11.0
11639.0 2188.0 11.0
11679.0 2100.0 11.0
11689.0 2114.0 11.0
11705.0 2109.0 11.0
11737.0 2223.0 11.0
11747.0 2102.0 11.0
11787.0 2207.0 11.0
11787.0 2135.0 11.0
11795.0 2077.0 11.0
11801.0 2226.0 11.0
11839.0 2246.0 11.0
11841.0 2115.0 11.0
11857.0 2116.0 11.0
11931.0 2239.0 11.0
11941.0 2219.0 11.0
11955.0 2236.0 11.0
11993.0 2142.0 11.0
12031.0 2200.0 11.0
12077.0 2181.0 11.0
12165.0 2102.0 11.0
12191.0 2160.0 11.0
12275.0 2213.0 11.0
12305.0 2185.0 11.0
12405.0 2163.0 11.0
12483.0 2187.0 11.0
12635.0 2237.0 11.0
12657.0 2238.0 11.0
12743.0 2154.0 11.0
13147.0 2226.0 11.0
13729.0 2165.0 11.0
