rev1.1
4625.0 1017.0 11.0
4641.0 1041.0 11.0
4681.0 1032.0 11.0
4719.0 977.0 11.0
4773.0 1010.0 11.0
4787.0 988.0 11.0
4795.0 988.0 11.0
4797.0 1024.0 11.0
4807.0 994.0 11.0
4813.0 1046.0 11.0
4839.0 1016.0 11.0
4871.0 970.0 11.0
4919.0 996.0 11.0
4973.0 1071.0 11.0
5021.0 1049.0 11.0
5029.0 1003.0 11.0
5031.0 1034.0 11.0
5031.0 1010.0 11.0
5053.0 1014.0 11.0
5057.0 1036.0 11.0
5061.0 1034.0 11.0
5071.0 1014.0 11.0
5073.0 1016.0 11.0
5093.0 1065.0 11.0
5127.0 1107.0 11.0
5129.0 1063.0 11.0
5131.0 1037.0 11.0
5151.0 1048.0 11.0
5153.0 1050.0 11.0
5157.0 1062.0 11.0
5171.0 1103.0 11.0
5187.0 1037.0 11.0
5189.0 1076.0 11.0
5191.0 1104.0 11.0
5193.0 1102.0 11.0
5195.0 1056.0 11.0
5209.0 1066.0 11.0
5219.0 1129.0 11.0
5227.0 1014.0 11.0
5245.0 1015.0 11.0
5247.0 1114.0 11.0
5249.0 1084.0 11.0
5257.0 1048.0 11.0
5273.0 1055.0 11.0
5281.0 1074.0 11.0
5283.0 1060.0 11.0
5289.0 1032.0 11.0
5293.0 1126.0 11.0
5293.0 1022.0 11.0
5297.0 1070.0 11.0
5305.0 1045.0 11.0
5311.0 1099.0 11.0
5317.0 1005.0 11.0
5327.0 1048.0 11.0
5347.0 1053.0 11.0
5361.0 1016.0 11.0
5429.0 1050.0 11.0
5459.0 1029.0 11.0
5469.0 1024.0 11.0
5471.0 1015.0 11.0
5473.0 1104.0 11.0
5501.0 1072.0 11.0
5513.0 1088.0 11.0
5543.0 1093.0 11.0
5545.0 1070.0 11.0
5613.0 1108.0 11.0
5623.0 1121.0 11.0
5635.0 1095.0 11.0
5643.0 1036.0 11.0
5649.0 1066.0 11.0
5667.0 1038.0 11.0
5671.0 1062.0 11.0
5675.0 1072.0 11.0
5683.0 1086.0 11.0
5703.0 1037.0 11.0
5711.0 1040.0 11.0
5715.0 1086.0 11.0
5717.0 1060.0 11.0
5735.0 1155.0 11.0
5749.0 1101.0 11.0
5757.0 979.0 11.0
5773.0 1058.0 11.0
5779.0 1088.0 11.0
5815.0 1068.0 11.0
5851.0 1084.0 11.0
5863.0 1131.0 11.0
5875.0 1004.0 11.0
5891.0 1038.0 11.0
5907.0 1114.0 11.0
5935.0 1040.0 11.0
6053.0 1175.0 11.0
6071.0 1076.0 11.0
6101.0 1078.0 11.0
6139.0 1092.0 11.0
6383.0 1083.0 11.0
6505.0 1052.0 11.0
6543.0 1133.0 11.0
6577.0 1135.0 11.0
6817.0 1122.0 11.0
6909.0 1197.0 11.0
