rev1.1
909.0 256.0 6.861727714912299
939.0 262.0 9.300406367129982
965.0 250.0 7.593750000000087
967.0 248.0 9.300406367129947
969.0 233.0 8.40386582772442
1017.0 245.0 10.292591572368524
1023.0 232.0 8.403865827724424
1023.0 235.0 11.0
1045.0 271.0 8.403865827724415
1047.0 272.0 6.861727714912336
1049.0 254.0 9.300406367130012
1057.0 245.0 10.292591572368476
1065.0 264.0 9.30040636713002
1065.0 264.0 9.300406367129948
1069.0 269.0 8.403865827724415
1069.0 245.0 8.40386582772441
1081.0 279.0 9.300406367130051
1081.0 235.0 10.292591572368433
1083.0 240.0 10.292591572368481
1085.0 252.0 9.300406367129998
1089.0 251.0 10.292591572368478
1091.0 275.0 10.292591572368472
1091.0 260.0 9.300406367129995
1093.0 273.0 9.30040636712997
1099.0 266.0 9.300406367129938
1111.0 262.0 6.861727714912325
1121.0 285.0 8.4038658277244
1123.0 271.0 9.300406367130018
1131.0 282.0 11.0
1135.0 246.0 11.0
1139.0 287.0 6.861727714912301
1143.0 279.0 11.0
1145.0 288.0 11.0
1147.0 269.0 11.0
1149.0 276.0 9.30040636712999
1163.0 284.0 9.300406367129995
1165.0 274.0 7.593750000000095
1169.0 285.0 11.0
1173.0 241.0 11.0
1177.0 288.0 7.593750000000071
1177.0 294.0 11.0
1177.0 246.0 11.0
1187.0 239.0 11.0
1191.0 246.0 9.300406367130014
1225.0 285.0 10.292591572368575
1233.0 267.0 9.300406367129977
1239.0 245.0 11.0
1241.0 290.0 11.0
1247.0 280.0 9.300406367129941
1249.0 255.0 11.0
1255.0 309.0 10.292591572368591
1255.0 259.0 11.0
1257.0 261.0 11.0
1257.0 252.0 10.292591572368483
1257.0 256.0 11.0
1263.0 310.0 9.300406367130055
1269.0 293.0 11.0
1275.0 264.0 11.0
1277.0 305.0 9.300406367129959
1279.0 288.0 10.292591572368524
1285.0 289.0 11.0
1289.0 291.0 11.0
1289.0 284.0 10.292591572368579
1293.0 238.0 10.292591572368543
1297.0 300.0 11.0
1303.0 278.0 11.0
1303.0 227.0 11.0
1305.0 280.0 11.0
1307.0 290.0 10.29259157236856
1309.0 295.0 11.0
1311.0 294.0 11.0
1315.0 280.0 11.0
1331.0 266.0 11.0
1331.0 297.0 11.0
1331.0 303.0 11.0
1351.0 267.0 11.0
1367.0 248.0 11.0
1369.0 257.0 11.0
1373.0 286.0 11.0
1387.0 227.0 11.0
1389.0 297.0 11.0
1417.0 267.0 11.0
1421.0 297.0 11.0
1441.0 256.0 11.0
1445.0 260.0 11.0
1451.0 300.0 11.0
1453.0 292.0 11.0
1461.0 245.0 11.0
1469.0 291.0 11.0
1481.0 286.0 11.0
1485.0 283.0 11.0
1493.0 316.0 11.0
1501.0 258.0 11.0
1509.0 302.0 11.0
1551.0 285.0 11.0
1555.0 295.0 11.0
1593.0 281.0 11.0
1621.0 310.0 11.0
1727.0 306.0 11.0
1757.0 312.0 11.0
