rev1.1
87869.0 16650.0 11.0
89441.0 16821.0 11.0
89449.0 16812.0 11.0
89455.0 16759.0 11.0
90431.0 17312.0 11.0
90723.0 16885.0 11.0
91527.0 16746.0 11.0
92293.0 16999.0 11.0
92395.0 17091.0 11.0
92861.0 17115.0 11.0
93071.0 16998.0 11.0
93637.0 17100.0 11.0
93669.0 16916.0 11.0
93853.0 16812.0 11.0
93859.0 17084.0 11.0
94241.0 17122.0 11.0
94359.0 16938.0 11.0
94705.0 16901.0 11.0
94707.0 17107.0 11.0
94901.0 17270.0 11.0
94939.0 17291.0 11.0
94945.0 17394.0 11.0
95057.0 17012.0 11.0
95179.0 17188.0 11.0
95461.0 17399.0 11.0
95477.0 17130.0 11.0
95665.0 17152.0 11.0
95671.0 17210.0 11.0
95755.0 17336.0 11.0
95887.0 17155.0 11.0
96041.0 17281.0 11.0
96077.0 16904.0 11.0
96355.0 17299.0 11.0
96499.0 17577.0 11.0
96547.0 17295.0 11.0
96799.0 17080.0 11.0
97339.0 17191.0 11.0
97375.0 17442.0 11.0
97633.0 17523.0 11.0
98091.0 17214.0 11.0
98139.0 17084.0 11.0
98669.0 17262.0 11.0
98689.0 17510.0 11.0
98769.0 17469.0 11.0
98859.0 17339.0 11.0
98965.0 17261.0 11.0
99237.0 17503.0 11.0
99499.0 17206.0 11.0
99573.0 17212.0 11.0
99707.0 17492.0 11.0
100039.0 17308.0 11.0
100121.0 17529.0 11.0
100155.0 17612.0 11.0
100835.0 17611.0 11.0
100955.0 17291.0 11.0
101051.0 17373.0 11.0
101435.0 17490.0 11.0
101481.0 17582.0 11.0
101535.0 17298.0 11.0
101631.0 17510.0 11.0
101645.0 17415.0 11.0
101813.0 17326.0 11.0
101845.0 17286.0 11.0
101983.0 17400.0 11.0
101987.0 17270.0 11.0
101997.0 17575.0 11.0
102007.0 17537.0 11.0
102077.0 17378.0 11.0
102111.0 17308.0 11.0
102193.0 17237.0 11.0
102237.0 17511.0 11.0
102275.0 17614.0 11.0
102449.0 17330.0 11.0
102853.0 17489.0 11.0
102861.0 17377.0 11.0
102931.0 17621.0 11.0
103293.0 17262.0 11.0
103587.0 17351.0 11.0
103927.0 17560.0 11.0
104707.0 17847.0 11.0
104835.0 17462.0 11.0
104907.0 17428.0 11.0
104911.0 17445.0 11.0
104983.0 17467.0 11.0
105675.0 17694.0 11.0
106937.0 17634.0 11.0
107505.0 18060.0 11.0
107951.0 17453.0 11.0
108917.0 17821.0 11.0
109279.0 17980.0 11.0
109427.0 17773.0 11.0
109609.0 17954.0 11.0
109651.0 18044.0 11.0
110199.0 18080.0 11.0
110235.0 17882.0 11.0
111381.0 17809.0 11.0
112111.0 18072.0 11.0
112141.0 18153.0 11.0
112857.0 18166.0 11.0
114399.0 18212.0 11.0
