rev1.1
20003.0 4002.0 11.0
20183.0 4112.0 11.0
20297.0 4128.0 11.0
20701.0 4267.0 11.0
20705.0 4171.0 11.0
20777.0 4218.0 11.0
20807.0 4165.0 11.0
20883.0 4105.0 11.0
20941.0 4231.0 11.0
20947.0 4045.0 11.0
21149.0 4162.0 11.0
21173.0 4141.0 11.0
21283.0 4287.0 11.0
21287.0 4130.0 11.0
21405.0 4209.0 11.0
21431.0 4153.0 11.0
21593.0 4098.0 11.0
21725.0 4202.0 11.0
21747.0 4208.0 11.0
21753.0 4244.0 11.0
21777.0 4280.0 11.0
21817.0 4363.0 11.0
21891.0 4376.0 11.0
21921.0 4190.0 11.0
21931.0 4136.0 11.0
22003.0 4215.0 11.0
22023.0 4155.0 11.0
22041.0 4368.0 11.0
22051.0 4281.0 11.0
22079.0 4224.0 11.0
22171.0 4240.0 11.0
22253.0 4175.0 11.0
22273.0 4168.0 11.0
22275.0 4256.0 11.0
22341.0 4364.0 11.0
22361.0 4150.0 11.0
22367.0 4303.0 11.0
22417.0 4161.0 11.0
22423.0 4204.0 11.0
22441.0 4251.0 11.0
22471.0 4081.0 11.0
22473.0 4260.0 11.0
22487.0 4208.0 11.0
22539.0 4273.0 11.0
22621.0 4332.0 11.0
22665.0 4321.0 11.0
22711.0 4274.0 11.0
22761.0 4315.0 11.0
22789.0 4315.0 11.0
22807.0 4227.0 11.0
22843.0 4288.0 11.0
22845.0 4323.0 11.0
22897.0 4203.0 11.0
22961.0 4173.0 11.0
23083.0 4478.0 11.0
23103.0 4400.0 11.0
23153.0 4130.0 11.0
23157.0 4247.0 11.0
23159.0 4370.0 11.0
23163.0 4276.0 11.0
23183.0 4238.0 11.0
23189.0 4310.0 11.0
23195.0 4304.0 11.0
23205.0 4244.0 11.0
23229.0 4204.0 11.0
23277.0 4320.0 11.0
23381.0 4261.0 11.0
23389.0 4317.0 11.0
23393.0 4294.0 11.0
23445.0 4315.0 11.0
23473.0 4264.0 11.0
23475.0 4285.0 11.0
23593.0 4235.0 11.0
23605.0 4381.0 11.0
23641.0 4259.0 11.0
23641.0 4425.0 11.0
23725.0 4298.0 11.0
23727.0 4418.0 11.0
23791.0 4389.0 11.0
23841.0 4424.0 11.0
23965.0 4433.0 11.0
24039.0 4343.0 11.0
24231.0 4185.0 11.0
24299.0 4347.0 11.0
24517.0 4404.0 11.0
24699.0 4332.0 11.0
24719.0 4346.0 11.0
24727.0 4307.0 11.0
24747.0 4303.0 11.0
24801.0 4225.0 11.0
25401.0 4465.0 11.0
25477.0 4307.0 11.0
25523.0 4418.0 11.0
25595.0 4471.0 11.0
25719.0 4361.0 11.0
25919.0 4460.0 11.0
27271.0 4522.0 11.0
27393.0 4402.0 11.0
27453.0 4601.0 11.0
27587.0 4482.0 11.0
