rev1.1
802003.0 139171.0 11.0
805777.0 138942.0 11.0
810093.0 138888.0 11.0
811037.0 139614.0 11.0
812519.0 139866.0 11.0
816011.0 139671.0 11.0
816949.0 139808.0 11.0
819031.0 139571.0 11.0
819367.0 140007.0 11.0
820325.0 139518.0 11.0
820615.0 140250.0 11.0
822123.0 139315.0 11.0
822161.0 139717.0 11.0
826149.0 139708.0 11.0
826347.0 140479.0 11.0
827803.0 139859.0 11.0
828077.0 139544.0 11.0
828537.0 140832.0 11.0
832049.0 140948.0 11.0
832979.0 140416.0 11.0
834217.0 139908.0 11.0
835423.0 141052.0 11.0
835657.0 140638.0 11.0
836353.0 139953.0 11.0
837605.0 141749.0 11.0
838017.0 141282.0 11.0
840093.0 141527.0 11.0
843785.0 140957.0 11.0
846715.0 141154.0 11.0
849085.0 141636.0 11.0
850809.0 141495.0 11.0
851825.0 141268.0 11.0
853271.0 141924.0 11.0
854119.0 141399.0 11.0
854143.0 141747.0 11.0
855217.0 141460.0 11.0
858553.0 141099.0 11.0
859163.0 142314.0 11.0
860179.0 141364.0 11.0
860313.0 141984.0 11.0
861155.0 141455.0 11.0
861329.0 142134.0 11.0
861577.0 142167.0 11.0
861893.0 141430.0 11.0
862855.0 142209.0 11.0
864297.0 141658.0 11.0
866269.0 142076.0 11.0
866721.0 142069.0 11.0
867089.0 141840.0 11.0
867407.0 141891.0 11.0
867493.0 142498.0 11.0
867981.0 141492.0 11.0
869527.0 142839.0 11.0
870435.0 142074.0 11.0
871869.0 142706.0 11.0
873375.0 142634.0 11.0
873687.0 141498.0 11.0
874217.0 141971.0 11.0
874249.0 142527.0 11.0
875503.0 143402.0 11.0
876113.0 142766.0 11.0
877969.0 142264.0 11.0
880727.0 142736.0 11.0
883489.0 142225.0 11.0
884033.0 143601.0 11.0
887063.0 143139.0 11.0
889777.0 143375.0 11.0
890267.0 143060.0 11.0
890443.0 143930.0 11.0
890463.0 142996.0 11.0
892683.0 143430.0 11.0
894241.0 142707.0 11.0
896177.0 143725.0 11.0
897277.0 143124.0 11.0
899153.0 143950.0 11.0
901817.0 143567.0 11.0
902259.0 143978.0 11.0
902557.0 142829.0 11.0
903105.0 143654.0 11.0
903749.0 143779.0 11.0
904069.0 143636.0 11.0
904225.0 144211.0 11.0
916291.0 144427.0 11.0
917319.0 143581.0 11.0
920305.0 144184.0 11.0
920357.0 144379.0 11.0
928445.0 144477.0 11.0
930845.0 144885.0 11.0
942293.0 145129.0 11.0
942405.0 146199.0 11.0
943047.0 145965.0 11.0
943519.0 145353.0 11.0
949971.0 145971.0 11.0
950145.0 146109.0 11.0
954575.0 145673.0 11.0
956011.0 145334.0 11.0
956121.0 146725.0 11.0
972069.0 146455.0 11.0
972077.0 145958.0 11.0
1016351.0 149114.0 11.0
