rev1.1
382771.0 68891.0 11.0
386577.0 68805.0 11.0
387679.0 69279.0 11.0
392919.0 69499.0 11.0
393367.0 69572.0 11.0
393805.0 69331.0 11.0
394633.0 69161.0 11.0
396305.0 69424.0 11.0
396869.0 69269.0 11.0
397611.0 69337.0 11.0
397841.0 69013.0 11.0
398627.0 69755.0 11.0
400373.0 69657.0 11.0
400871.0 69325.0 11.0
400911.0 69526.0 11.0
401855.0 69658.0 11.0
401997.0 69689.0 11.0
403039.0 69547.0 11.0
403567.0 69339.0 11.0
404171.0 69699.0 11.0
406009.0 69618.0 11.0
406975.0 70100.0 11.0
407291.0 69914.0 11.0
407705.0 70057.0 11.0
407895.0 69824.0 11.0
408473.0 70088.0 11.0
409741.0 69334.0 11.0
410141.0 69902.0 11.0
410173.0 69866.0 11.0
410173.0 69651.0 11.0
410273.0 70064.0 11.0
411961.0 70110.0 11.0
412041.0 69561.0 11.0
412417.0 70369.0 11.0
413171.0 70756.0 11.0
413367.0 69454.0 11.0
413433.0 70312.0 11.0
413569.0 70400.0 11.0
414575.0 70548.0 11.0
415011.0 69820.0 11.0
416085.0 69926.0 11.0
416889.0 70611.0 11.0
417081.0 69981.0 11.0
417859.0 70236.0 11.0
418065.0 70707.0 11.0
418251.0 70335.0 11.0
418563.0 70228.0 11.0
418761.0 70267.0 11.0
419897.0 70241.0 11.0
420773.0 70946.0 11.0
421005.0 70466.0 11.0
421311.0 70637.0 11.0
422535.0 71042.0 11.0
423967.0 71001.0 11.0
424635.0 70585.0 11.0
424669.0 71191.0 11.0
427145.0 71362.0 11.0
427281.0 71064.0 11.0
427713.0 70383.0 11.0
427717.0 70868.0 11.0
428383.0 70820.0 11.0
428673.0 70952.0 11.0
429133.0 70880.0 11.0
429551.0 70840.0 11.0
430269.0 71219.0 11.0
432139.0 70563.0 11.0
432645.0 70576.0 11.0
433881.0 71362.0 11.0
435071.0 71018.0 11.0
435115.0 71094.0 11.0
435343.0 71358.0 11.0
435665.0 71250.0 11.0
437313.0 70974.0 11.0
438755.0 71042.0 11.0
439957.0 71354.0 11.0
440189.0 71563.0 11.0
440347.0 71241.0 11.0
440827.0 71940.0 11.0
441227.0 70597.0 11.0
441341.0 71340.0 11.0
443981.0 71068.0 11.0
443983.0 71347.0 11.0
444771.0 72154.0 11.0
446753.0 71700.0 11.0
447253.0 71811.0 11.0
448069.0 71879.0 11.0
450195.0 72201.0 11.0
451395.0 71872.0 11.0
451499.0 71857.0 11.0
451521.0 72062.0 11.0
452069.0 72102.0 11.0
452319.0 71881.0 11.0
454729.0 72017.0 11.0
455423.0 71964.0 11.0
455731.0 72229.0 11.0
460283.0 72649.0 11.0
460657.0 72033.0 11.0
484357.0 72952.0 11.0
486913.0 73384.0 11.0
498953.0 73696.0 11.0
