rev1.1
24461.0 5375.0 11.0
25049.0 5260.0 11.0
25239.0 5503.0 11.0
25367.0 5261.0 11.0
25753.0 5515.0 11.0
25851.0 5409.0 11.0
25879.0 5295.0 11.0
25891.0 5454.0 11.0
25989.0 5443.0 11.0
25999.0 5255.0 11.0
26249.0 5548.0 11.0
26271.0 5506.0 11.0
26531.0 5261.0 11.0
26571.0 5536.0 11.0
26677.0 5428.0 11.0
26693.0 5387.0 11.0
26713.0 5694.0 11.0
26737.0 5464.0 11.0
26757.0 5509.0 11.0
26933.0 5590.0 11.0
26989.0 5521.0 11.0
27091.0 5365.0 11.0
27137.0 5411.0 11.0
27177.0 5307.0 11.0
27197.0 5551.0 11.0
27225.0 5355.0 11.0
27229.0 5455.0 11.0
27301.0 5482.0 11.0
27361.0 5413.0 11.0
27435.0 5256.0 11.0
27681.0 5531.0 11.0
27705.0 5546.0 11.0
27749.0 5437.0 11.0
27783.0 5746.0 11.0
27933.0 5423.0 11.0
27933.0 5245.0 11.0
28011.0 5382.0 11.0
28043.0 5503.0 11.0
28159.0 5302.0 11.0
28253.0 5502.0 11.0
28295.0 5669.0 11.0
28339.0 5453.0 11.0
28419.0 5586.0 11.0
28441.0 5690.0 11.0
28475.0 5717.0 11.0
28533.0 5493.0 11.0
28553.0 5382.0 11.0
28589.0 5615.0 11.0
28713.0 5567.0 11.0
28743.0 5516.0 11.0
28929.0 5488.0 11.0
29017.0 5206.0 11.0
29041.0 5761.0 11.0
29129.0 5504.0 11.0
29189.0 5530.0 11.0
29513.0 5526.0 11.0
29521.0 5474.0 11.0
29547.0 5774.0 11.0
29557.0 5604.0 11.0
29571.0 5695.0 11.0
29581.0 5532.0 11.0
29653.0 5593.0 11.0
29747.0 5420.0 11.0
29771.0 5608.0 11.0
29823.0 5754.0 11.0
29857.0 5771.0 11.0
29865.0 5513.0 11.0
29975.0 5581.0 11.0
29979.0 5474.0 11.0
30053.0 5417.0 11.0
30079.0 5634.0 11.0
30249.0 5707.0 11.0
30259.0 5458.0 11.0
30357.0 5666.0 11.0
30479.0 5411.0 11.0
30493.0 5634.0 11.0
30497.0 5803.0 11.0
30589.0 5539.0 11.0
30639.0 5629.0 11.0
30715.0 5639.0 11.0
30775.0 5820.0 11.0
30905.0 5658.0 11.0
30947.0 5731.0 11.0
31115.0 5706.0 11.0
31221.0 5634.0 11.0
31273.0 5729.0 11.0
31661.0 5701.0 11.0
31789.0 5918.0 11.0
32115.0 5849.0 11.0
32121.0 5587.0 11.0
32261.0 5656.0 11.0
32407.0 5939.0 11.0
32779.0 5919.0 11.0
33189.0 5944.0 11.0
33441.0 5933.0 11.0
33689.0 6043.0 11.0
33733.0 5885.0 11.0
34151.0 5912.0 11.0
37393.0 5846.0 11.0
37781.0 5807.0 11.0
