rev1.1
932683.0 173596.0 11.0
948977.0 173209.0 11.0
950681.0 173303.0 11.0
953989.0 175096.0 11.0
956923.0 174380.0 11.0
957005.0 174690.0 11.0
963377.0 174560.0 11.0
964695.0 173805.0 11.0
966439.0 174802.0 11.0
968503.0 175164.0 11.0
969699.0 175528.0 11.0
970175.0 174963.0 11.0
971157.0 175151.0 11.0
974353.0 173462.0 11.0
976715.0 175861.0 11.0
977667.0 176152.0 11.0
982597.0 175617.0 11.0
982785.0 176139.0 11.0
987237.0 175080.0 11.0
989029.0 176003.0 11.0
990361.0 175276.0 11.0
991103.0 176934.0 11.0
991291.0 175160.0 11.0
997093.0 175882.0 11.0
997299.0 176876.0 11.0
1000909.0 176619.0 11.0
1001593.0 176344.0 11.0
1001853.0 177277.0 11.0
1002401.0 176584.0 11.0
1002725.0 176738.0 11.0
1003023.0 176409.0 11.0
1003677.0 176000.0 11.0
1003917.0 176638.0 11.0
1006029.0 175390.0 11.0
1007119.0 176702.0 11.0
1010753.0 175984.0 11.0
1011939.0 177335.0 11.0
1012439.0 177534.0 11.0
1012737.0 177749.0 11.0
1013095.0 176659.0 11.0
1015305.0 177258.0 11.0
1019341.0 176496.0 11.0
1019839.0 176270.0 11.0
1020233.0 177703.0 11.0
1021203.0 177880.0 11.0
1022703.0 177576.0 11.0
1022809.0 177274.0 11.0
1028133.0 178006.0 11.0
1028427.0 177470.0 11.0
1028681.0 178181.0 11.0
1029907.0 177653.0 11.0
1030009.0 177241.0 11.0
1030071.0 178320.0 11.0
1030629.0 176948.0 11.0
1032287.0 177281.0 11.0
1032839.0 177529.0 11.0
1035077.0 178160.0 11.0
1035607.0 178050.0 11.0
1037407.0 177891.0 11.0
1038877.0 178087.0 11.0
1042261.0 179583.0 11.0
1043071.0 178269.0 11.0
1044529.0 178148.0 11.0
1045363.0 178092.0 11.0
1047129.0 177460.0 11.0
1050685.0 179735.0 11.0
1051087.0 178979.0 11.0
1051601.0 177935.0 11.0
1056029.0 177273.0 11.0
1057041.0 179715.0 11.0
1058431.0 179923.0 11.0
1059687.0 178765.0 11.0
1060871.0 179067.0 11.0
1063701.0 178851.0 11.0
1067453.0 179560.0 11.0
1068347.0 180294.0 11.0
1069969.0 178751.0 11.0
1070277.0 179645.0 11.0
1071829.0 179629.0 11.0
1075233.0 179012.0 11.0
1077561.0 179112.0 11.0
1078779.0 180380.0 11.0
1087503.0 180797.0 11.0
1087649.0 180679.0 11.0
1091577.0 179151.0 11.0
1091769.0 180692.0 11.0
1094791.0 180681.0 11.0
1098365.0 181910.0 11.0
1103315.0 182205.0 11.0
1112289.0 180933.0 11.0
1112299.0 182557.0 11.0
1137201.0 181873.0 11.0
1139023.0 182108.0 11.0
1151725.0 183421.0 11.0
1152935.0 182552.0 11.0
1155609.0 183087.0 11.0
1157669.0 183851.0 11.0
1169661.0 183637.0 11.0
1184489.0 186117.0 11.0
1317827.0 192002.0 11.0
