rev1.1
1245.0 307.0 9.300406367130055
1247.0 349.0 5.602577218482929
1267.0 331.0 9.300406367129936
1277.0 320.0 9.300406367129936
1293.0 394.0 5.602577218482904
1349.0 301.0 10.292591572368567
1357.0 307.0 11.0
1391.0 352.0 11.0
1409.0 355.0 9.300406367130059
1417.0 294.0 11.0
1423.0 280.0 10.292591572368492
1469.0 292.0 11.0
1471.0 357.0 11.0
1483.0 305.0 11.0
1495.0 326.0 11.0
1503.0 362.0 11.0
1509.0 344.0 11.0
1527.0 323.0 11.0
1547.0 348.0 11.0
1547.0 312.0 11.0
1561.0 351.0 11.0
1567.0 338.0 11.0
1569.0 366.0 11.0
1569.0 329.0 9.30040636713008
1595.0 407.0 10.292591572368572
1603.0 354.0 11.0
1637.0 384.0 11.0
1641.0 320.0 11.0
1653.0 368.0 11.0
1663.0 360.0 9.300406367130075
1671.0 391.0 8.403865827724415
1677.0 321.0 11.0
1681.0 364.0 11.0
1695.0 299.0 11.0
1699.0 357.0 11.0
1703.0 357.0 11.0
1709.0 343.0 11.0
1715.0 326.0 11.0
1719.0 386.0 11.0
1723.0 352.0 11.0
1729.0 375.0 11.0
1735.0 390.0 9.300406367130059
1743.0 364.0 11.0
1747.0 375.0 11.0
1751.0 349.0 11.0
1755.0 374.0 11.0
1763.0 309.0 11.0
1765.0 322.0 11.0
1767.0 435.0 11.0
1813.0 369.0 11.0
1815.0 368.0 10.292591572368547
1827.0 399.0 11.0
1837.0 370.0 11.0
1839.0 385.0 11.0
1863.0 395.0 11.0
1869.0 404.0 11.0
1893.0 362.0 11.0
1897.0 382.0 11.0
1897.0 382.0 11.0
1901.0 385.0 11.0
1909.0 388.0 11.0
1909.0 379.0 11.0
1917.0 363.0 11.0
1923.0 400.0 11.0
1933.0 393.0 11.0
1961.0 382.0 11.0
1969.0 414.0 11.0
1971.0 451.0 11.0
1979.0 360.0 11.0
1981.0 437.0 11.0
1995.0 388.0 11.0
2001.0 384.0 11.0
2011.0 324.0 11.0
2011.0 370.0 11.0
2025.0 369.0 11.0
2055.0 434.0 11.0
2067.0 383.0 11.0
2075.0 350.0 11.0
2077.0 341.0 11.0
2091.0 368.0 11.0
2099.0 388.0 11.0
2107.0 365.0 11.0
2109.0 403.0 11.0
2119.0 378.0 11.0
2121.0 375.0 11.0
2159.0 479.0 9.300406367130064
2219.0 358.0 11.0
2271.0 412.0 11.0
2275.0 389.0 11.0
2293.0 391.0 11.0
2329.0 348.0 11.0
2375.0 430.0 11.0
2401.0 459.0 11.0
2427.0 390.0 11.0
2439.0 401.0 11.0
2453.0 419.0 11.0
2473.0 400.0 11.0
2687.0 464.0 11.0
2885.0 433.0 11.0
3217.0 477.0 11.0
