rev1.1
12073.0 2591.0 11.0
12233.0 2760.0 11.0
12371.0 2753.0 11.0
12449.0 2646.0 11.0
12515.0 2647.0 11.0
12553.0 2596.0 11.0
12577.0 2778.0 11.0
12623.0 2660.0 11.0
12725.0 2576.0 11.0
12771.0 2822.0 11.0
12781.0 2723.0 11.0
13037.0 2676.0 11.0
13041.0 2607.0 11.0
13147.0 2767.0 11.0
13163.0 2689.0 11.0
13171.0 2778.0 11.0
13191.0 2785.0 11.0
13221.0 2771.0 11.0
13229.0 2694.0 11.0
13265.0 2788.0 11.0
13299.0 2739.0 11.0
13309.0 2788.0 11.0
13415.0 2879.0 11.0
13435.0 2811.0 11.0
13501.0 2800.0 11.0
13513.0 2590.0 11.0
13541.0 2659.0 11.0
13585.0 2870.0 11.0
13613.0 2721.0 11.0
13691.0 2752.0 11.0
13691.0 2786.0 11.0
13713.0 2811.0 11.0
13715.0 2696.0 11.0
13735.0 2606.0 11.0
13741.0 2699.0 11.0
13751.0 2879.0 11.0
13761.0 2822.0 11.0
13773.0 2752.0 11.0
13777.0 2879.0 11.0
13833.0 2807.0 11.0
13845.0 2799.0 11.0
13863.0 2604.0 11.0
13939.0 2895.0 11.0
13965.0 2884.0 11.0
14131.0 2750.0 11.0
14161.0 2758.0 11.0
14173.0 2684.0 11.0
14211.0 2819.0 11.0
14257.0 2798.0 11.0
14257.0 2850.0 11.0
14279.0 2837.0 11.0
14305.0 2775.0 11.0
14343.0 2721.0 11.0
14381.0 2799.0 11.0
14429.0 2823.0 11.0
14533.0 2762.0 11.0
14565.0 2778.0 11.0
14613.0 2858.0 11.0
14689.0 2730.0 11.0
14703.0 2987.0 11.0
14747.0 2694.0 11.0
14807.0 2718.0 11.0
14809.0 2840.0 11.0
14831.0 2814.0 11.0
14915.0 2937.0 11.0
14963.0 2825.0 11.0
15053.0 2854.0 11.0
15069.0 3096.0 11.0
15153.0 2819.0 11.0
15159.0 2901.0 11.0
15237.0 3007.0 11.0
15243.0 2913.0 11.0
15367.0 2770.0 11.0
15379.0 2879.0 11.0
15411.0 2855.0 11.0
15457.0 2806.0 11.0
15471.0 2873.0 11.0
15495.0 2900.0 11.0
15515.0 2896.0 11.0
15571.0 2772.0 11.0
15583.0 2926.0 11.0
15783.0 2884.0 11.0
15813.0 2810.0 11.0
15923.0 2808.0 11.0
15991.0 2794.0 11.0
16113.0 3030.0 11.0
16137.0 2860.0 11.0
16153.0 2868.0 11.0
16655.0 2943.0 11.0
16815.0 2887.0 11.0
16833.0 2935.0 11.0
16921.0 2987.0 11.0
17011.0 2768.0 11.0
17237.0 2910.0 11.0
17253.0 2972.0 11.0
17521.0 2860.0 11.0
17591.0 3000.0 11.0
18307.0 3051.0 11.0
18401.0 2997.0 11.0
19993.0 3232.0 11.0
