rev1.1
5707.0 1334.0 11.0
5729.0 1324.0 11.0
5859.0 1341.0 11.0
5871.0 1266.0 11.0
5969.0 1249.0 11.0
6077.0 1331.0 11.0
6109.0 1310.0 11.0
6149.0 1325.0 11.0
6171.0 1200.0 11.0
6243.0 1414.0 11.0
6261.0 1371.0 11.0
6263.0 1350.0 11.0
6275.0 1455.0 11.0
6277.0 1326.0 11.0
6287.0 1373.0 11.0
6323.0 1321.0 11.0
6335.0 1261.0 11.0
6335.0 1321.0 11.0
6349.0 1261.0 11.0
6359.0 1372.0 11.0
6387.0 1399.0 11.0
6423.0 1358.0 11.0
6461.0 1332.0 11.0
6471.0 1385.0 11.0
6517.0 1470.0 11.0
6559.0 1423.0 11.0
6571.0 1383.0 11.0
6589.0 1382.0 11.0
6605.0 1353.0 11.0
6611.0 1472.0 11.0
6619.0 1391.0 11.0
6623.0 1486.0 11.0
6653.0 1513.0 11.0
6655.0 1498.0 11.0
6677.0 1354.0 11.0
6705.0 1411.0 11.0
6727.0 1418.0 11.0
6753.0 1463.0 11.0
6753.0 1305.0 11.0
6819.0 1262.0 11.0
6819.0 1335.0 11.0
6825.0 1526.0 11.0
6827.0 1395.0 11.0
6829.0 1377.0 11.0
6889.0 1544.0 11.0
6937.0 1350.0 11.0
6939.0 1429.0 11.0
6945.0 1293.0 11.0
6989.0 1582.0 11.0
7017.0 1402.0 11.0
7043.0 1466.0 11.0
7053.0 1388.0 11.0
7065.0 1341.0 11.0
7115.0 1428.0 11.0
7137.0 1429.0 11.0
7145.0 1456.0 11.0
7185.0 1460.0 11.0
7189.0 1489.0 11.0
7201.0 1430.0 11.0
7203.0 1347.0 11.0
7205.0 1473.0 11.0
7211.0 1404.0 11.0
7269.0 1455.0 11.0
7293.0 1414.0 11.0
7325.0 1353.0 11.0
7327.0 1498.0 11.0
7341.0 1413.0 11.0
7391.0 1333.0 11.0
7399.0 1432.0 11.0
7423.0 1440.0 11.0
7423.0 1356.0 11.0
7451.0 1531.0 11.0
7469.0 1421.0 11.0
7477.0 1446.0 11.0
7557.0 1409.0 11.0
7609.0 1496.0 11.0
7617.0 1459.0 11.0
7663.0 1517.0 11.0
7711.0 1435.0 11.0
7741.0 1435.0 11.0
7767.0 1491.0 11.0
7911.0 1500.0 11.0
7951.0 1468.0 11.0
7969.0 1310.0 11.0
8169.0 1372.0 11.0
8259.0 1468.0 11.0
8307.0 1471.0 11.0
8315.0 1466.0 11.0
8405.0 1436.0 11.0
8407.0 1429.0 11.0
8443.0 1611.0 11.0
8481.0 1590.0 11.0
8503.0 1537.0 11.0
8551.0 1575.0 11.0
8613.0 1451.0 11.0
9133.0 1528.0 11.0
9233.0 1596.0 11.0
9257.0 1539.0 11.0
9329.0 1394.0 11.0
10759.0 1746.0 11.0
