rev1.1
2507.0 604.0 10.292591572368702
2657.0 618.0 10.292591572368655
2925.0 680.0 11.0
2959.0 722.0 11.0
2961.0 640.0 11.0
2979.0 685.0 11.0
3015.0 732.0 11.0
3045.0 749.0 11.0
3065.0 663.0 11.0
3121.0 658.0 11.0
3143.0 755.0 11.0
3163.0 645.0 11.0
3165.0 691.0 11.0
3177.0 689.0 11.0
3199.0 703.0 11.0
3201.0 720.0 11.0
3203.0 674.0 11.0
3209.0 714.0 11.0
3211.0 701.0 11.0
3213.0 723.0 11.0
3241.0 660.0 11.0
3245.0 733.0 11.0
3249.0 671.0 11.0
3269.0 666.0 11.0
3289.0 695.0 11.0
3303.0 683.0 11.0
3337.0 725.0 11.0
3409.0 719.0 11.0
3435.0 692.0 11.0
3439.0 672.0 11.0
3441.0 730.0 11.0
3443.0 690.0 11.0
3459.0 705.0 11.0
3463.0 705.0 11.0
3473.0 753.0 11.0
3493.0 745.0 11.0
3515.0 675.0 11.0
3533.0 794.0 11.0
3533.0 662.0 11.0
3579.0 664.0 11.0
3591.0 780.0 11.0
3619.0 780.0 11.0
3637.0 764.0 11.0
3651.0 749.0 11.0
3651.0 764.0 11.0
3675.0 724.0 11.0
3677.0 709.0 11.0
3685.0 694.0 11.0
3695.0 741.0 11.0
3703.0 762.0 11.0
3717.0 726.0 11.0
3743.0 653.0 11.0
3753.0 660.0 11.0
3753.0 736.0 11.0
3773.0 774.0 11.0
3785.0 767.0 11.0
3799.0 730.0 11.0
3801.0 724.0 11.0
3817.0 723.0 11.0
3831.0 696.0 11.0
3877.0 761.0 11.0
3883.0 705.0 11.0
3897.0 766.0 11.0
3903.0 742.0 11.0
3917.0 829.0 11.0
3929.0 734.0 11.0
3941.0 692.0 11.0
3947.0 743.0 11.0
3957.0 795.0 11.0
3957.0 761.0 11.0
3963.0 678.0 11.0
3965.0 676.0 11.0
3973.0 760.0 11.0
3975.0 784.0 11.0
3991.0 703.0 11.0
4015.0 734.0 11.0
4041.0 780.0 11.0
4041.0 728.0 11.0
4049.0 786.0 11.0
4113.0 770.0 11.0
4131.0 730.0 11.0
4157.0 691.0 11.0
4179.0 831.0 11.0
4185.0 730.0 11.0
4193.0 809.0 11.0
4205.0 676.0 11.0
4255.0 699.0 11.0
4259.0 766.0 11.0
4293.0 720.0 11.0
4321.0 646.0 11.0
4395.0 808.0 11.0
4409.0 791.0 11.0
4431.0 764.0 11.0
4475.0 752.0 11.0
4493.0 784.0 11.0
4525.0 799.0 11.0
4693.0 828.0 11.0
4731.0 733.0 11.0
5137.0 774.0 11.0
6003.0 896.0 11.0
