rev1.1
454791.0 86296.0 11.0
455305.0 86280.0 11.0
456135.0 85910.0 11.0
458269.0 87200.0 11.0
458803.0 85912.0 11.0
461631.0 86211.0 11.0
462419.0 86902.0 11.0
464589.0 86309.0 11.0
465777.0 86712.0 11.0
466647.0 86742.0 11.0
466689.0 86391.0 11.0
467943.0 87880.0 11.0
469441.0 87508.0 11.0
469773.0 87338.0 11.0
471609.0 86995.0 11.0
471631.0 87103.0 11.0
473293.0 86490.0 11.0
474373.0 87681.0 11.0
476781.0 87493.0 11.0
476823.0 87256.0 11.0
478331.0 87590.0 11.0
478705.0 88071.0 11.0
479443.0 88321.0 11.0
479635.0 87421.0 11.0
479723.0 88047.0 11.0
480061.0 87854.0 11.0
480975.0 86723.0 11.0
480995.0 87969.0 11.0
482821.0 87554.0 11.0
484443.0 87156.0 11.0
484677.0 87085.0 11.0
485199.0 87539.0 11.0
486903.0 87307.0 11.0
486971.0 87791.0 11.0
488935.0 87750.0 11.0
489371.0 88612.0 11.0
490255.0 87398.0 11.0
490307.0 88521.0 11.0
490943.0 88152.0 11.0
491229.0 88761.0 11.0
491473.0 87814.0 11.0
493335.0 87638.0 11.0
495751.0 88401.0 11.0
496117.0 88290.0 11.0
496309.0 88901.0 11.0
496397.0 88125.0 11.0
497715.0 89264.0 11.0
497779.0 87983.0 11.0
498507.0 87630.0 11.0
498687.0 88441.0 11.0
498835.0 88868.0 11.0
499275.0 88803.0 11.0
499957.0 87659.0 11.0
501467.0 88140.0 11.0
503601.0 88867.0 11.0
506271.0 88889.0 11.0
506427.0 88582.0 11.0
506913.0 89014.0 11.0
508599.0 88690.0 11.0
508917.0 89508.0 11.0
509181.0 88462.0 11.0
512815.0 88912.0 11.0
513059.0 88904.0 11.0
513163.0 88693.0 11.0
513799.0 88455.0 11.0
514519.0 89560.0 11.0
515363.0 89554.0 11.0
515471.0 89032.0 11.0
516741.0 89580.0 11.0
518889.0 88925.0 11.0
520633.0 89935.0 11.0
520733.0 89809.0 11.0
523735.0 89359.0 11.0
525409.0 89718.0 11.0
526567.0 89949.0 11.0
528325.0 90020.0 11.0
530773.0 90223.0 11.0
530881.0 89653.0 11.0
533333.0 90040.0 11.0
534729.0 89669.0 11.0
534997.0 89181.0 11.0
535171.0 89698.0 11.0
536949.0 90103.0 11.0
539585.0 89905.0 11.0
540341.0 90585.0 11.0
544275.0 90644.0 11.0
545613.0 90231.0 11.0
546433.0 90517.0 11.0
551441.0 91128.0 11.0
553417.0 91468.0 11.0
555525.0 89494.0 11.0
556813.0 91742.0 11.0
559615.0 90499.0 11.0
560533.0 91480.0 11.0
565871.0 91049.0 11.0
579575.0 92699.0 11.0
584977.0 92071.0 11.0
589125.0 92243.0 11.0
628553.0 94311.0 11.0
690283.0 97893.0 11.0
