rev1.1
52621.0 10979.0 11.0
52811.0 10739.0 11.0
52907.0 10847.0 11.0
53177.0 10562.0 11.0
53687.0 10894.0 11.0
54087.0 10992.0 11.0
54263.0 10617.0 11.0
54401.0 10892.0 11.0
54625.0 10535.0 11.0
54683.0 10976.0 11.0
54701.0 10948.0 11.0
54871.0 11065.0 11.0
55035.0 10816.0 11.0
55071.0 10846.0 11.0
55077.0 10882.0 11.0
55093.0 10994.0 11.0
55169.0 11128.0 11.0
55481.0 10760.0 11.0
55613.0 10945.0 11.0
55637.0 11048.0 11.0
55691.0 10747.0 11.0
55697.0 10634.0 11.0
55703.0 10878.0 11.0
55799.0 11161.0 11.0
55835.0 10872.0 11.0
55911.0 10670.0 11.0
55935.0 11032.0 11.0
55935.0 10946.0 11.0
56067.0 10881.0 11.0
56089.0 10521.0 11.0
56143.0 10992.0 11.0
56209.0 10814.0 11.0
56337.0 10889.0 11.0
56355.0 10977.0 11.0
56621.0 10940.0 11.0
56649.0 11100.0 11.0
56703.0 10965.0 11.0
56759.0 10797.0 11.0
56765.0 10927.0 11.0
56769.0 11099.0 11.0
56825.0 10751.0 11.0
57063.0 10859.0 11.0
57541.0 11037.0 11.0
57593.0 11258.0 11.0
57803.0 10998.0 11.0
57979.0 10733.0 11.0
58343.0 10906.0 11.0
58471.0 11010.0 11.0
58621.0 11386.0 11.0
58625.0 10926.0 11.0
58637.0 11142.0 11.0
58643.0 10878.0 11.0
58693.0 10992.0 11.0
58953.0 10723.0 11.0
59089.0 10938.0 11.0
59251.0 11283.0 11.0
59263.0 11131.0 11.0
59489.0 11269.0 11.0
59491.0 10687.0 11.0
59503.0 11303.0 11.0
59545.0 11149.0 11.0
59561.0 10979.0 11.0
59589.0 10999.0 11.0
59657.0 11275.0 11.0
60117.0 11050.0 11.0
60141.0 10981.0 11.0
60537.0 10861.0 11.0
61193.0 10949.0 11.0
61683.0 11049.0 11.0
61777.0 10940.0 11.0
62013.0 11274.0 11.0
62241.0 11194.0 11.0
62327.0 11087.0 11.0
62509.0 11346.0 11.0
62561.0 11220.0 11.0
62737.0 11218.0 11.0
62779.0 10904.0 11.0
62797.0 11176.0 11.0
62835.0 11299.0 11.0
62921.0 11192.0 11.0
62931.0 11219.0 11.0
62943.0 11243.0 11.0
63279.0 11248.0 11.0
63591.0 11281.0 11.0
63697.0 11186.0 11.0
63815.0 11168.0 11.0
63861.0 11217.0 11.0
64297.0 11178.0 11.0
64817.0 11438.0 11.0
65573.0 11456.0 11.0
65653.0 11166.0 11.0
66141.0 11428.0 11.0
66147.0 11251.0 11.0
66703.0 11487.0 11.0
67211.0 11572.0 11.0
67795.0 11394.0 11.0
68237.0 11259.0 11.0
69685.0 11647.0 11.0
74319.0 11726.0 11.0
74597.0 11638.0 11.0
