rev1.1
106141.0 22101.0 11.0
107953.0 21335.0 11.0
108537.0 21552.0 11.0
108937.0 21342.0 11.0
109217.0 22085.0 11.0
109945.0 21950.0 11.0
110313.0 21333.0 11.0
110653.0 21578.0 11.0
110873.0 21728.0 11.0
111171.0 21687.0 11.0
111255.0 21289.0 11.0
111323.0 21482.0 11.0
112359.0 22245.0 11.0
112797.0 21426.0 11.0
113021.0 21515.0 11.0
113369.0 22048.0 11.0
113417.0 21912.0 11.0
113483.0 21836.0 11.0
113651.0 22188.0 11.0
114183.0 21575.0 11.0
114651.0 22004.0 11.0
114711.0 21619.0 11.0
114853.0 21527.0 11.0
115089.0 22041.0 11.0
115299.0 21884.0 11.0
115695.0 21707.0 11.0
115847.0 22061.0 11.0
116033.0 21895.0 11.0
116043.0 22028.0 11.0
116071.0 22560.0 11.0
116169.0 22174.0 11.0
116209.0 21671.0 11.0
116219.0 21764.0 11.0
116441.0 21829.0 11.0
116755.0 21896.0 11.0
116833.0 22264.0 11.0
116843.0 22007.0 11.0
116853.0 22257.0 11.0
116927.0 21939.0 11.0
116983.0 22213.0 11.0
117173.0 21862.0 11.0
117223.0 21960.0 11.0
117579.0 21835.0 11.0
117783.0 22123.0 11.0
118099.0 21937.0 11.0
118277.0 21915.0 11.0
118663.0 21841.0 11.0
118787.0 22099.0 11.0
119001.0 21978.0 11.0
119277.0 21435.0 11.0
119279.0 22281.0 11.0
119597.0 21625.0 11.0
120301.0 22039.0 11.0
120427.0 22138.0 11.0
120855.0 22533.0 11.0
120865.0 21879.0 11.0
120981.0 22388.0 11.0
121087.0 22281.0 11.0
121955.0 22277.0 11.0
122903.0 22587.0 11.0
123003.0 22343.0 11.0
123147.0 22432.0 11.0
123193.0 22750.0 11.0
123427.0 21908.0 11.0
123575.0 22489.0 11.0
123901.0 22731.0 11.0
123967.0 22159.0 11.0
124007.0 22508.0 11.0
124223.0 22243.0 11.0
124827.0 22052.0 11.0
124917.0 22276.0 11.0
126849.0 22379.0 11.0
126875.0 22354.0 11.0
127089.0 22092.0 11.0
127229.0 22913.0 11.0
127399.0 22357.0 11.0
127773.0 22471.0 11.0
127775.0 22489.0 11.0
127811.0 22781.0 11.0
127893.0 22538.0 11.0
128045.0 22266.0 11.0
128245.0 22603.0 11.0
128631.0 22610.0 11.0
129503.0 22987.0 11.0
130001.0 22600.0 11.0
130763.0 22114.0 11.0
131153.0 22677.0 11.0
132235.0 22513.0 11.0
132417.0 22796.0 11.0
134921.0 22863.0 11.0
135047.0 22987.0 11.0
136171.0 22705.0 11.0
136539.0 22980.0 11.0
136701.0 23002.0 11.0
138429.0 23099.0 11.0
142181.0 22886.0 11.0
147343.0 22983.0 11.0
147403.0 23286.0 11.0
152325.0 23751.0 11.0
156371.0 24064.0 11.0
