rev1.1
224091.0 43694.0 11.0
225177.0 42985.0 11.0
225217.0 43474.0 11.0
225735.0 43345.0 11.0
226211.0 43587.0 11.0
226805.0 43414.0 11.0
229549.0 44171.0 11.0
230319.0 43414.0 11.0
230689.0 44197.0 11.0
230851.0 43394.0 11.0
231673.0 43152.0 11.0
231813.0 43230.0 11.0
234177.0 43730.0 11.0
234265.0 43815.0 11.0
234271.0 44070.0 11.0
234363.0 43888.0 11.0
234425.0 43054.0 11.0
234971.0 43805.0 11.0
235967.0 43714.0 11.0
236433.0 43807.0 11.0
236655.0 43254.0 11.0
236841.0 43244.0 11.0
237125.0 44228.0 11.0
237197.0 43885.0 11.0
238581.0 43902.0 11.0
238657.0 44339.0 11.0
238787.0 43792.0 11.0
238845.0 44071.0 11.0
239001.0 43894.0 11.0
239463.0 44177.0 11.0
240005.0 43325.0 11.0
240231.0 44172.0 11.0
240723.0 44431.0 11.0
242891.0 44012.0 11.0
243773.0 44726.0 11.0
244045.0 44461.0 11.0
244911.0 43902.0 11.0
244915.0 44173.0 11.0
245391.0 44315.0 11.0
246077.0 43888.0 11.0
246817.0 43836.0 11.0
247059.0 44023.0 11.0
247147.0 44539.0 11.0
247273.0 44514.0 11.0
247355.0 44417.0 11.0
247443.0 43930.0 11.0
248279.0 44290.0 11.0
248313.0 44531.0 11.0
248371.0 44226.0 11.0
248413.0 44431.0 11.0
248597.0 43956.0 11.0
248741.0 43935.0 11.0
248807.0 44421.0 11.0
249273.0 44135.0 11.0
249407.0 44316.0 11.0
249519.0 44731.0 11.0
249875.0 44380.0 11.0
249951.0 44305.0 11.0
250541.0 44480.0 11.0
250735.0 44416.0 11.0
250789.0 44451.0 11.0
251815.0 44103.0 11.0
251965.0 44048.0 11.0
252661.0 44474.0 11.0
252851.0 44774.0 11.0
253105.0 44887.0 11.0
254407.0 44130.0 11.0
255065.0 44655.0 11.0
255401.0 44914.0 11.0
255493.0 44511.0 11.0
255699.0 44831.0 11.0
256055.0 44823.0 11.0
256259.0 44880.0 11.0
257145.0 44964.0 11.0
257501.0 44776.0 11.0
257569.0 45327.0 11.0
257941.0 44559.0 11.0
258149.0 44569.0 11.0
258249.0 45140.0 11.0
258465.0 44900.0 11.0
259811.0 44873.0 11.0
261235.0 44819.0 11.0
261305.0 44975.0 11.0
264771.0 45148.0 11.0
264815.0 44713.0 11.0
266093.0 44881.0 11.0
266419.0 44694.0 11.0
266693.0 45324.0 11.0
267441.0 44901.0 11.0
270889.0 45084.0 11.0
271187.0 45658.0 11.0
272441.0 45580.0 11.0
272945.0 45065.0 11.0
277487.0 45976.0 11.0
282335.0 46167.0 11.0
286683.0 46318.0 11.0
286829.0 46516.0 11.0
287987.0 45594.0 11.0
294303.0 46563.0 11.0
315365.0 47001.0 11.0
