rev1.1
106747.0 20689.0 5.0
109823.0 21000.0 5.0
110453.0 21055.0 5.0
111057.0 20897.0 5.0
111813.0 21090.0 5.0
111917.0 20920.0 5.0
112221.0 21180.0 5.0
112529.0 21358.0 5.0
112825.0 21262.0 5.0
113053.0 21265.0 5.0
113133.0 21317.0 5.0
113751.0 21225.0 5.0
114025.0 21172.0 5.0
114685.0 21275.0 5.0
115405.0 21462.0 5.0
115683.0 21563.0 5.0
115959.0 21622.0 5.0
116127.0 21603.0 5.0
116451.0 21735.0 5.0
116697.0 21421.0 5.0
117863.0 21799.0 5.0
118237.0 22070.0 5.0
118337.0 21877.0 5.0
118649.0 21965.0 5.0
118655.0 21779.0 5.0
119073.0 21844.0 5.0
119531.0 21638.0 5.0
119557.0 21785.0 5.0
120165.0 22089.0 5.0
120319.0 21983.0 5.0
120621.0 22107.0 5.0
120905.0 22038.0 5.0
121713.0 22302.0 5.0
121743.0 22180.0 5.0
121765.0 22006.0 5.0
121951.0 22172.0 5.0
122395.0 22144.0 5.0
122687.0 22238.0 5.0
122693.0 22169.0 5.0
122709.0 22068.0 5.0
123149.0 22546.0 5.0
123621.0 22296.0 5.0
123899.0 22086.0 5.0
124619.0 22358.0 5.0
124711.0 22283.0 5.0
125061.0 22530.0 5.0
125349.0 22273.0 5.0
125375.0 22333.0 5.0
126027.0 22510.0 5.0
126201.0 22345.0 5.0
126887.0 22598.0 5.0
127237.0 22827.0 5.0
127633.0 22647.0 5.0
127833.0 22711.0 5.0
128017.0 22906.0 5.0
128191.0 22673.0 5.0
129231.0 22711.0 5.0
129317.0 22965.0 5.0
129669.0 22795.0 5.0
131159.0 22916.0 5.0
131551.0 23035.0 5.0
131679.0 22974.0 5.0
132653.0 23138.0 5.0
132733.0 23369.0 5.0
133037.0 23087.0 5.0
133325.0 23222.0 5.0
133379.0 23198.0 5.0
133819.0 23407.0 5.0
134029.0 23468.0 5.0
134195.0 23315.0 5.0
134623.0 23555.0 5.0
135647.0 23376.0 5.0
136353.0 23496.0 5.0
136827.0 23633.0 5.0
136889.0 23926.0 5.0
137107.0 23507.0 5.0
137157.0 23795.0 5.0
137589.0 23790.0 5.0
137751.0 23669.0 5.0
138545.0 23889.0 5.0
139639.0 23896.0 5.0
140047.0 24052.0 5.0
140771.0 24182.0 5.0
141451.0 24199.0 5.0
141845.0 24283.0 5.0
141909.0 24053.0 5.0
142083.0 24301.0 5.0
142729.0 24152.0 5.0
143363.0 24061.0 5.0
143839.0 24269.0 5.0
144159.0 24426.0 5.0
144251.0 24439.0 5.0
145695.0 24468.0 5.0
146061.0 24443.0 5.0
149985.0 24923.0 5.0
152127.0 25057.0 5.0
154417.0 25706.0 5.0
158755.0 25720.0 5.0
159995.0 26164.0 5.0
174845.0 27511.0 5.0
