rev1.1
478739.0 87814.0 5.0
488231.0 88605.0 5.0
490407.0 88802.0 5.0
491007.0 88799.0 5.0
496003.0 89470.0 5.0
502057.0 90209.0 5.0
502953.0 90029.0 5.0
506479.0 90170.0 5.0
510347.0 91037.0 5.0
510695.0 90867.0 5.0
510745.0 91257.0 5.0
511143.0 91403.0 5.0
511905.0 91005.0 5.0
513627.0 90963.0 5.0
516927.0 91018.0 5.0
518167.0 91456.0 5.0
520271.0 91889.0 5.0
524317.0 92518.0 5.0
524829.0 92208.0 5.0
525613.0 92264.0 5.0
526243.0 92879.0 5.0
529077.0 92549.0 5.0
529605.0 92869.0 5.0
532373.0 93240.0 5.0
532393.0 92754.0 5.0
534183.0 93365.0 5.0
535791.0 92970.0 5.0
536297.0 93239.0 5.0
539441.0 93995.0 5.0
541019.0 93567.0 5.0
541501.0 94393.0 5.0
542215.0 93794.0 5.0
542971.0 93915.0 5.0
544583.0 93840.0 5.0
545313.0 94547.0 5.0
547721.0 95163.0 5.0
548959.0 94745.0 5.0
549389.0 94830.0 5.0
550479.0 94678.0 5.0
552679.0 95178.0 5.0
559039.0 95813.0 5.0
559237.0 95460.0 5.0
560299.0 95840.0 5.0
560737.0 96160.0 5.0
562217.0 95607.0 5.0
564841.0 96389.0 5.0
565619.0 96443.0 5.0
566581.0 96505.0 5.0
570477.0 96583.0 5.0
570517.0 96730.0 5.0
570561.0 96967.0 5.0
571681.0 97165.0 5.0
572227.0 97162.0 5.0
572615.0 96727.0 5.0
573365.0 97052.0 5.0
573635.0 96867.0 5.0
574331.0 97123.0 5.0
577669.0 97251.0 5.0
578349.0 97668.0 5.0
583047.0 97887.0 5.0
583367.0 97831.0 5.0
583695.0 97973.0 5.0
584515.0 98167.0 5.0
585627.0 98314.0 5.0
588025.0 98862.0 5.0
588711.0 98736.0 5.0
589811.0 98675.0 5.0
591637.0 98457.0 5.0
593537.0 98854.0 5.0
598559.0 99230.0 5.0
598629.0 99660.0 5.0
599367.0 99659.0 5.0
601465.0 99447.0 5.0
605397.0 100475.0 5.0
606055.0 100031.0 5.0
606357.0 100564.0 5.0
614705.0 101233.0 5.0
615437.0 101649.0 5.0
623233.0 102157.0 5.0
623875.0 101480.0 5.0
624869.0 102101.0 5.0
625795.0 102307.0 5.0
633667.0 102896.0 5.0
634029.0 103131.0 5.0
640085.0 103878.0 5.0
641575.0 104351.0 5.0
645443.0 104000.0 5.0
647315.0 104704.0 5.0
662573.0 106032.0 5.0
667563.0 106689.0 5.0
667925.0 106262.0 5.0
672167.0 107247.0 5.0
684513.0 108554.0 5.0
688791.0 108385.0 5.0
699085.0 109500.0 5.0
707527.0 110795.0 5.0
715893.0 111206.0 5.0
718577.0 111386.0 5.0
742335.0 114313.0 5.0
767459.0 116460.0 5.0
