rev1.1
4779.0 1132.0 5.0
4879.0 1108.0 5.0
5037.0 1119.0 5.0
5067.0 1083.0 5.0
5081.0 1090.0 5.0
5103.0 1130.0 5.0
5123.0 1143.0 5.0
5215.0 1096.0 5.0
5247.0 1152.0 5.0
5253.0 1142.0 5.0
5273.0 1148.0 5.0
5303.0 1172.0 5.0
5337.0 1138.0 5.0
5341.0 1175.0 5.0
5355.0 1157.0 5.0
5359.0 1139.0 5.0
5363.0 1153.0 5.0
5393.0 1179.0 5.0
5411.0 1208.0 5.0
5421.0 1227.0 5.0
5437.0 1193.0 5.0
5455.0 1211.0 5.0
5485.0 1231.0 5.0
5491.0 1185.0 5.0
5599.0 1241.0 5.0
5619.0 1168.0 5.0
5699.0 1201.0 5.0
5733.0 1158.0 5.0
5737.0 1178.0 5.0
5739.0 1230.0 5.0
5765.0 1218.0 5.0
5785.0 1183.0 5.0
5791.0 1219.0 5.0
5795.0 1164.0 5.0
5799.0 1211.0 5.0
5813.0 1242.0 5.0
5817.0 1238.0 5.0
5835.0 1206.0 5.0
5835.0 1239.0 5.0
5855.0 1185.0 5.0
5901.0 1220.0 5.0
5921.0 1222.0 5.0
5927.0 1256.0 5.0
6033.0 1227.0 5.0
6039.0 1238.0 5.0
6047.0 1262.0 5.0
6065.0 1268.0 5.0
6075.0 1256.0 5.0
6077.0 1230.0 5.0
6099.0 1212.0 5.0
6105.0 1215.0 5.0
6129.0 1199.0 5.0
6153.0 1249.0 5.0
6163.0 1255.0 5.0
6175.0 1319.0 5.0
6187.0 1307.0 5.0
6189.0 1259.0 5.0
6201.0 1256.0 5.0
6209.0 1295.0 5.0
6213.0 1279.0 5.0
6219.0 1218.0 5.0
6221.0 1232.0 5.0
6245.0 1226.0 5.0
6249.0 1311.0 5.0
6275.0 1246.0 5.0
6293.0 1265.0 5.0
6361.0 1238.0 5.0
6377.0 1290.0 5.0
6399.0 1322.0 5.0
6405.0 1305.0 5.0
6407.0 1323.0 5.0
6481.0 1257.0 5.0
6513.0 1194.0 5.0
6579.0 1270.0 5.0
6593.0 1261.0 5.0
6601.0 1260.0 5.0
6605.0 1239.0 5.0
6637.0 1292.0 5.0
6663.0 1303.0 5.0
6685.0 1228.0 5.0
6713.0 1305.0 5.0
6719.0 1318.0 5.0
6793.0 1277.0 5.0
6797.0 1337.0 5.0
6915.0 1280.0 5.0
6935.0 1324.0 5.0
6943.0 1358.0 5.0
7105.0 1346.0 5.0
7135.0 1325.0 5.0
7155.0 1326.0 5.0
7171.0 1340.0 5.0
7741.0 1454.0 5.0
7743.0 1399.0 5.0
7891.0 1409.0 5.0
8019.0 1432.0 5.0
8263.0 1468.0 5.0
8323.0 1496.0 5.0
8599.0 1529.0 5.0
8853.0 1507.0 5.0
9239.0 1566.0 5.0
