rev1.1
50127.0 9997.0 5.0
50835.0 10202.0 5.0
51147.0 10128.0 5.0
51695.0 10169.0 5.0
52435.0 10234.0 5.0
52497.0 10230.0 5.0
52897.0 10286.0 5.0
52985.0 10286.0 5.0
53097.0 10305.0 5.0
53451.0 10279.0 5.0
53461.0 10369.0 5.0
53697.0 10394.0 5.0
53963.0 10541.0 5.0
54317.0 10415.0 5.0
54393.0 10403.0 5.0
54503.0 10321.0 5.0
54707.0 10451.0 5.0
54755.0 10417.0 5.0
55555.0 10464.0 5.0
56399.0 10595.0 5.0
56543.0 10546.0 5.0
56647.0 10825.0 5.0
56875.0 10578.0 5.0
56917.0 10692.0 5.0
56919.0 10729.0 5.0
57091.0 10591.0 5.0
57175.0 10723.0 5.0
57293.0 10749.0 5.0
57335.0 10709.0 5.0
57437.0 10533.0 5.0
57465.0 10826.0 5.0
58339.0 10958.0 5.0
58429.0 10868.0 5.0
58471.0 10825.0 5.0
58483.0 10787.0 5.0
58789.0 10764.0 5.0
58847.0 10772.0 5.0
58959.0 10687.0 5.0
59061.0 10896.0 5.0
59099.0 10886.0 5.0
59289.0 10939.0 5.0
59315.0 11013.0 5.0
59937.0 10793.0 5.0
60379.0 11014.0 5.0
60593.0 11060.0 5.0
60653.0 10910.0 5.0
60725.0 11028.0 5.0
60979.0 11052.0 5.0
61441.0 11179.0 5.0
61451.0 11125.0 5.0
61533.0 11050.0 5.0
61599.0 11434.0 5.0
61663.0 11206.0 5.0
61757.0 11118.0 5.0
61853.0 11307.0 5.0
62001.0 11167.0 5.0
62119.0 11178.0 5.0
62241.0 11101.0 5.0
62279.0 11409.0 5.0
62501.0 11197.0 5.0
62525.0 11125.0 5.0
63195.0 11305.0 5.0
63375.0 11381.0 5.0
63415.0 11215.0 5.0
63489.0 11269.0 5.0
63629.0 11284.0 5.0
63645.0 11377.0 5.0
63949.0 11362.0 5.0
64089.0 11258.0 5.0
64205.0 11436.0 5.0
64499.0 11453.0 5.0
64625.0 11438.0 5.0
65037.0 11426.0 5.0
65249.0 11486.0 5.0
65519.0 11491.0 5.0
65879.0 11648.0 5.0
65951.0 11418.0 5.0
66495.0 11668.0 5.0
66555.0 11401.0 5.0
66899.0 11690.0 5.0
67419.0 11572.0 5.0
67907.0 11803.0 5.0
67965.0 11707.0 5.0
68299.0 11701.0 5.0
68553.0 11855.0 5.0
68637.0 11748.0 5.0
69515.0 11994.0 5.0
69591.0 12044.0 5.0
69989.0 11968.0 5.0
70971.0 12113.0 5.0
71329.0 11949.0 5.0
71345.0 12051.0 5.0
71379.0 12020.0 5.0
71635.0 12167.0 5.0
72273.0 12103.0 5.0
73219.0 12400.0 5.0
74157.0 12411.0 5.0
78487.0 12861.0 5.0
78899.0 12768.0 5.0
81063.0 12933.0 5.0
