rev1.1
879.0 235.0 5.0
901.0 224.0 5.0
923.0 251.0 5.0
929.0 258.0 5.0
959.0 257.0 5.0
973.0 275.0 5.0
1001.0 259.0 5.0
1011.0 241.0 5.0
1013.0 280.0 5.0
1013.0 261.0 5.0
1015.0 233.0 5.0
1027.0 264.0 5.0
1031.0 270.0 5.0
1033.0 268.0 5.0
1057.0 254.0 5.0
1061.0 262.0 5.0
1065.0 291.0 5.0
1069.0 307.0 5.0
1087.0 290.0 5.0
1093.0 271.0 5.0
1099.0 290.0 5.0
1129.0 303.0 5.0
1147.0 292.0 5.0
1149.0 300.0 5.0
1153.0 258.0 5.0
1159.0 277.0 5.0
1173.0 256.0 5.0
1179.0 304.0 5.0
1183.0 249.0 5.0
1183.0 274.0 5.0
1187.0 270.0 5.0
1193.0 282.0 5.0
1195.0 280.0 5.0
1195.0 295.0 5.0
1197.0 275.0 5.0
1201.0 267.0 5.0
1203.0 261.0 5.0
1213.0 292.0 5.0
1219.0 310.0 5.0
1219.0 294.0 5.0
1221.0 282.0 5.0
1233.0 281.0 5.0
1239.0 279.0 5.0
1249.0 291.0 5.0
1253.0 279.0 5.0
1261.0 304.0 5.0
1263.0 328.0 5.0
1265.0 300.0 5.0
1277.0 275.0 5.0
1283.0 289.0 5.0
1285.0 322.0 5.0
1287.0 262.0 5.0
1289.0 285.0 5.0
1297.0 272.0 5.0
1309.0 299.0 5.0
1311.0 268.0 5.0
1315.0 303.0 5.0
1317.0 323.0 5.0
1319.0 303.0 5.0
1319.0 255.0 5.0
1319.0 302.0 5.0
1325.0 290.0 5.0
1335.0 299.0 5.0
1337.0 299.0 5.0
1339.0 285.0 5.0
1341.0 310.0 5.0
1347.0 331.0 5.0
1351.0 322.0 5.0
1355.0 291.0 5.0
1365.0 320.0 5.0
1375.0 301.0 5.0
1395.0 320.0 5.0
1399.0 286.0 5.0
1401.0 302.0 5.0
1401.0 311.0 5.0
1407.0 327.0 5.0
1419.0 317.0 5.0
1421.0 325.0 5.0
1421.0 293.0 5.0
1423.0 288.0 5.0
1429.0 304.0 5.0
1439.0 311.0 5.0
1441.0 311.0 5.0
1459.0 331.0 5.0
1459.0 337.0 5.0
1467.0 295.0 5.0
1475.0 301.0 5.0
1487.0 315.0 5.0
1507.0 300.0 5.0
1527.0 340.0 5.0
1533.0 329.0 5.0
1553.0 336.0 5.0
1559.0 317.0 5.0
1611.0 311.0 5.0
1615.0 313.0 5.0
1645.0 347.0 5.0
1787.0 322.0 5.0
2023.0 390.0 5.0
2095.0 375.0 5.0
2253.0 389.0 5.0
