rev1.1
10615.0 2292.0 5.0
11117.0 2360.0 5.0
11253.0 2312.0 5.0
11289.0 2357.0 5.0
11521.0 2421.0 5.0
11545.0 2369.0 5.0
11575.0 2360.0 5.0
11723.0 2431.0 5.0
11785.0 2448.0 5.0
11829.0 2457.0 5.0
11839.0 2430.0 5.0
11841.0 2453.0 5.0
11903.0 2404.0 5.0
12015.0 2434.0 5.0
12105.0 2383.0 5.0
12119.0 2444.0 5.0
12139.0 2446.0 5.0
12275.0 2517.0 5.0
12351.0 2474.0 5.0
12357.0 2485.0 5.0
12363.0 2492.0 5.0
12365.0 2505.0 5.0
12377.0 2406.0 5.0
12471.0 2516.0 5.0
12517.0 2522.0 5.0
12551.0 2408.0 5.0
12563.0 2524.0 5.0
12571.0 2506.0 5.0
12595.0 2507.0 5.0
12707.0 2539.0 5.0
12725.0 2524.0 5.0
12739.0 2562.0 5.0
12757.0 2545.0 5.0
12765.0 2596.0 5.0
12781.0 2493.0 5.0
12817.0 2551.0 5.0
12835.0 2567.0 5.0
12885.0 2573.0 5.0
12955.0 2514.0 5.0
13029.0 2549.0 5.0
13045.0 2506.0 5.0
13109.0 2621.0 5.0
13119.0 2550.0 5.0
13137.0 2632.0 5.0
13245.0 2642.0 5.0
13269.0 2587.0 5.0
13283.0 2594.0 5.0
13305.0 2539.0 5.0
13393.0 2575.0 5.0
13575.0 2592.0 5.0
13685.0 2629.0 5.0
13711.0 2596.0 5.0
13763.0 2667.0 5.0
13821.0 2619.0 5.0
13831.0 2625.0 5.0
13909.0 2621.0 5.0
13959.0 2668.0 5.0
14041.0 2598.0 5.0
14081.0 2581.0 5.0
14139.0 2591.0 5.0
14175.0 2685.0 5.0
14193.0 2613.0 5.0
14351.0 2612.0 5.0
14395.0 2656.0 5.0
14441.0 2735.0 5.0
14479.0 2713.0 5.0
14549.0 2757.0 5.0
14555.0 2718.0 5.0
14563.0 2725.0 5.0
14581.0 2767.0 5.0
14639.0 2738.0 5.0
14683.0 2713.0 5.0
14713.0 2807.0 5.0
14829.0 2701.0 5.0
14851.0 2770.0 5.0
14887.0 2697.0 5.0
14925.0 2738.0 5.0
14957.0 2825.0 5.0
14981.0 2769.0 5.0
15107.0 2805.0 5.0
15363.0 2813.0 5.0
15627.0 2802.0 5.0
15635.0 2769.0 5.0
15859.0 2871.0 5.0
16025.0 2915.0 5.0
16135.0 2835.0 5.0
16195.0 2839.0 5.0
16601.0 2975.0 5.0
16631.0 2894.0 5.0
16695.0 2981.0 5.0
16705.0 2911.0 5.0
16813.0 2944.0 5.0
16949.0 2965.0 5.0
17077.0 2922.0 5.0
17719.0 3073.0 5.0
17795.0 3098.0 5.0
17805.0 2998.0 5.0
18621.0 3159.0 5.0
18893.0 3195.0 5.0
20737.0 3330.0 5.0
