rev1.1
231719.0 42892.0 5.0
234543.0 43584.0 5.0
238931.0 43962.0 5.0
239951.0 43918.0 5.0
241143.0 43696.0 5.0
241317.0 44077.0 5.0
242363.0 44107.0 5.0
243067.0 44229.0 5.0
245263.0 44418.0 5.0
245285.0 44741.0 5.0
245511.0 44625.0 5.0
245795.0 44715.0 5.0
245959.0 44342.0 5.0
246509.0 44307.0 5.0
248241.0 44715.0 5.0
248291.0 44693.0 5.0
249207.0 44887.0 5.0
249491.0 44793.0 5.0
249973.0 45187.0 5.0
251133.0 44954.0 5.0
251219.0 44775.0 5.0
252039.0 45100.0 5.0
252383.0 45068.0 5.0
253277.0 45045.0 5.0
256843.0 45299.0 5.0
257281.0 45444.0 5.0
257351.0 45881.0 5.0
257973.0 45961.0 5.0
258203.0 45546.0 5.0
258699.0 45641.0 5.0
259303.0 45747.0 5.0
259493.0 45821.0 5.0
260167.0 45794.0 5.0
260515.0 46097.0 5.0
261649.0 45796.0 5.0
261993.0 46006.0 5.0
262395.0 46672.0 5.0
263859.0 46494.0 5.0
263953.0 46151.0 5.0
264267.0 46447.0 5.0
266367.0 46203.0 5.0
266447.0 46430.0 5.0
266847.0 46585.0 5.0
267247.0 46596.0 5.0
267709.0 46593.0 5.0
267991.0 46624.0 5.0
268803.0 46735.0 5.0
268927.0 46862.0 5.0
269625.0 46943.0 5.0
270675.0 46931.0 5.0
271161.0 47099.0 5.0
271429.0 47010.0 5.0
271469.0 47077.0 5.0
272073.0 47138.0 5.0
272435.0 47014.0 5.0
272485.0 47097.0 5.0
272629.0 46992.0 5.0
272723.0 47004.0 5.0
273463.0 47266.0 5.0
273983.0 47197.0 5.0
275475.0 47490.0 5.0
276545.0 47505.0 5.0
277995.0 47163.0 5.0
278809.0 47633.0 5.0
279483.0 47556.0 5.0
280781.0 48084.0 5.0
282211.0 48299.0 5.0
282403.0 48105.0 5.0
282999.0 48003.0 5.0
283019.0 48328.0 5.0
283833.0 48200.0 5.0
284133.0 48234.0 5.0
284233.0 48173.0 5.0
284317.0 48353.0 5.0
285307.0 48601.0 5.0
285539.0 48625.0 5.0
287073.0 48442.0 5.0
287253.0 48416.0 5.0
288203.0 48364.0 5.0
288391.0 48698.0 5.0
290593.0 48813.0 5.0
292791.0 48961.0 5.0
292943.0 49193.0 5.0
293709.0 49161.0 5.0
295475.0 49127.0 5.0
298113.0 50111.0 5.0
298117.0 49906.0 5.0
298291.0 49852.0 5.0
303105.0 50059.0 5.0
307479.0 50536.0 5.0
309685.0 51010.0 5.0
310505.0 50773.0 5.0
310727.0 50714.0 5.0
313947.0 51440.0 5.0
319577.0 52146.0 5.0
322327.0 52239.0 5.0
336487.0 53631.0 5.0
367581.0 56570.0 5.0
394883.0 59704.0 5.0
406519.0 60796.0 5.0
