rev1.1
23377.0 4952.0 5.0
23453.0 4881.0 5.0
23535.0 4861.0 5.0
23559.0 4771.0 5.0
23761.0 4813.0 5.0
24187.0 4913.0 5.0
24359.0 4815.0 5.0
24487.0 4966.0 5.0
24491.0 4855.0 5.0
24519.0 4866.0 5.0
24615.0 4997.0 5.0
24703.0 4943.0 5.0
24849.0 4980.0 5.0
25225.0 4975.0 5.0
25279.0 4935.0 5.0
25365.0 4982.0 5.0
25825.0 5111.0 5.0
25905.0 5118.0 5.0
25909.0 5035.0 5.0
25969.0 5132.0 5.0
26073.0 5118.0 5.0
26153.0 5104.0 5.0
26221.0 5037.0 5.0
26263.0 5093.0 5.0
26345.0 5163.0 5.0
26421.0 5087.0 5.0
26535.0 5187.0 5.0
26579.0 5180.0 5.0
26637.0 5189.0 5.0
26969.0 5165.0 5.0
26975.0 5278.0 5.0
27035.0 5216.0 5.0
27045.0 5203.0 5.0
27117.0 5258.0 5.0
27193.0 5106.0 5.0
27265.0 5244.0 5.0
27305.0 5320.0 5.0
27359.0 5291.0 5.0
27369.0 5202.0 5.0
27371.0 5234.0 5.0
27433.0 5219.0 5.0
27481.0 5260.0 5.0
27571.0 5390.0 5.0
27589.0 5211.0 5.0
27875.0 5401.0 5.0
27973.0 5324.0 5.0
28045.0 5351.0 5.0
28229.0 5336.0 5.0
28239.0 5261.0 5.0
28309.0 5361.0 5.0
28413.0 5377.0 5.0
28571.0 5350.0 5.0
28803.0 5364.0 5.0
28821.0 5469.0 5.0
28863.0 5355.0 5.0
29021.0 5311.0 5.0
29179.0 5505.0 5.0
29187.0 5457.0 5.0
29219.0 5466.0 5.0
29445.0 5380.0 5.0
29537.0 5464.0 5.0
29559.0 5459.0 5.0
29641.0 5523.0 5.0
29875.0 5426.0 5.0
30093.0 5510.0 5.0
30111.0 5589.0 5.0
30407.0 5540.0 5.0
30543.0 5566.0 5.0
30827.0 5521.0 5.0
30831.0 5698.0 5.0
30909.0 5713.0 5.0
30939.0 5605.0 5.0
30955.0 5776.0 5.0
30955.0 5648.0 5.0
30965.0 5482.0 5.0
31027.0 5734.0 5.0
31039.0 5586.0 5.0
31559.0 5631.0 5.0
31637.0 5695.0 5.0
31917.0 5674.0 5.0
32247.0 5719.0 5.0
32313.0 5634.0 5.0
32549.0 5782.0 5.0
32819.0 5753.0 5.0
32975.0 5860.0 5.0
33051.0 5807.0 5.0
33071.0 5819.0 5.0
33095.0 5736.0 5.0
33533.0 5770.0 5.0
33605.0 5926.0 5.0
33789.0 5834.0 5.0
34273.0 5936.0 5.0
34601.0 5965.0 5.0
35133.0 5890.0 5.0
36203.0 6133.0 5.0
37519.0 6158.0 5.0
37685.0 6323.0 5.0
37961.0 6212.0 5.0
41483.0 6620.0 5.0
46235.0 7181.0 5.0
