rev1.1
1027927.0 181997.0 5.0
1055127.0 184906.0 5.0
1061169.0 185020.0 5.0
1071365.0 187239.0 5.0
1072419.0 187147.0 5.0
1079099.0 187701.0 5.0
1079849.0 187406.0 5.0
1081325.0 188607.0 5.0
1083609.0 187432.0 5.0
1085857.0 188743.0 5.0
1089851.0 188618.0 5.0
1092719.0 189108.0 5.0
1097919.0 188987.0 5.0
1101637.0 189744.0 5.0
1102687.0 189473.0 5.0
1103747.0 190269.0 5.0
1111215.0 190463.0 5.0
1112273.0 191153.0 5.0
1123717.0 191684.0 5.0
1127537.0 191851.0 5.0
1134553.0 192969.0 5.0
1134915.0 193432.0 5.0
1135795.0 192714.0 5.0
1143597.0 194061.0 5.0
1145481.0 194212.0 5.0
1149967.0 194795.0 5.0
1155587.0 195749.0 5.0
1155991.0 195115.0 5.0
1157785.0 194908.0 5.0
1158853.0 195374.0 5.0
1159883.0 196284.0 5.0
1171059.0 196788.0 5.0
1171171.0 197351.0 5.0
1174747.0 197070.0 5.0
1174957.0 197279.0 5.0
1176829.0 197442.0 5.0
1176903.0 196987.0 5.0
1179887.0 197109.0 5.0
1181945.0 197743.0 5.0
1182375.0 198326.0 5.0
1185153.0 198631.0 5.0
1188763.0 198301.0 5.0
1191691.0 198427.0 5.0
1192715.0 199180.0 5.0
1194115.0 199039.0 5.0
1194355.0 198935.0 5.0
1196011.0 198860.0 5.0
1199871.0 199368.0 5.0
1206373.0 199601.0 5.0
1207305.0 199829.0 5.0
1208547.0 199955.0 5.0
1213093.0 200538.0 5.0
1215349.0 201006.0 5.0
1219215.0 201278.0 5.0
1219743.0 201423.0 5.0
1220937.0 200904.0 5.0
1221679.0 201420.0 5.0
1222615.0 201604.0 5.0
1230057.0 202357.0 5.0
1230703.0 202711.0 5.0
1231589.0 202771.0 5.0
1233185.0 202435.0 5.0
1235549.0 203350.0 5.0
1242325.0 203991.0 5.0
1242913.0 204373.0 5.0
1248411.0 204681.0 5.0
1249327.0 204323.0 5.0
1253425.0 204537.0 5.0
1256335.0 206204.0 5.0
1264853.0 206017.0 5.0
1265395.0 206344.0 5.0
1268613.0 206737.0 5.0
1271659.0 206250.0 5.0
1283563.0 207704.0 5.0
1286989.0 208325.0 5.0
1291055.0 208399.0 5.0
1297539.0 209417.0 5.0
1305741.0 210060.0 5.0
1310713.0 209783.0 5.0
1314343.0 210774.0 5.0
1320937.0 212034.0 5.0
1322013.0 211620.0 5.0
1324271.0 212036.0 5.0
1330165.0 212699.0 5.0
1331977.0 212821.0 5.0
1337141.0 213376.0 5.0
1345197.0 213651.0 5.0
1345227.0 214429.0 5.0
1351601.0 214535.0 5.0
1354981.0 215558.0 5.0
1355217.0 214613.0 5.0
1376655.0 217244.0 5.0
1377971.0 217014.0 5.0
1388165.0 218297.0 5.0
1396489.0 219240.0 5.0
1434479.0 222954.0 5.0
1586309.0 237979.0 5.0
1779849.0 257760.0 5.0
1820691.0 261209.0 5.0
1973303.0 276410.0 5.0
