rev1.1
2021.0 560.0 5.0
2077.0 509.0 5.0
2079.0 524.0 5.0
2133.0 537.0 5.0
2183.0 518.0 5.0
2211.0 537.0 5.0
2229.0 563.0 5.0
2245.0 553.0 5.0
2287.0 514.0 5.0
2287.0 539.0 5.0
2315.0 536.0 5.0
2343.0 550.0 5.0
2365.0 552.0 5.0
2379.0 579.0 5.0
2381.0 551.0 5.0
2435.0 607.0 5.0
2459.0 528.0 5.0
2471.0 559.0 5.0
2475.0 545.0 5.0
2499.0 573.0 5.0
2501.0 597.0 5.0
2503.0 575.0 5.0
2533.0 578.0 5.0
2579.0 559.0 5.0
2591.0 554.0 5.0
2593.0 582.0 5.0
2597.0 607.0 5.0
2601.0 599.0 5.0
2603.0 575.0 5.0
2603.0 574.0 5.0
2611.0 584.0 5.0
2645.0 571.0 5.0
2665.0 559.0 5.0
2675.0 585.0 5.0
2675.0 588.0 5.0
2683.0 609.0 5.0
2693.0 601.0 5.0
2695.0 576.0 5.0
2695.0 568.0 5.0
2719.0 539.0 5.0
2723.0 595.0 5.0
2727.0 545.0 5.0
2727.0 577.0 5.0
2729.0 561.0 5.0
2737.0 570.0 5.0
2747.0 593.0 5.0
2753.0 584.0 5.0
2783.0 582.0 5.0
2785.0 586.0 5.0
2785.0 574.0 5.0
2799.0 571.0 5.0
2801.0 636.0 5.0
2803.0 611.0 5.0
2813.0 584.0 5.0
2817.0 565.0 5.0
2821.0 612.0 5.0
2833.0 610.0 5.0
2835.0 593.0 5.0
2837.0 591.0 5.0
2881.0 636.0 5.0
2891.0 607.0 5.0
2909.0 585.0 5.0
2913.0 626.0 5.0
2941.0 600.0 5.0
2951.0 606.0 5.0
2951.0 637.0 5.0
2961.0 623.0 5.0
2979.0 599.0 5.0
3001.0 612.0 5.0
3009.0 630.0 5.0
3015.0 601.0 5.0
3057.0 580.0 5.0
3071.0 575.0 5.0
3085.0 641.0 5.0
3087.0 612.0 5.0
3139.0 651.0 5.0
3147.0 639.0 5.0
3151.0 642.0 5.0
3163.0 610.0 5.0
3175.0 654.0 5.0
3185.0 630.0 5.0
3253.0 639.0 5.0
3271.0 679.0 5.0
3275.0 626.0 5.0
3277.0 636.0 5.0
3287.0 674.0 5.0
3343.0 687.0 5.0
3421.0 698.0 5.0
3467.0 683.0 5.0
3507.0 638.0 5.0
3511.0 698.0 5.0
3563.0 628.0 5.0
3577.0 695.0 5.0
3595.0 667.0 5.0
3609.0 694.0 5.0
3811.0 683.0 5.0
3827.0 725.0 5.0
3881.0 707.0 5.0
4023.0 737.0 5.0
4049.0 736.0 5.0
