rev1.1
55225.0 11976.0 5.0
57309.0 12477.0 5.0
57551.0 12148.0 5.0
58995.0 12368.0 5.0
59251.0 12477.0 5.0
59573.0 12767.0 5.0
59631.0 12526.0 5.0
59705.0 12370.0 5.0
60027.0 12509.0 5.0
60877.0 12572.0 5.0
60885.0 12583.0 5.0
60995.0 12776.0 5.0
61359.0 12659.0 5.0
61521.0 12568.0 5.0
61563.0 12906.0 5.0
61747.0 12763.0 5.0
61765.0 12610.0 5.0
62021.0 12690.0 5.0
62167.0 12945.0 5.0
62409.0 12481.0 5.0
62529.0 12685.0 5.0
62713.0 12628.0 5.0
63105.0 12844.0 5.0
63241.0 13037.0 5.0
63245.0 13030.0 5.0
63275.0 12849.0 5.0
63293.0 13019.0 5.0
63417.0 12775.0 5.0
63721.0 12875.0 5.0
63753.0 12901.0 5.0
64039.0 13083.0 5.0
64085.0 13150.0 5.0
64127.0 13140.0 5.0
64523.0 13270.0 5.0
64641.0 12990.0 5.0
64697.0 12992.0 5.0
64739.0 13128.0 5.0
65115.0 12911.0 5.0
65251.0 13182.0 5.0
65267.0 13133.0 5.0
65295.0 13072.0 5.0
65701.0 13215.0 5.0
65917.0 12977.0 5.0
66167.0 13162.0 5.0
66209.0 13185.0 5.0
66393.0 13085.0 5.0
66831.0 13145.0 5.0
66883.0 13166.0 5.0
67371.0 13236.0 5.0
67559.0 13397.0 5.0
67701.0 13224.0 5.0
67915.0 13445.0 5.0
68179.0 13453.0 5.0
68275.0 13361.0 5.0
69073.0 13507.0 5.0
69225.0 13559.0 5.0
69313.0 13428.0 5.0
69373.0 13455.0 5.0
69517.0 13614.0 5.0
69613.0 13547.0 5.0
69757.0 13481.0 5.0
70377.0 13699.0 5.0
70445.0 13222.0 5.0
70993.0 13438.0 5.0
71161.0 13611.0 5.0
71189.0 13686.0 5.0
71633.0 13579.0 5.0
71693.0 13833.0 5.0
71717.0 13736.0 5.0
71733.0 14009.0 5.0
72193.0 13787.0 5.0
72233.0 13780.0 5.0
72683.0 14119.0 5.0
72819.0 13887.0 5.0
73147.0 13896.0 5.0
73279.0 14046.0 5.0
73371.0 13940.0 5.0
74189.0 14226.0 5.0
74311.0 13825.0 5.0
74521.0 14054.0 5.0
74643.0 13791.0 5.0
74861.0 14012.0 5.0
74907.0 13838.0 5.0
75009.0 14074.0 5.0
75047.0 14141.0 5.0
75545.0 14116.0 5.0
76789.0 14011.0 5.0
77245.0 14345.0 5.0
77729.0 14330.0 5.0
78067.0 14306.0 5.0
79865.0 14843.0 5.0
80121.0 14720.0 5.0
80383.0 14615.0 5.0
80481.0 14656.0 5.0
82397.0 14930.0 5.0
83111.0 15165.0 5.0
83925.0 15190.0 5.0
87689.0 15234.0 5.0
90679.0 15827.0 5.0
95625.0 16334.0 5.0
