rev1.1
27259.0 5895.0 5.0
27497.0 5975.0 5.0
28155.0 5924.0 5.0
28157.0 6167.0 5.0
28385.0 6074.0 5.0
28389.0 6114.0 5.0
28431.0 5981.0 5.0
28465.0 5912.0 5.0
28709.0 6253.0 5.0
28737.0 6050.0 5.0
28765.0 6180.0 5.0
28975.0 6170.0 5.0
29053.0 6014.0 5.0
29361.0 6250.0 5.0
29451.0 6319.0 5.0
29549.0 6243.0 5.0
29597.0 6322.0 5.0
29599.0 6178.0 5.0
29667.0 6112.0 5.0
29739.0 6521.0 5.0
29843.0 6526.0 5.0
29893.0 6272.0 5.0
30007.0 6323.0 5.0
30071.0 6102.0 5.0
30121.0 6441.0 5.0
30199.0 6400.0 5.0
30271.0 6268.0 5.0
30333.0 6359.0 5.0
30467.0 6492.0 5.0
30557.0 6355.0 5.0
30741.0 6258.0 5.0
30781.0 6233.0 5.0
30821.0 6338.0 5.0
31019.0 6480.0 5.0
31071.0 6417.0 5.0
31169.0 6399.0 5.0
31299.0 6341.0 5.0
31523.0 6450.0 5.0
31747.0 6307.0 5.0
31757.0 6508.0 5.0
31775.0 6704.0 5.0
31803.0 6453.0 5.0
31815.0 6454.0 5.0
31901.0 6530.0 5.0
32381.0 6474.0 5.0
32443.0 6527.0 5.0
32615.0 6632.0 5.0
32627.0 6567.0 5.0
33007.0 6448.0 5.0
33065.0 6702.0 5.0
33067.0 6653.0 5.0
33157.0 6466.0 5.0
33199.0 6724.0 5.0
33251.0 6646.0 5.0
33327.0 6785.0 5.0
33341.0 6668.0 5.0
33429.0 6669.0 5.0
33523.0 6633.0 5.0
33721.0 6543.0 5.0
33775.0 6767.0 5.0
33935.0 6720.0 5.0
33995.0 6770.0 5.0
34143.0 6861.0 5.0
34157.0 6672.0 5.0
34167.0 6680.0 5.0
34219.0 6796.0 5.0
34251.0 6752.0 5.0
34401.0 6782.0 5.0
34615.0 6743.0 5.0
34833.0 6904.0 5.0
34839.0 6777.0 5.0
35105.0 6760.0 5.0
35119.0 6703.0 5.0
35189.0 6960.0 5.0
35193.0 6853.0 5.0
35221.0 6775.0 5.0
35309.0 6913.0 5.0
35615.0 6794.0 5.0
35657.0 6781.0 5.0
35725.0 7011.0 5.0
35841.0 6821.0 5.0
35919.0 6875.0 5.0
36269.0 6867.0 5.0
36597.0 6893.0 5.0
36981.0 6927.0 5.0
37089.0 6830.0 5.0
37215.0 6831.0 5.0
37671.0 7137.0 5.0
37761.0 7188.0 5.0
37771.0 6923.0 5.0
37867.0 7022.0 5.0
38017.0 7212.0 5.0
39127.0 7282.0 5.0
40081.0 7382.0 5.0
40521.0 7521.0 5.0
41251.0 7491.0 5.0
41403.0 7535.0 5.0
42667.0 7674.0 5.0
43533.0 7734.0 5.0
48383.0 8025.0 5.0
