rev1.1
1117447.0 215325.0 5.0
1145499.0 217793.0 5.0
1156703.0 219242.0 5.0
1160623.0 220542.0 5.0
1162571.0 219148.0 5.0
1165349.0 219841.0 5.0
1165593.0 219206.0 5.0
1175107.0 220323.0 5.0
1175965.0 220194.0 5.0
1180611.0 221131.0 5.0
1181181.0 222015.0 5.0
1182311.0 221304.0 5.0
1183111.0 221457.0 5.0
1183589.0 220924.0 5.0
1188785.0 221780.0 5.0
1206113.0 223524.0 5.0
1214797.0 222960.0 5.0
1218193.0 224983.0 5.0
1218247.0 225369.0 5.0
1219265.0 225041.0 5.0
1220213.0 225603.0 5.0
1222241.0 225417.0 5.0
1222711.0 226135.0 5.0
1224371.0 225835.0 5.0
1224629.0 225056.0 5.0
1224803.0 225854.0 5.0
1226071.0 225622.0 5.0
1228781.0 226260.0 5.0
1230495.0 225786.0 5.0
1231913.0 226056.0 5.0
1232145.0 227024.0 5.0
1232609.0 225459.0 5.0
1233281.0 226476.0 5.0
1233819.0 226056.0 5.0
1238329.0 227400.0 5.0
1238989.0 226259.0 5.0
1239217.0 227058.0 5.0
1253899.0 229295.0 5.0
1255909.0 228696.0 5.0
1257391.0 229923.0 5.0
1261105.0 229024.0 5.0
1266287.0 230531.0 5.0
1266759.0 229007.0 5.0
1268497.0 229604.0 5.0
1271251.0 229155.0 5.0
1272423.0 230262.0 5.0
1273133.0 229868.0 5.0
1273967.0 229659.0 5.0
1278241.0 230983.0 5.0
1278561.0 230512.0 5.0
1279077.0 230557.0 5.0
1279515.0 230610.0 5.0
1279621.0 230734.0 5.0
1284377.0 231003.0 5.0
1285705.0 231119.0 5.0
1286725.0 231676.0 5.0
1296297.0 232599.0 5.0
1296451.0 233588.0 5.0
1299913.0 233423.0 5.0
1310061.0 234180.0 5.0
1318311.0 234860.0 5.0
1320713.0 234855.0 5.0
1324007.0 234719.0 5.0
1324861.0 234830.0 5.0
1325833.0 236117.0 5.0
1328893.0 235122.0 5.0
1329707.0 235395.0 5.0
1330791.0 236302.0 5.0
1336063.0 235921.0 5.0
1339907.0 236437.0 5.0
1340949.0 237795.0 5.0
1347167.0 237789.0 5.0
1350915.0 238400.0 5.0
1351121.0 238176.0 5.0
1353199.0 238954.0 5.0
1356341.0 238407.0 5.0
1362031.0 239878.0 5.0
1363907.0 238805.0 5.0
1364859.0 239819.0 5.0
1366021.0 239488.0 5.0
1370609.0 240636.0 5.0
1372889.0 240320.0 5.0
1388959.0 241425.0 5.0
1389103.0 241804.0 5.0
1394557.0 242826.0 5.0
1397909.0 243454.0 5.0
1412339.0 244810.0 5.0
1425773.0 245823.0 5.0
1432943.0 246263.0 5.0
1463065.0 250102.0 5.0
1467211.0 250113.0 5.0
1475267.0 250376.0 5.0
1477413.0 251824.0 5.0
1477895.0 250139.0 5.0
1504119.0 253744.0 5.0
1534181.0 255961.0 5.0
1540515.0 256907.0 5.0
1580059.0 261167.0 5.0
1583897.0 260479.0 5.0
1598237.0 262639.0 5.0
