rev1.1
118213.0 24861.0 5.0
120609.0 25152.0 5.0
120997.0 25053.0 5.0
121329.0 25043.0 5.0
121793.0 25377.0 5.0
123877.0 25706.0 5.0
124389.0 25526.0 5.0
124571.0 25676.0 5.0
124591.0 25544.0 5.0
125963.0 25553.0 5.0
127713.0 26277.0 5.0
128157.0 25873.0 5.0
128329.0 25830.0 5.0
129587.0 25898.0 5.0
129685.0 26480.0 5.0
129919.0 25923.0 5.0
130323.0 25855.0 5.0
131289.0 26058.0 5.0
131791.0 26224.0 5.0
132051.0 26183.0 5.0
132901.0 26153.0 5.0
133411.0 26310.0 5.0
133487.0 26454.0 5.0
133743.0 26351.0 5.0
133951.0 26522.0 5.0
134029.0 26261.0 5.0
134303.0 26541.0 5.0
134399.0 26247.0 5.0
134671.0 26541.0 5.0
134833.0 26622.0 5.0
134993.0 26975.0 5.0
135279.0 26662.0 5.0
135331.0 27078.0 5.0
135459.0 26590.0 5.0
135611.0 26709.0 5.0
135677.0 26609.0 5.0
135769.0 26742.0 5.0
136285.0 26627.0 5.0
136461.0 26580.0 5.0
136599.0 26217.0 5.0
136883.0 26452.0 5.0
137349.0 26828.0 5.0
137357.0 26952.0 5.0
137379.0 26720.0 5.0
137935.0 26990.0 5.0
138239.0 26794.0 5.0
138875.0 27027.0 5.0
139001.0 27154.0 5.0
139189.0 26740.0 5.0
139647.0 27153.0 5.0
140171.0 27014.0 5.0
140525.0 26940.0 5.0
140639.0 26721.0 5.0
140781.0 27200.0 5.0
141843.0 27078.0 5.0
142335.0 27171.0 5.0
142405.0 27121.0 5.0
143319.0 26959.0 5.0
143931.0 27988.0 5.0
144205.0 27687.0 5.0
145437.0 27922.0 5.0
146059.0 27920.0 5.0
146619.0 27591.0 5.0
146635.0 27595.0 5.0
146821.0 28106.0 5.0
146983.0 27764.0 5.0
147435.0 27994.0 5.0
147915.0 27913.0 5.0
148589.0 27925.0 5.0
148847.0 28149.0 5.0
149087.0 27990.0 5.0
149723.0 28172.0 5.0
150185.0 28118.0 5.0
150413.0 28194.0 5.0
150863.0 28289.0 5.0
151013.0 28760.0 5.0
151199.0 28015.0 5.0
152025.0 28337.0 5.0
154327.0 28176.0 5.0
154423.0 28469.0 5.0
154957.0 28246.0 5.0
155871.0 28713.0 5.0
156117.0 28866.0 5.0
156295.0 28997.0 5.0
157163.0 28751.0 5.0
158201.0 28884.0 5.0
159951.0 29114.0 5.0
160377.0 29111.0 5.0
161005.0 29293.0 5.0
161593.0 29397.0 5.0
161943.0 28956.0 5.0
162585.0 29650.0 5.0
163985.0 29912.0 5.0
164021.0 29489.0 5.0
168553.0 29856.0 5.0
171873.0 30468.0 5.0
172831.0 30365.0 5.0
177705.0 30896.0 5.0
179133.0 30841.0 5.0
221497.0 35122.0 5.0
