rev1.1
12005.0 2872.0 5.0
12511.0 3003.0 5.0
12533.0 2908.0 5.0
12907.0 2990.0 5.0
13039.0 3024.0 5.0
13167.0 3026.0 5.0
13203.0 2926.0 5.0
13377.0 3050.0 5.0
13457.0 3006.0 5.0
13497.0 3017.0 5.0
13509.0 3170.0 5.0
13565.0 3021.0 5.0
13701.0 3065.0 5.0
13711.0 2873.0 5.0
13721.0 3121.0 5.0
13763.0 2955.0 5.0
13787.0 3161.0 5.0
13807.0 2957.0 5.0
13859.0 2981.0 5.0
13899.0 2947.0 5.0
13955.0 3094.0 5.0
13989.0 3007.0 5.0
14085.0 3119.0 5.0
14153.0 3048.0 5.0
14181.0 3030.0 5.0
14283.0 3166.0 5.0
14295.0 3062.0 5.0
14337.0 3116.0 5.0
14387.0 3051.0 5.0
14463.0 3070.0 5.0
14487.0 3032.0 5.0
14493.0 3051.0 5.0
14601.0 3258.0 5.0
14651.0 3146.0 5.0
14695.0 3110.0 5.0
14725.0 3082.0 5.0
14737.0 3069.0 5.0
14747.0 3119.0 5.0
14763.0 3150.0 5.0
14815.0 3152.0 5.0
14857.0 3088.0 5.0
14887.0 3136.0 5.0
14891.0 3154.0 5.0
14917.0 3019.0 5.0
15005.0 3187.0 5.0
15017.0 3160.0 5.0
15019.0 3197.0 5.0
15089.0 3057.0 5.0
15097.0 3192.0 5.0
15127.0 3259.0 5.0
15131.0 3224.0 5.0
15137.0 3275.0 5.0
15141.0 3220.0 5.0
15157.0 3160.0 5.0
15215.0 3144.0 5.0
15241.0 3132.0 5.0
15277.0 3092.0 5.0
15287.0 3362.0 5.0
15305.0 3149.0 5.0
15353.0 3321.0 5.0
15399.0 3088.0 5.0
15437.0 3244.0 5.0
15455.0 3205.0 5.0
15459.0 3151.0 5.0
15561.0 3246.0 5.0
15583.0 3230.0 5.0
15679.0 3184.0 5.0
15725.0 3161.0 5.0
15813.0 3124.0 5.0
15865.0 3265.0 5.0
15885.0 3197.0 5.0
15933.0 3397.0 5.0
15965.0 3221.0 5.0
16183.0 3459.0 5.0
16217.0 3353.0 5.0
16293.0 3222.0 5.0
16373.0 3287.0 5.0
16481.0 3338.0 5.0
16879.0 3321.0 5.0
16909.0 3308.0 5.0
17095.0 3348.0 5.0
17191.0 3408.0 5.0
17323.0 3375.0 5.0
17333.0 3410.0 5.0
17359.0 3457.0 5.0
17433.0 3496.0 5.0
17549.0 3481.0 5.0
17559.0 3369.0 5.0
17677.0 3337.0 5.0
17741.0 3420.0 5.0
17843.0 3433.0 5.0
18003.0 3472.0 5.0
18025.0 3504.0 5.0
18031.0 3150.0 5.0
18109.0 3490.0 5.0
18461.0 3592.0 5.0
20055.0 3673.0 5.0
20291.0 3603.0 5.0
20861.0 3797.0 5.0
21637.0 3827.0 5.0
