rev1.1
5931.0 1369.0 5.0
5959.0 1331.0 5.0
6069.0 1537.0 5.0
6087.0 1449.0 5.0
6273.0 1490.0 5.0
6365.0 1577.0 5.0
6371.0 1451.0 5.0
6413.0 1432.0 5.0
6465.0 1452.0 5.0
6469.0 1363.0 5.0
6473.0 1508.0 5.0
6493.0 1351.0 5.0
6505.0 1455.0 5.0
6523.0 1445.0 5.0
6573.0 1445.0 5.0
6585.0 1474.0 5.0
6617.0 1407.0 5.0
6635.0 1549.0 5.0
6637.0 1485.0 5.0
6657.0 1497.0 5.0
6697.0 1537.0 5.0
6725.0 1545.0 5.0
6735.0 1597.0 5.0
6761.0 1509.0 5.0
6791.0 1564.0 5.0
6791.0 1523.0 5.0
6803.0 1599.0 5.0
6805.0 1467.0 5.0
6839.0 1507.0 5.0
6877.0 1542.0 5.0
6891.0 1485.0 5.0
6903.0 1593.0 5.0
6927.0 1660.0 5.0
6963.0 1592.0 5.0
6969.0 1495.0 5.0
7003.0 1491.0 5.0
7007.0 1546.0 5.0
7069.0 1615.0 5.0
7081.0 1577.0 5.0
7097.0 1515.0 5.0
7131.0 1549.0 5.0
7177.0 1543.0 5.0
7215.0 1584.0 5.0
7229.0 1613.0 5.0
7247.0 1627.0 5.0
7281.0 1540.0 5.0
7323.0 1534.0 5.0
7329.0 1466.0 5.0
7335.0 1592.0 5.0
7363.0 1598.0 5.0
7405.0 1588.0 5.0
7413.0 1621.0 5.0
7463.0 1528.0 5.0
7487.0 1606.0 5.0
7489.0 1598.0 5.0
7515.0 1447.0 5.0
7521.0 1577.0 5.0
7521.0 1639.0 5.0
7533.0 1617.0 5.0
7587.0 1534.0 5.0
7629.0 1619.0 5.0
7633.0 1624.0 5.0
7633.0 1627.0 5.0
7649.0 1604.0 5.0
7649.0 1658.0 5.0
7667.0 1486.0 5.0
7671.0 1590.0 5.0
7673.0 1557.0 5.0
7675.0 1602.0 5.0
7691.0 1616.0 5.0
7691.0 1608.0 5.0
7847.0 1588.0 5.0
7925.0 1647.0 5.0
7975.0 1653.0 5.0
8037.0 1625.0 5.0
8047.0 1703.0 5.0
8089.0 1680.0 5.0
8091.0 1575.0 5.0
8131.0 1756.0 5.0
8229.0 1685.0 5.0
8271.0 1766.0 5.0
8305.0 1756.0 5.0
8309.0 1651.0 5.0
8315.0 1628.0 5.0
8483.0 1697.0 5.0
8499.0 1729.0 5.0
8525.0 1682.0 5.0
8635.0 1766.0 5.0
8737.0 1754.0 5.0
8791.0 1718.0 5.0
8795.0 1763.0 5.0
9097.0 1780.0 5.0
9139.0 1776.0 5.0
9723.0 1829.0 5.0
9995.0 1864.0 5.0
9999.0 1864.0 5.0
10693.0 1964.0 5.0
10829.0 1998.0 5.0
11493.0 2008.0 5.0
11719.0 2016.0 5.0
