rev1.1
247469.0 50916.0 5.0
249597.0 50894.0 5.0
250963.0 50993.0 5.0
255125.0 51139.0 5.0
261133.0 52211.0 5.0
263041.0 52579.0 5.0
263077.0 51994.0 5.0
263647.0 52382.0 5.0
264515.0 52369.0 5.0
264847.0 52426.0 5.0
265687.0 52210.0 5.0
267437.0 52274.0 5.0
268213.0 52567.0 5.0
268505.0 53052.0 5.0
268551.0 52495.0 5.0
268967.0 52731.0 5.0
269475.0 52926.0 5.0
270945.0 52704.0 5.0
271747.0 53326.0 5.0
272711.0 53690.0 5.0
272757.0 53398.0 5.0
273579.0 53282.0 5.0
275867.0 53561.0 5.0
276293.0 53626.0 5.0
276347.0 53830.0 5.0
276551.0 53407.0 5.0
276737.0 54002.0 5.0
276749.0 53397.0 5.0
277191.0 53670.0 5.0
277271.0 53916.0 5.0
278337.0 53955.0 5.0
278773.0 53838.0 5.0
278929.0 53706.0 5.0
279631.0 54217.0 5.0
280509.0 53868.0 5.0
281409.0 54546.0 5.0
281879.0 54137.0 5.0
282785.0 54375.0 5.0
282987.0 54463.0 5.0
284975.0 54892.0 5.0
285527.0 54219.0 5.0
286689.0 54893.0 5.0
287913.0 55318.0 5.0
287987.0 54839.0 5.0
288243.0 55031.0 5.0
288273.0 55372.0 5.0
288511.0 55224.0 5.0
288589.0 54481.0 5.0
288717.0 54470.0 5.0
290413.0 55016.0 5.0
290837.0 55283.0 5.0
291145.0 55603.0 5.0
291649.0 55180.0 5.0
292609.0 54806.0 5.0
292813.0 55225.0 5.0
292861.0 55046.0 5.0
293505.0 54903.0 5.0
293583.0 55368.0 5.0
293617.0 55285.0 5.0
293957.0 55383.0 5.0
294321.0 55289.0 5.0
297183.0 55919.0 5.0
298315.0 55632.0 5.0
298511.0 55590.0 5.0
298561.0 55643.0 5.0
298705.0 56198.0 5.0
299211.0 55600.0 5.0
299273.0 55999.0 5.0
301201.0 56473.0 5.0
302749.0 56404.0 5.0
304047.0 56123.0 5.0
307043.0 56688.0 5.0
307421.0 57323.0 5.0
308813.0 56831.0 5.0
309503.0 56876.0 5.0
311419.0 57148.0 5.0
311577.0 57273.0 5.0
311909.0 56955.0 5.0
312173.0 56538.0 5.0
313627.0 57288.0 5.0
313635.0 57206.0 5.0
323959.0 58226.0 5.0
325845.0 58280.0 5.0
330949.0 59316.0 5.0
331901.0 59251.0 5.0
334279.0 59605.0 5.0
334411.0 59100.0 5.0
334441.0 59256.0 5.0
335403.0 59575.0 5.0
338799.0 59746.0 5.0
342139.0 60012.0 5.0
347847.0 60750.0 5.0
347943.0 61083.0 5.0
349181.0 60822.0 5.0
350827.0 61127.0 5.0
352709.0 60929.0 5.0
362413.0 62652.0 5.0
374281.0 63380.0 5.0
388737.0 65034.0 5.0
437513.0 69405.0 5.0
