rev1.1
1083.0 279.0 5.0
1187.0 326.0 5.0
1227.0 306.0 5.0
1253.0 342.0 5.0
1281.0 288.0 5.0
1307.0 336.0 5.0
1315.0 371.0 5.0
1329.0 300.0 5.0
1355.0 330.0 5.0
1357.0 335.0 5.0
1357.0 304.0 5.0
1395.0 352.0 5.0
1399.0 353.0 5.0
1405.0 369.0 5.0
1407.0 386.0 5.0
1427.0 377.0 5.0
1431.0 330.0 5.0
1455.0 333.0 5.0
1461.0 380.0 5.0
1463.0 355.0 5.0
1481.0 374.0 5.0
1491.0 374.0 5.0
1505.0 392.0 5.0
1523.0 316.0 5.0
1531.0 370.0 5.0
1541.0 346.0 5.0
1545.0 350.0 5.0
1557.0 348.0 5.0
1581.0 391.0 5.0
1591.0 397.0 5.0
1605.0 346.0 5.0
1605.0 357.0 5.0
1613.0 371.0 5.0
1629.0 395.0 5.0
1633.0 400.0 5.0
1647.0 354.0 5.0
1653.0 387.0 5.0
1665.0 409.0 5.0
1669.0 376.0 5.0
1675.0 386.0 5.0
1693.0 384.0 5.0
1711.0 390.0 5.0
1725.0 388.0 5.0
1731.0 369.0 5.0
1731.0 397.0 5.0
1741.0 394.0 5.0
1765.0 420.0 5.0
1765.0 412.0 5.0
1775.0 366.0 5.0
1791.0 426.0 5.0
1791.0 434.0 5.0
1807.0 428.0 5.0
1811.0 421.0 5.0
1813.0 391.0 5.0
1825.0 356.0 5.0
1839.0 414.0 5.0
1839.0 442.0 5.0
1847.0 395.0 5.0
1847.0 414.0 5.0
1855.0 474.0 5.0
1855.0 408.0 5.0
1857.0 429.0 5.0
1857.0 424.0 5.0
1859.0 409.0 5.0
1883.0 394.0 5.0
1887.0 330.0 5.0
1889.0 399.0 5.0
1893.0 402.0 5.0
1897.0 445.0 5.0
1899.0 440.0 5.0
1905.0 392.0 5.0
1953.0 445.0 5.0
1969.0 422.0 5.0
1969.0 441.0 5.0
1975.0 402.0 5.0
1997.0 431.0 5.0
2017.0 362.0 5.0
2025.0 400.0 5.0
2041.0 435.0 5.0
2063.0 421.0 5.0
2069.0 414.0 5.0
2103.0 416.0 5.0
2175.0 460.0 5.0
2187.0 454.0 5.0
2187.0 477.0 5.0
2223.0 493.0 5.0
2227.0 441.0 5.0
2245.0 463.0 5.0
2279.0 446.0 5.0
2309.0 441.0 5.0
2341.0 475.0 5.0
2361.0 461.0 5.0
2361.0 488.0 5.0
2381.0 447.0 5.0
2415.0 463.0 5.0
2439.0 492.0 5.0
2469.0 489.0 5.0
2483.0 487.0 5.0
2647.0 488.0 5.0
2681.0 492.0 5.0
