rev1.1
522513.0 104283.0 5.0
552037.0 107259.0 5.0
558907.0 106936.0 5.0
562433.0 107990.0 5.0
562855.0 108198.0 5.0
563717.0 108056.0 5.0
567385.0 108568.0 5.0
569609.0 108057.0 5.0
570987.0 107984.0 5.0
571733.0 109261.0 5.0
573221.0 109062.0 5.0
576755.0 109164.0 5.0
576783.0 109811.0 5.0
581141.0 110200.0 5.0
581647.0 110000.0 5.0
582457.0 110074.0 5.0
583127.0 109972.0 5.0
583887.0 110012.0 5.0
585447.0 110228.0 5.0
585769.0 110974.0 5.0
585925.0 109751.0 5.0
586671.0 111493.0 5.0
586935.0 110111.0 5.0
588071.0 110321.0 5.0
590205.0 110233.0 5.0
592623.0 111387.0 5.0
592733.0 111473.0 5.0
593327.0 110890.0 5.0
593441.0 110391.0 5.0
594203.0 111142.0 5.0
594687.0 110377.0 5.0
594865.0 112045.0 5.0
595205.0 111191.0 5.0
595823.0 110642.0 5.0
596223.0 111462.0 5.0
596751.0 110559.0 5.0
596815.0 111151.0 5.0
597255.0 111040.0 5.0
597457.0 112065.0 5.0
597603.0 111177.0 5.0
598439.0 111044.0 5.0
598845.0 111326.0 5.0
600221.0 111938.0 5.0
603125.0 111639.0 5.0
603603.0 112470.0 5.0
603919.0 112610.0 5.0
604043.0 112058.0 5.0
605481.0 112115.0 5.0
609141.0 111977.0 5.0
612525.0 113121.0 5.0
614507.0 112809.0 5.0
615931.0 113366.0 5.0
616885.0 114732.0 5.0
617605.0 112955.0 5.0
617705.0 113711.0 5.0
618057.0 113771.0 5.0
619259.0 113660.0 5.0
621307.0 114125.0 5.0
625901.0 113905.0 5.0
627265.0 114783.0 5.0
628161.0 114474.0 5.0
629343.0 114756.0 5.0
629743.0 114047.0 5.0
630331.0 114954.0 5.0
631339.0 114612.0 5.0
632843.0 115570.0 5.0
633171.0 114362.0 5.0
634245.0 115369.0 5.0
637741.0 115724.0 5.0
638705.0 115906.0 5.0
638973.0 115370.0 5.0
639907.0 115408.0 5.0
642359.0 115706.0 5.0
653819.0 117268.0 5.0
656483.0 117626.0 5.0
656741.0 117439.0 5.0
657065.0 117265.0 5.0
657439.0 118043.0 5.0
659609.0 117601.0 5.0
660827.0 117895.0 5.0
663369.0 117819.0 5.0
664069.0 118059.0 5.0
665443.0 118226.0 5.0
666037.0 118122.0 5.0
673445.0 118894.0 5.0
677089.0 118994.0 5.0
680339.0 119952.0 5.0
682777.0 120460.0 5.0
685839.0 120680.0 5.0
686397.0 120376.0 5.0
688825.0 120882.0 5.0
699127.0 121545.0 5.0
702195.0 121521.0 5.0
703399.0 122614.0 5.0
710379.0 122603.0 5.0
721261.0 123863.0 5.0
721383.0 123657.0 5.0
730173.0 124518.0 5.0
736271.0 124720.0 5.0
756183.0 127406.0 5.0
