rev1.1
2821.0 702.0 5.0
2857.0 680.0 5.0
2865.0 748.0 5.0
2879.0 691.0 5.0
2885.0 647.0 5.0
2917.0 701.0 5.0
2925.0 699.0 5.0
2927.0 668.0 5.0
2971.0 699.0 5.0
3001.0 741.0 5.0
3007.0 691.0 5.0
3055.0 720.0 5.0
3055.0 706.0 5.0
3073.0 824.0 5.0
3083.0 687.0 5.0
3135.0 703.0 5.0
3157.0 847.0 5.0
3191.0 703.0 5.0
3193.0 749.0 5.0
3211.0 756.0 5.0
3213.0 751.0 5.0
3229.0 772.0 5.0
3231.0 734.0 5.0
3233.0 705.0 5.0
3247.0 711.0 5.0
3259.0 773.0 5.0
3303.0 716.0 5.0
3303.0 732.0 5.0
3305.0 795.0 5.0
3317.0 761.0 5.0
3329.0 682.0 5.0
3379.0 750.0 5.0
3381.0 740.0 5.0
3385.0 778.0 5.0
3433.0 760.0 5.0
3443.0 785.0 5.0
3463.0 795.0 5.0
3475.0 784.0 5.0
3479.0 733.0 5.0
3483.0 784.0 5.0
3507.0 773.0 5.0
3519.0 780.0 5.0
3527.0 766.0 5.0
3537.0 807.0 5.0
3581.0 851.0 5.0
3585.0 800.0 5.0
3625.0 834.0 5.0
3627.0 779.0 5.0
3627.0 797.0 5.0
3661.0 761.0 5.0
3687.0 776.0 5.0
3693.0 798.0 5.0
3727.0 809.0 5.0
3737.0 777.0 5.0
3741.0 777.0 5.0
3745.0 852.0 5.0
3745.0 817.0 5.0
3755.0 814.0 5.0
3759.0 790.0 5.0
3779.0 820.0 5.0
3821.0 870.0 5.0
3823.0 839.0 5.0
3829.0 844.0 5.0
3869.0 787.0 5.0
3871.0 869.0 5.0
3907.0 774.0 5.0
3915.0 788.0 5.0
3951.0 724.0 5.0
3969.0 858.0 5.0
3971.0 845.0 5.0
4037.0 805.0 5.0
4069.0 888.0 5.0
4079.0 811.0 5.0
4087.0 816.0 5.0
4115.0 861.0 5.0
4145.0 830.0 5.0
4145.0 841.0 5.0
4155.0 837.0 5.0
4157.0 848.0 5.0
4167.0 832.0 5.0
4201.0 851.0 5.0
4259.0 878.0 5.0
4277.0 898.0 5.0
4291.0 885.0 5.0
4295.0 800.0 5.0
4297.0 824.0 5.0
4313.0 924.0 5.0
4337.0 816.0 5.0
4347.0 810.0 5.0
4359.0 898.0 5.0
4369.0 855.0 5.0
4393.0 967.0 5.0
4457.0 845.0 5.0
4471.0 894.0 5.0
4485.0 899.0 5.0
4539.0 852.0 5.0
4655.0 834.0 5.0
4889.0 946.0 5.0
5029.0 940.0 5.0
5085.0 983.0 5.0
