rev7.1
1816634.0 148619.0 2.0
1858262.0 283562.0 10.0
1882465.0 198233.0 3.0
1888864.0 319446.0 10.0
1918050.0 210406.0 5.0
1974772.0 305455.0 7.0
1990210.0 245228.0 4.0
2056490.0 323111.0 6.0
2058780.0 307812.0 9.0
2062024.0 400340.0 9.0
2068214.0 259650.0 9.0
2074845.0 350151.0 9.0
2083085.0 378796.0 11.0
2084831.0 419705.0 11.0
2085085.0 368406.0 10.0
2087302.0 287825.0 8.0
2088487.0 343293.0 6.0
2099256.0 328820.0 11.0
2114258.0 338908.0 11.0
2116446.0 348973.0 15.0
2117647.0 269904.0 5.0
2121020.0 239580.0 2.0
2124858.0 301237.0 9.0
2140178.0 315312.0 9.0
2144521.0 328516.0 7.0
2149525.0 331741.0 10.0
2168244.0 282419.0 5.0
2171773.0 312179.0 8.0
2173110.0 429745.0 13.0
2180820.0 408582.0 11.0
2181729.0 422796.0 14.0
2191565.0 211719.0 6.0
2192634.0 379173.0 7.0
2193998.0 274804.0 6.0
2201678.0 473103.0 16.0
2206508.0 203343.0 3.0
2209214.0 363549.0 10.0
2211544.0 331970.0 6.0
2225212.0 349146.0 4.0
2226383.0 424731.0 11.0
2227787.0 411009.0 10.0
2229088.0 446557.0 11.0
2230172.0 434024.0 12.0
2243517.0 383331.0 8.0
2258041.0 456562.0 10.0
2260309.0 455841.0 13.0
2262346.0 621060.0 16.0
2264850.0 420959.0 8.0
2273891.0 413236.0 15.0
2283337.0 247344.0 8.0
2285803.0 353257.0 7.0
2292568.0 468379.0 11.0
2304662.0 553244.0 8.0
2316590.0 515439.0 11.0
2322776.0 552070.0 16.0
2323718.0 518635.0 7.0
2329893.0 328783.0 9.0
2338887.0 347930.0 10.0
2339041.0 345119.0 8.0
2340016.0 492802.0 14.0
2340283.0 366217.0 14.0
2345248.0 386473.0 7.0
2346216.0 342156.0 10.0
2348127.0 214906.0 4.0
2349350.0 614028.0 15.0
2351718.0 427527.0 12.0
2351912.0 390273.0 10.0
2353594.0 500260.0 12.0
2357247.0 618528.0 17.0
2362500.0 398300.0 12.0
2363226.0 454472.0 11.0
2378963.0 614430.0 14.0
2379309.0 430335.0 8.0
2381385.0 379014.0 10.0
2381728.0 618381.0 14.0
2398155.0 393873.0 11.0
2398946.0 408048.0 11.0
2400536.0 421628.0 11.0
2401929.0 437467.0 12.0
2403218.0 528503.0 13.0
2408241.0 522372.0 13.0
2413674.0 549251.0 14.0
2415746.0 556470.0 16.0
2415859.0 607104.0 18.0
2416977.0 547267.0 9.0
2416991.0 423885.0 8.0
2422083.0 382100.0 14.0
2422937.0 528834.0 11.0
2432745.0 441511.0 14.0
2432926.0 393274.0 12.0
2436018.0 539994.0 13.0
2450356.0 667416.0 15.0
2450629.0 441677.0 15.0
2465599.0 461974.0 15.0
2467980.0 490711.0 14.0
2468357.0 493048.0 11.0
2479871.0 408048.0 11.0
2482923.0 515784.0 12.0
2526219.0 446676.0 11.0
2537389.0 694162.0 19.0
