rev7
9837097.0 1021885.0 6.0
1.0283037E7 1104954.0 11.0
1.029035E7 1795130.0 11.0
1.0363937E7 2204354.0 16.0
1.0439288E7 2095885.0 25.0
1.0452787E7 2077937.0 16.0
1.049294E7 2034452.0 18.0
1.0504732E7 1805710.0 14.0
1.054156E7 2594524.0 20.0
1.0628392E7 1773705.0 12.0
1.0628979E7 1609450.0 17.0
1.0690866E7 1518561.0 8.0
1.0701168E7 1317227.0 11.0
1.0801443E7 1393059.0 7.0
1.0801727E7 1893531.0 14.0
1.0821986E7 2457857.0 24.0
1.0830112E7 2057608.0 22.0
1.0839737E7 1691215.0 16.0
1.08775E7 2501614.0 24.0
1.088001E7 2181575.0 17.0
1.090108E7 2596044.0 21.0
1.1013166E7 2401424.0 18.0
1.1025229E7 2331338.0 14.0
1.1061402E7 1888384.0 10.0
1.1142681E7 2754199.0 30.0
1.1165327E7 2608325.0 21.0
1.1172086E7 1327530.0 9.0
1.1201059E7 2016547.0 14.0
1.1259288E7 1872281.0 19.0
1.1282261E7 1724983.0 8.0
1.1289183E7 3068557.0 19.0
1.1301407E7 2713480.0 15.0
1.133609E7 3028766.0 23.0
1.1337112E7 970195.0 6.0
1.1349659E7 1710375.0 14.0
1.1380709E7 3180559.0 25.0
1.1408586E7 2460793.0 24.0
1.1411821E7 2813250.0 22.0
1.1413071E7 1208233.0 7.0
1.1434858E7 1702128.0 12.0
1.1439347E7 1347204.0 7.0
1.1444938E7 1816354.0 12.0
1.1451067E7 2042352.0 17.0
1.1470427E7 2899862.0 18.0
1.1480259E7 2411470.0 19.0
1.1500892E7 2235352.0 21.0
1.1506777E7 2469131.0 16.0
1.1515176E7 2006398.0 13.0
1.152777E7 2356393.0 19.0
1.153183E7 2965433.0 21.0
1.1575779E7 2416586.0 23.0
1.1581539E7 1900184.0 17.0
1.1587765E7 2983045.0 23.0
1.1622799E7 1668422.0 11.0
1.1622861E7 2232152.0 12.0
1.1636004E7 2689097.0 24.0
1.1686752E7 2881266.0 21.0
1.1705641E7 2471558.0 19.0
1.1720569E7 2400265.0 23.0
1.1782554E7 2826640.0 23.0
1.1790428E7 3378566.0 21.0
1.1795882E7 2504862.0 14.0
1.1805235E7 2445808.0 26.0
1.1813134E7 1918597.0 18.0
1.1815107E7 2129563.0 21.0
1.1820172E7 2365782.0 11.0
1.1840507E7 1272375.0 5.0
1.1844356E7 2935447.0 29.0
1.1862594E7 2739565.0 17.0
1.1864763E7 2736611.0 23.0
1.1865564E7 2880543.0 22.0
1.1919528E7 1731277.0 10.0
1.1942103E7 2169177.0 14.0
1.1947937E7 3150415.0 22.0
1.197054E7 2344092.0 17.0
1.1983321E7 3036772.0 19.0
1.203511E7 2522151.0 20.0
1.2094143E7 2526156.0 24.0
1.2107031E7 2935217.0 21.0
1.2108591E7 3058194.0 21.0
1.2156288E7 3012522.0 21.0
1.2156583E7 2711269.0 22.0
1.2195121E7 3047358.0 20.0
1.2213781E7 2906674.0 19.0
1.2219638E7 2934725.0 27.0
1.2220087E7 2242028.0 17.0
1.2273463E7 3033301.0 26.0
1.2303633E7 3168067.0 23.0
1.2310907E7 3153897.0 20.0
1.2335541E7 3234123.0 22.0
1.237378E7 3221864.0 22.0
1.2373788E7 2544812.0 20.0
1.2401981E7 2552444.0 23.0
1.2409878E7 3192654.0 21.0
1.2458876E7 3209789.0 28.0
1.2627169E7 2840406.0 19.0
1.2734055E7 2835864.0 23.0
1.2796035E7 3019729.0 20.0
1.2865538E7 3211371.0 22.0
1.3194052E7 3310680.0 28.0
