rev7
459870.0 74516.0 2.0
524349.0 125964.0 7.0
529404.0 74304.0 4.0
541455.0 66605.0 6.0
551320.0 128938.0 7.0
561800.0 88463.0 5.0
568820.0 64558.0 3.0
571737.0 62439.0 5.0
577109.0 124403.0 9.0
578106.0 84730.0 8.0
582539.0 108326.0 10.0
582770.0 144881.0 7.0
584408.0 75921.0 4.0
585313.0 83409.0 6.0
588718.0 111441.0 12.0
591638.0 91678.0 10.0
592778.0 67184.0 2.0
597752.0 82604.0 2.0
602381.0 103832.0 4.0
603898.0 78801.0 4.0
604304.0 124752.0 9.0
606943.0 53911.0 2.0
607156.0 91011.0 6.0
613724.0 116127.0 5.0
614407.0 99235.0 10.0
614438.0 57552.0 5.0
628823.0 143450.0 13.0
631018.0 105657.0 14.0
634022.0 80837.0 7.0
639582.0 115867.0 5.0
640427.0 80577.0 4.0
650462.0 99587.0 3.0
653065.0 76368.0 2.0
656479.0 105688.0 6.0
656788.0 115006.0 6.0
657720.0 128408.0 7.0
658255.0 125351.0 8.0
658278.0 108101.0 7.0
660712.0 94796.0 6.0
662128.0 76521.0 3.0
662644.0 98289.0 6.0
664002.0 115170.0 8.0
664434.0 170523.0 11.0
664454.0 82651.0 7.0
665753.0 82270.0 4.0
669687.0 100190.0 4.0
675974.0 108490.0 6.0
678193.0 143044.0 9.0
679119.0 113047.0 9.0
679659.0 104170.0 6.0
679766.0 125928.0 8.0
683251.0 122183.0 8.0
684518.0 100458.0 6.0
686453.0 151046.0 10.0
686757.0 72277.0 5.0
687280.0 110935.0 8.0
692850.0 125901.0 12.0
695958.0 127349.0 10.0
697202.0 61441.0 1.0
697663.0 135454.0 6.0
697905.0 102339.0 8.0
698447.0 102286.0 6.0
699380.0 108887.0 8.0
699622.0 101083.0 7.0
700663.0 89087.0 6.0
705254.0 104489.0 8.0
709124.0 118499.0 6.0
710240.0 105305.0 8.0
712022.0 128025.0 6.0
712770.0 101382.0 6.0
713312.0 112409.0 7.0
715117.0 114310.0 4.0
717841.0 112612.0 4.0
721176.0 112673.0 7.0
721824.0 152131.0 11.0
722205.0 159500.0 9.0
723419.0 125073.0 5.0
723452.0 114012.0 14.0
728088.0 124576.0 9.0
730178.0 176269.0 15.0
731938.0 92778.0 4.0
733102.0 55307.0 4.0
733269.0 109719.0 6.0
733310.0 152114.0 9.0
735692.0 176268.0 11.0
736396.0 138808.0 10.0
741326.0 98658.0 4.0
742036.0 94676.0 9.0
742757.0 134154.0 9.0
746674.0 140856.0 7.0
748042.0 119387.0 5.0
752387.0 75059.0 2.0
764999.0 66490.0 4.0
768931.0 111544.0 7.0
769654.0 198829.0 12.0
777610.0 154164.0 10.0
778003.0 130327.0 7.0
793594.0 188501.0 11.0
834297.0 149688.0 15.0
834435.0 178397.0 14.0
