rev7.1
43426.0 7197.0 6.0
44547.0 8011.0 6.0
45216.0 9104.0 7.0
46258.0 7799.0 4.0
46882.0 12298.0 9.0
47071.0 8845.0 3.0
47333.0 9586.0 3.0
47899.0 8284.0 4.0
47922.0 7748.0 5.0
48233.0 9017.0 4.0
48924.0 8934.0 6.0
49243.0 13327.0 4.0
49256.0 8273.0 5.0
49713.0 7488.0 5.0
50277.0 10800.0 4.0
50578.0 8012.0 6.0
50715.0 7623.0 7.0
50839.0 4453.0 2.0
50919.0 5286.0 2.0
51438.0 9454.0 5.0
51864.0 12437.0 9.0
52129.0 5406.0 2.0
52435.0 5373.0 4.0
52726.0 3170.0 2.0
52838.0 6376.0 2.0
52947.0 6733.0 3.0
53053.0 7036.0 2.0
53091.0 7375.0 2.0
53805.0 5034.0 3.0
53826.0 9669.0 6.0
53929.0 8917.0 5.0
54101.0 10119.0 4.0
54115.0 7777.0 3.0
54150.0 11675.0 5.0
54712.0 9233.0 3.0
54799.0 7846.0 2.0
54912.0 9611.0 5.0
55449.0 9052.0 6.0
55514.0 5076.0 2.0
55589.0 5683.0 4.0
55714.0 6788.0 4.0
56127.0 6222.0 2.0
56538.0 7621.0 3.0
56638.0 14516.0 10.0
56966.0 6844.0 3.0
57118.0 6410.0 2.0
57351.0 6991.0 5.0
57419.0 8939.0 7.0
57443.0 7895.0 4.0
57581.0 9240.0 7.0
57612.0 11884.0 5.0
57732.0 4863.0 2.0
58318.0 10841.0 3.0
58640.0 7145.0 2.0
58665.0 7980.0 4.0
58811.0 6573.0 2.0
58997.0 6817.0 3.0
59430.0 11419.0 6.0
60803.0 6154.0 4.0
60816.0 6027.0 2.0
61109.0 11801.0 8.0
61188.0 9421.0 5.0
61468.0 7029.0 4.0
61872.0 5568.0 2.0
61890.0 7585.0 5.0
62131.0 3578.0 2.0
62279.0 7800.0 5.0
62308.0 5761.0 2.0
62365.0 8602.0 3.0
62846.0 5568.0 2.0
62931.0 9675.0 7.0
63258.0 5669.0 4.0
63309.0 6931.0 2.0
63315.0 4861.0 3.0
63936.0 7300.0 2.0
63946.0 7209.0 4.0
64020.0 7249.0 3.0
64304.0 4660.0 4.0
64512.0 6684.0 2.0
64620.0 9977.0 4.0
64688.0 6258.0 2.0
64907.0 10893.0 3.0
65099.0 11483.0 5.0
65375.0 7703.0 3.0
66767.0 7695.0 3.0
67337.0 10854.0 3.0
67498.0 4992.0 2.0
67731.0 3415.0 2.0
68121.0 12858.0 8.0
68415.0 5641.0 2.0
69318.0 7785.0 5.0
70398.0 9178.0 6.0
70645.0 6078.0 2.0
71638.0 8563.0 4.0
71657.0 7162.0 2.0
74464.0 8362.0 5.0
75524.0 7453.0 3.0
76037.0 5919.0 2.0
79979.0 4851.0 1.0
93472.0 6074.0 2.0
