rev0
213494.0
220729.0
222883.0
227168.0
227741.0
229667.0
238225.0
238970.0
240610.0
240733.0
242631.0
243869.0
244284.0
244353.0
244692.0
244781.0
245077.0
246722.0
247092.0
249648.0
249731.0
249990.0
250340.0
250439.0
255889.0
256926.0
257139.0
257847.0
258054.0
260222.0
260433.0
261159.0
262999.0
263308.0
263678.0
263909.0
265541.0
266988.0
267393.0
267631.0
268010.0
268697.0
269123.0
269385.0
270036.0
270135.0
270190.0
270476.0
270835.0
271241.0
271715.0
273522.0
274662.0
275449.0
278467.0
278774.0
278854.0
279626.0
280461.0
280717.0
284221.0
284447.0
284953.0
285965.0
286566.0
286668.0
287180.0
289038.0
289397.0
289610.0
289904.0
292175.0
292548.0
292684.0
292897.0
293385.0
293727.0
294406.0
296153.0
297134.0
297866.0
297888.0
298162.0
298727.0
299530.0
301621.0
302274.0
303199.0
303879.0
310725.0
312424.0
312582.0
317973.0
318232.0
322695.0
323319.0
327959.0
336376.0
338017.0
364622.0
