rev7
897369.0 181681.0 5.0
922885.0 141758.0 4.0
958840.0 156713.0 3.0
1016030.0 137669.0 2.0
1063790.0 118609.0 3.0
1068333.0 152330.0 3.0
1068497.0 119214.0 5.0
1112234.0 159794.0 7.0
1132932.0 147657.0 8.0
1150331.0 188135.0 7.0
1167580.0 221399.0 7.0
1174822.0 179130.0 5.0
1176069.0 151575.0 6.0
1176134.0 192682.0 9.0
1177142.0 199455.0 8.0
1185550.0 167767.0 14.0
1185845.0 187611.0 10.0
1205134.0 165130.0 5.0
1205531.0 183196.0 6.0
1215758.0 195623.0 12.0
1216844.0 208250.0 8.0
1218431.0 251641.0 14.0
1219190.0 148811.0 3.0
1231704.0 206715.0 7.0
1238030.0 139780.0 7.0
1246495.0 159346.0 6.0
1250100.0 232403.0 8.0
1262225.0 158636.0 9.0
1263546.0 215328.0 8.0
1263862.0 152878.0 5.0
1266018.0 153582.0 5.0
1268617.0 252018.0 14.0
1269330.0 265325.0 12.0
1269606.0 284848.0 8.0
1269755.0 218404.0 7.0
1269952.0 171137.0 4.0
1271113.0 198367.0 7.0
1274962.0 152603.0 3.0
1277243.0 217522.0 8.0
1278841.0 164723.0 6.0
1283932.0 149355.0 6.0
1284641.0 149854.0 6.0
1286118.0 230341.0 8.0
1286594.0 316119.0 6.0
1288341.0 187117.0 8.0
1288442.0 225177.0 10.0
1295158.0 205608.0 12.0
1302708.0 298450.0 12.0
1313977.0 153911.0 6.0
1315021.0 317284.0 11.0
1317347.0 128363.0 7.0
1317350.0 295964.0 11.0
1319055.0 211412.0 9.0
1320184.0 135550.0 5.0
1327545.0 301939.0 12.0
1335426.0 199891.0 7.0
1345667.0 205174.0 11.0
1345748.0 244792.0 7.0
1349714.0 226842.0 11.0
1352416.0 247392.0 8.0
1355321.0 194725.0 6.0
1355829.0 239662.0 6.0
1359137.0 188856.0 6.0
1363833.0 183049.0 9.0
1366714.0 168286.0 6.0
1372595.0 373744.0 9.0
1375970.0 273663.0 10.0
1377884.0 268660.0 9.0
1378661.0 172135.0 7.0
1378914.0 212727.0 7.0
1383698.0 168049.0 4.0
1385275.0 336641.0 12.0
1386835.0 305028.0 13.0
1394599.0 372612.0 17.0
1397122.0 332504.0 14.0
1397234.0 144353.0 9.0
1397505.0 325177.0 12.0
1398496.0 243558.0 8.0
1402547.0 223730.0 8.0
1405440.0 174583.0 11.0
1413835.0 209372.0 9.0
1414031.0 248485.0 11.0
1414640.0 186027.0 6.0
1415738.0 262461.0 16.0
1416972.0 263697.0 8.0
1418253.0 212428.0 9.0
1421395.0 378912.0 18.0
1457717.0 252232.0 11.0
1470369.0 293537.0 13.0
1472635.0 399960.0 18.0
1480748.0 193042.0 7.0
1494034.0 288150.0 6.0
1506721.0 342415.0 15.0
1510297.0 240781.0 15.0
1525926.0 393949.0 15.0
1537239.0 290576.0 9.0
1540198.0 221761.0 8.0
1541313.0 390586.0 13.0
1547973.0 272363.0 12.0
1566286.0 244118.0 10.0
