rev7
24289.0 1.0 1.0
25060.0 1.0 1.0
25206.0 1.0 1.0
26398.0 1.0 1.0
26560.0 1.0 1.0
27105.0 1.0 1.0
27828.0 1.0 1.0
28443.0 1.0 1.0
28500.0 1.0 1.0
28645.0 1.0 1.0
28849.0 1.0 1.0
28938.0 1.0 1.0
29884.0 1.0 1.0
30454.0 1.0 1.0
30662.0 1.0 1.0
30824.0 1.0 1.0
30958.0 1.0 1.0
31214.0 1.0 1.0
31235.0 1.0 1.0
31490.0 1.0 1.0
31584.0 1.0 1.0
31661.0 1.0 1.0
31667.0 1.0 1.0
31746.0 1.0 1.0
31833.0 1.0 1.0
31942.0 1.0 1.0
32106.0 1.0 1.0
32548.0 1.0 1.0
32632.0 1.0 1.0
32972.0 1.0 1.0
33247.0 1.0 1.0
33490.0 1.0 1.0
33725.0 1.0 1.0
33917.0 1.0 1.0
33997.0 1.0 1.0
34026.0 1.0 1.0
34238.0 1.0 1.0
34528.0 1.0 1.0
34909.0 1.0 1.0
35172.0 1.0 1.0
35648.0 1.0 1.0
35661.0 1.0 1.0
35757.0 1.0 1.0
36239.0 1.0 1.0
36356.0 1.0 1.0
36389.0 1.0 1.0
36478.0 1.0 1.0
36525.0 1.0 1.0
36610.0 1.0 1.0
37060.0 1.0 1.0
37086.0 1.0 1.0
37165.0 1.0 1.0
37339.0 1.0 1.0
37493.0 1.0 1.0
37604.0 1.0 1.0
37687.0 1.0 1.0
37720.0 1.0 1.0
37730.0 1.0 1.0
38147.0 1.0 1.0
38948.0 1.0 1.0
39121.0 1.0 1.0
39398.0 1.0 1.0
39452.0 1.0 1.0
39463.0 1.0 1.0
39651.0 1.0 1.0
39924.0 1.0 1.0
39971.0 1.0 1.0
40004.0 1.0 1.0
40585.0 1.0 1.0
40728.0 1.0 1.0
40751.0 1.0 1.0
41445.0 1.0 1.0
41607.0 1.0 1.0
41690.0 1.0 1.0
42629.0 1.0 1.0
42838.0 1.0 1.0
43100.0 1.0 1.0
43133.0 1.0 1.0
43357.0 1.0 1.0
43511.0 1.0 1.0
43721.0 1.0 1.0
43851.0 1.0 1.0
44795.0 1.0 1.0
44861.0 1.0 1.0
45137.0 1.0 1.0
45203.0 1.0 1.0
45550.0 1.0 1.0
46374.0 1.0 1.0
46413.0 1.0 1.0
47465.0 1.0 1.0
47623.0 1.0 1.0
47814.0 1.0 1.0
50257.0 1.0 1.0
51484.0 1.0 1.0
51899.0 1.0 1.0
52577.0 1.0 1.0
54100.0 1.0 1.0
55103.0 1.0 1.0
55608.0 1.0 1.0
82115.0 1.0 1.0
