rev2
72492.0 1.0 1.0
74762.0 2.0 1.0
76385.0 2.0 1.0
82372.0 1.0 1.0
84593.0 2.0 1.0
86594.0 2.0 1.0
88332.0 1.0 1.0
90248.0 1.0 1.0
90354.0 1.0 1.0
90595.0 1.0 1.0
91677.0 1.0 1.0
92063.0 1.0 1.0
92096.0 1.0 1.0
92632.0 1.0 1.0
92660.0 2.0 1.0
92844.0 3.0 1.0
92871.0 1.0 1.0
93097.0 1.0 1.0
93128.0 2.0 1.0
93740.0 5.0 1.0
94186.0 10.0 1.0
96092.0 1.0 1.0
96444.0 1.0 1.0
97926.0 2.0 1.0
98436.0 4.0 1.0
98679.0 1.0 1.0
98794.0 3.0 1.0
98851.0 2.0 1.0
99719.0 1.0 1.0
99848.0 4.0 1.0
99937.0 1.0 1.0
100239.0 4.0 1.0
100525.0 1.0 1.0
100784.0 3.0 1.0
100992.0 1.0 1.0
101454.0 1.0 1.0
101662.0 1.0 1.0
102575.0 1.0 1.0
103140.0 1.0 1.0
103638.0 2.0 1.0
103931.0 1.0 1.0
104280.0 3.0 1.0
104500.0 1.0 1.0
104582.0 2.0 1.0
105677.0 1.0 1.0
106108.0 1.0 1.0
106513.0 1.0 1.0
106926.0 1.0 1.0
107244.0 1.0 1.0
107288.0 1.0 1.0
107352.0 3.0 1.0
107382.0 3.0 1.0
107871.0 2.0 1.0
108060.0 2.0 1.0
108063.0 2.0 1.0
108447.0 1.0 1.0
109212.0 2.0 1.0
109725.0 1.0 1.0
109829.0 4.0 1.0
109964.0 2.0 1.0
110416.0 1.0 1.0
110593.0 1.0 1.0
111554.0 2.0 1.0
111995.0 2.0 1.0
112317.0 2.0 1.0
112418.0 4.0 1.0
112990.0 1.0 1.0
113033.0 5.0 1.0
113459.0 2.0 1.0
113955.0 2.0 1.0
116075.0 1.0 1.0
117136.0 2.0 1.0
117620.0 1.0 1.0
117647.0 1.0 1.0
118421.0 1.0 1.0
118914.0 4.0 1.0
120057.0 1.0 1.0
122419.0 4.0 1.0
122510.0 2.0 1.0
124314.0 1.0 1.0
125179.0 1.0 1.0
125899.0 1.0 1.0
127601.0 1.0 1.0
129162.0 4.0 1.0
129725.0 1.0 1.0
130745.0 1.0 1.0
131184.0 1.0 1.0
132842.0 1.0 1.0
134872.0 2.0 1.0
135877.0 1.0 1.0
139426.0 2.0 1.0
139607.0 1.0 1.0
140488.0 1.0 1.0
145524.0 1.0 1.0
146341.0 1.0 1.0
147812.0 1.0 1.0
152961.0 1.0 1.0
170278.0 2.0 1.0
174727.0 1.0 1.0
185388.0 1.0 1.0
