rev6
4344.0 1.0 1.0
4407.0 1.0 1.0
4582.0 1.0 1.0
4606.0 1.0 1.0
4668.0 1.0 1.0
4681.0 1.0 1.0
4719.0 1.0 1.0
4906.0 1.0 1.0
4932.0 1.0 1.0
4981.0 1.0 1.0
5064.0 1.0 1.0
5110.0 1.0 1.0
5166.0 1.0 1.0
5260.0 1.0 1.0
5281.0 1.0 1.0
5317.0 1.0 1.0
5335.0 1.0 1.0
5365.0 1.0 1.0
5418.0 1.0 1.0
5498.0 1.0 1.0
5618.0 1.0 1.0
5621.0 1.0 1.0
5673.0 1.0 1.0
5676.0 1.0 1.0
5684.0 1.0 1.0
5689.0 1.0 1.0
5743.0 1.0 1.0
5745.0 1.0 1.0
5835.0 1.0 1.0
5841.0 1.0 1.0
5871.0 1.0 1.0
5884.0 1.0 1.0
5895.0 1.0 1.0
5915.0 1.0 1.0
5958.0 1.0 1.0
5971.0 1.0 1.0
5972.0 1.0 1.0
6018.0 1.0 1.0
6022.0 1.0 1.0
6080.0 1.0 1.0
6084.0 1.0 1.0
6194.0 1.0 1.0
6205.0 1.0 1.0
6226.0 1.0 1.0
6257.0 1.0 1.0
6298.0 1.0 1.0
6305.0 1.0 1.0
6307.0 1.0 1.0
6378.0 1.0 1.0
6379.0 1.0 1.0
6435.0 1.0 1.0
6447.0 1.0 1.0
6479.0 1.0 1.0
6613.0 1.0 1.0
6620.0 1.0 1.0
6647.0 1.0 1.0
6682.0 1.0 1.0
6721.0 1.0 1.0
6745.0 1.0 1.0
6778.0 1.0 1.0
6810.0 1.0 1.0
6905.0 1.0 1.0
6925.0 1.0 1.0
6966.0 1.0 1.0
7074.0 1.0 1.0
7083.0 1.0 1.0
7174.0 1.0 1.0
7453.0 1.0 1.0
7528.0 1.0 1.0
7528.0 1.0 1.0
7786.0 1.0 1.0
7858.0 1.0 1.0
7989.0 1.0 1.0
8206.0 1.0 1.0
8235.0 1.0 1.0
8243.0 1.0 1.0
8273.0 1.0 1.0
8420.0 1.0 1.0
8509.0 1.0 1.0
8736.0 1.0 1.0
8801.0 1.0 1.0
8996.0 1.0 1.0
9011.0 1.0 1.0
9220.0 1.0 1.0
9223.0 1.0 1.0
9335.0 1.0 1.0
9337.0 1.0 1.0
9402.0 1.0 1.0
9544.0 1.0 1.0
9721.0 1.0 1.0
9837.0 1.0 1.0
9881.0 1.0 1.0
9917.0 1.0 1.0
10251.0 1.0 1.0
10251.0 1.0 1.0
10264.0 1.0 1.0
11514.0 1.0 1.0
11882.0 1.0 1.0
11954.0 1.0 1.0
17766.0 1.0 1.0
