rev7
19239.0 1.0 1.0
19817.0 1.0 1.0
20192.0 1.0 1.0
20367.0 1.0 1.0
21101.0 1.0 1.0
21381.0 1.0 1.0
21487.0 1.0 1.0
21518.0 1.0 1.0
21719.0 1.0 1.0
22035.0 1.0 1.0
22561.0 1.0 1.0
22570.0 1.0 1.0
22751.0 1.0 1.0
22763.0 1.0 1.0
22875.0 1.0 1.0
22917.0 1.0 1.0
22983.0 1.0 1.0
23026.0 1.0 1.0
23059.0 1.0 1.0
23106.0 1.0 1.0
23479.0 1.0 1.0
23942.0 1.0 1.0
23945.0 1.0 1.0
23973.0 1.0 1.0
24620.0 1.0 1.0
24719.0 1.0 1.0
24745.0 1.0 1.0
24777.0 1.0 1.0
24977.0 1.0 1.0
25290.0 1.0 1.0
25343.0 1.0 1.0
25493.0 1.0 1.0
25674.0 1.0 1.0
25696.0 1.0 1.0
25705.0 1.0 1.0
25776.0 1.0 1.0
26068.0 1.0 1.0
26329.0 1.0 1.0
26572.0 1.0 1.0
26579.0 1.0 1.0
26740.0 1.0 1.0
26782.0 1.0 1.0
26834.0 1.0 1.0
26974.0 1.0 1.0
26976.0 1.0 1.0
27036.0 1.0 1.0
27770.0 1.0 1.0
27902.0 1.0 1.0
28028.0 1.0 1.0
28198.0 1.0 1.0
28232.0 1.0 1.0
28281.0 1.0 1.0
28305.0 1.0 1.0
28335.0 1.0 1.0
28689.0 1.0 1.0
28703.0 1.0 1.0
28705.0 1.0 1.0
28766.0 1.0 1.0
28884.0 1.0 1.0
29126.0 1.0 1.0
29230.0 1.0 1.0
29429.0 1.0 1.0
29634.0 1.0 1.0
29690.0 1.0 1.0
29815.0 1.0 1.0
29883.0 1.0 1.0
30159.0 1.0 1.0
30220.0 1.0 1.0
30308.0 1.0 1.0
30469.0 1.0 1.0
30696.0 1.0 1.0
30725.0 1.0 1.0
30757.0 1.0 1.0
30848.0 1.0 1.0
30877.0 1.0 1.0
30907.0 1.0 1.0
31011.0 1.0 1.0
31173.0 1.0 1.0
31534.0 1.0 1.0
31598.0 1.0 1.0
31820.0 1.0 1.0
31935.0 1.0 1.0
32682.0 1.0 1.0
32782.0 1.0 1.0
33265.0 1.0 1.0
33579.0 1.0 1.0
34224.0 1.0 1.0
34233.0 1.0 1.0
34448.0 1.0 1.0
34697.0 1.0 1.0
34781.0 1.0 1.0
35591.0 1.0 1.0
37934.0 1.0 1.0
38315.0 1.0 1.0
38873.0 1.0 1.0
41310.0 1.0 1.0
41462.0 1.0 1.0
43508.0 1.0 1.0
44509.0 1.0 1.0
45146.0 1.0 1.0
