rev7
9346.0 1.0 1.0
9756.0 1.0 1.0
10850.0 1.0 1.0
10980.0 1.0 1.0
11375.0 1.0 1.0
11664.0 1.0 1.0
11670.0 1.0 1.0
11709.0 1.0 1.0
11789.0 1.0 1.0
11927.0 1.0 1.0
11989.0 1.0 1.0
12275.0 1.0 1.0
12289.0 1.0 1.0
12307.0 1.0 1.0
12424.0 1.0 1.0
12888.0 1.0 1.0
12934.0 1.0 1.0
13138.0 1.0 1.0
13253.0 1.0 1.0
13271.0 1.0 1.0
13338.0 1.0 1.0
13514.0 1.0 1.0
13589.0 1.0 1.0
13837.0 1.0 1.0
13881.0 1.0 1.0
14025.0 1.0 1.0
14031.0 1.0 1.0
14054.0 1.0 1.0
14207.0 1.0 1.0
14256.0 1.0 1.0
14263.0 1.0 1.0
14286.0 1.0 1.0
14378.0 1.0 1.0
14565.0 1.0 1.0
14604.0 1.0 1.0
14680.0 1.0 1.0
14744.0 1.0 1.0
14803.0 1.0 1.0
14882.0 1.0 1.0
14894.0 1.0 1.0
14936.0 1.0 1.0
14964.0 1.0 1.0
14985.0 1.0 1.0
15187.0 1.0 1.0
15189.0 1.0 1.0
15411.0 1.0 1.0
15454.0 1.0 1.0
15642.0 1.0 1.0
15680.0 1.0 1.0
15710.0 1.0 1.0
15714.0 1.0 1.0
15880.0 1.0 1.0
16277.0 1.0 1.0
16290.0 1.0 1.0
16295.0 1.0 1.0
16353.0 1.0 1.0
16418.0 1.0 1.0
16483.0 1.0 1.0
16628.0 1.0 1.0
16737.0 1.0 1.0
16847.0 1.0 1.0
16866.0 1.0 1.0
16902.0 1.0 1.0
16952.0 1.0 1.0
17016.0 1.0 1.0
17097.0 1.0 1.0
17296.0 1.0 1.0
17313.0 1.0 1.0
17360.0 1.0 1.0
17376.0 1.0 1.0
17467.0 1.0 1.0
17527.0 1.0 1.0
17660.0 1.0 1.0
17671.0 1.0 1.0
17780.0 1.0 1.0
17905.0 1.0 1.0
17913.0 1.0 1.0
18183.0 1.0 1.0
18504.0 1.0 1.0
18518.0 1.0 1.0
18545.0 1.0 1.0
18638.0 1.0 1.0
18725.0 1.0 1.0
18734.0 1.0 1.0
18793.0 1.0 1.0
19246.0 1.0 1.0
19296.0 1.0 1.0
19435.0 1.0 1.0
19502.0 1.0 1.0
19627.0 1.0 1.0
19822.0 1.0 1.0
20363.0 1.0 1.0
21028.0 1.0 1.0
21829.0 1.0 1.0
21951.0 1.0 1.0
22684.0 1.0 1.0
24160.0 1.0 1.0
24849.0 1.0 1.0
25894.0 1.0 1.0
26593.0 1.0 1.0
