rev7
33790.0 1.0 1.0
34599.0 1.0 1.0
35656.0 1.0 1.0
35856.0 1.0 1.0
36086.0 1.0 1.0
36730.0 1.0 1.0
37918.0 1.0 1.0
37980.0 1.0 1.0
38164.0 1.0 1.0
38848.0 1.0 1.0
38961.0 1.0 1.0
39010.0 1.0 1.0
39250.0 1.0 1.0
39453.0 1.0 1.0
39609.0 1.0 1.0
39651.0 1.0 1.0
39744.0 1.0 1.0
40029.0 1.0 1.0
41316.0 1.0 1.0
41676.0 1.0 1.0
42128.0 1.0 1.0
42708.0 1.0 1.0
42769.0 1.0 1.0
42811.0 1.0 1.0
42889.0 1.0 1.0
42891.0 1.0 1.0
42942.0 1.0 1.0
43014.0 1.0 1.0
43086.0 1.0 1.0
43324.0 1.0 1.0
43584.0 1.0 1.0
43606.0 1.0 1.0
43684.0 1.0 1.0
43874.0 1.0 1.0
44049.0 1.0 1.0
44068.0 1.0 1.0
44208.0 1.0 1.0
44234.0 1.0 1.0
44387.0 1.0 1.0
44669.0 1.0 1.0
45073.0 1.0 1.0
45769.0 1.0 1.0
45807.0 1.0 1.0
46080.0 1.0 1.0
46085.0 1.0 1.0
46803.0 1.0 1.0
46848.0 1.0 1.0
47077.0 1.0 1.0
47318.0 1.0 1.0
47572.0 1.0 1.0
47836.0 1.0 1.0
48174.0 1.0 1.0
48312.0 1.0 1.0
48317.0 1.0 1.0
48431.0 1.0 1.0
48921.0 1.0 1.0
49053.0 1.0 1.0
50025.0 1.0 1.0
50272.0 1.0 1.0
50311.0 1.0 1.0
50510.0 1.0 1.0
50792.0 1.0 1.0
51186.0 1.0 1.0
51603.0 1.0 1.0
52288.0 1.0 1.0
52289.0 1.0 1.0
52400.0 1.0 1.0
52572.0 1.0 1.0
52828.0 1.0 1.0
52882.0 1.0 1.0
52894.0 1.0 1.0
53017.0 1.0 1.0
53538.0 1.0 1.0
53967.0 1.0 1.0
54028.0 1.0 1.0
54085.0 1.0 1.0
54291.0 1.0 1.0
54446.0 1.0 1.0
54525.0 1.0 1.0
54656.0 1.0 1.0
55693.0 1.0 1.0
55775.0 1.0 1.0
55971.0 1.0 1.0
56500.0 1.0 1.0
57987.0 1.0 1.0
58281.0 1.0 1.0
58367.0 1.0 1.0
58582.0 1.0 1.0
58598.0 1.0 1.0
59804.0 1.0 1.0
59848.0 1.0 1.0
60375.0 1.0 1.0
60925.0 1.0 1.0
62784.0 1.0 1.0
67830.0 1.0 1.0
69230.0 1.0 1.0
72349.0 1.0 1.0
79326.0 1.0 1.0
82467.0 1.0 1.0
94718.0 1.0 1.0
