rev1.1
354857.0 66468.0 15.0
359933.0 66035.0 15.0
359939.0 66587.0 15.0
362033.0 66643.0 15.0
364921.0 66741.0 15.0
370009.0 66964.0 15.0
370789.0 66972.0 15.0
370901.0 67078.0 15.0
371301.0 67166.0 15.0
373213.0 67274.0 15.0
374467.0 66719.0 15.0
375115.0 67022.0 15.0
375469.0 67519.0 15.0
376101.0 66620.0 15.0
377143.0 67739.0 15.0
379685.0 67139.0 15.0
379743.0 66513.0 15.0
380259.0 67408.0 15.0
380477.0 67192.0 15.0
381023.0 67205.0 15.0
381421.0 67706.0 15.0
382659.0 67303.0 15.0
383091.0 67389.0 15.0
383267.0 67024.0 15.0
383459.0 67256.0 15.0
383575.0 66965.0 15.0
384309.0 66861.0 15.0
385141.0 66891.0 15.0
385235.0 67211.0 15.0
385545.0 67005.0 15.0
385871.0 67299.0 15.0
386217.0 67538.0 15.0
386381.0 66788.0 15.0
386427.0 66993.0 15.0
386485.0 68315.0 15.0
386539.0 67088.0 15.0
387237.0 67574.0 15.0
387707.0 67169.0 15.0
387935.0 67309.0 15.0
388253.0 67536.0 15.0
388909.0 67771.0 15.0
389121.0 67365.0 15.0
389133.0 67188.0 15.0
389159.0 67493.0 15.0
389383.0 67003.0 15.0
389413.0 67826.0 15.0
389441.0 67769.0 15.0
389759.0 67554.0 15.0
391101.0 67722.0 15.0
391431.0 67775.0 15.0
391609.0 67125.0 15.0
391673.0 68428.0 15.0
391795.0 67321.0 15.0
392235.0 68075.0 15.0
393727.0 67961.0 15.0
394069.0 67281.0 15.0
394373.0 67989.0 15.0
394411.0 67981.0 15.0
394963.0 67305.0 15.0
395335.0 68299.0 15.0
397633.0 67561.0 15.0
398903.0 67494.0 15.0
398951.0 68149.0 15.0
399435.0 67876.0 15.0
399559.0 67432.0 15.0
399719.0 67763.0 15.0
400487.0 67928.0 15.0
401073.0 67810.0 15.0
401687.0 68164.0 15.0
401899.0 68022.0 15.0
403213.0 67811.0 15.0
403813.0 68575.0 15.0
404197.0 67983.0 15.0
404289.0 68162.0 15.0
404815.0 68113.0 15.0
405173.0 68447.0 15.0
406417.0 67845.0 15.0
406839.0 67872.0 15.0
407249.0 67954.0 15.0
407709.0 68028.0 15.0
407725.0 68082.0 15.0
407913.0 67889.0 15.0
408567.0 68124.0 15.0
409037.0 68053.0 15.0
409631.0 68444.0 15.0
409999.0 68393.0 15.0
410015.0 67936.0 15.0
410409.0 67869.0 15.0
410453.0 68094.0 15.0
410567.0 68421.0 15.0
411081.0 68198.0 15.0
414471.0 68729.0 15.0
419589.0 68460.0 15.0
419647.0 68798.0 15.0
423479.0 68942.0 15.0
428281.0 69251.0 15.0
428797.0 68757.0 15.0
441099.0 68962.0 15.0
442925.0 69610.0 15.0
454639.0 69236.0 15.0
