rev1.1
171123.0 32924.0 15.0
176949.0 33282.0 15.0
178107.0 33040.0 15.0
180565.0 33547.0 15.0
181095.0 33026.0 15.0
181235.0 33319.0 15.0
181327.0 33157.0 15.0
181349.0 32839.0 15.0
181425.0 33057.0 15.0
181715.0 33437.0 15.0
182185.0 33167.0 15.0
183593.0 33369.0 15.0
183619.0 33472.0 15.0
183751.0 33110.0 15.0
184365.0 33496.0 15.0
184375.0 33144.0 15.0
185123.0 33602.0 15.0
185251.0 33389.0 15.0
185271.0 33024.0 15.0
185307.0 33604.0 15.0
185311.0 33403.0 15.0
185437.0 33001.0 15.0
185475.0 33148.0 15.0
185591.0 33550.0 15.0
185669.0 33295.0 15.0
185745.0 33457.0 15.0
186083.0 33670.0 15.0
186151.0 33822.0 15.0
186603.0 33908.0 15.0
186817.0 33809.0 15.0
187911.0 33288.0 15.0
187929.0 33428.0 15.0
188295.0 33670.0 15.0
188367.0 33345.0 15.0
188943.0 33561.0 15.0
189009.0 33696.0 15.0
189369.0 33919.0 15.0
189379.0 33386.0 15.0
189591.0 33953.0 15.0
189661.0 33870.0 15.0
189961.0 33936.0 15.0
190141.0 33791.0 15.0
190511.0 33877.0 15.0
190785.0 33467.0 15.0
191169.0 33655.0 15.0
191911.0 33748.0 15.0
191953.0 33481.0 15.0
192343.0 34054.0 15.0
192357.0 33691.0 15.0
192499.0 33808.0 15.0
192573.0 33713.0 15.0
192627.0 33827.0 15.0
192705.0 33646.0 15.0
192709.0 33875.0 15.0
192843.0 33258.0 15.0
193071.0 33644.0 15.0
193249.0 33766.0 15.0
194001.0 33888.0 15.0
194163.0 33761.0 15.0
194209.0 33460.0 15.0
194251.0 34180.0 15.0
194287.0 33870.0 15.0
194951.0 33530.0 15.0
195065.0 33959.0 15.0
195397.0 33851.0 15.0
195745.0 33524.0 15.0
195793.0 33385.0 15.0
196075.0 33510.0 15.0
196311.0 34037.0 15.0
196761.0 34117.0 15.0
197123.0 34196.0 15.0
198091.0 34148.0 15.0
199159.0 33890.0 15.0
199293.0 33957.0 15.0
199901.0 34166.0 15.0
200129.0 33751.0 15.0
200567.0 33788.0 15.0
200687.0 33903.0 15.0
201205.0 34508.0 15.0
201527.0 33862.0 15.0
201733.0 34046.0 15.0
201873.0 33973.0 15.0
202079.0 33853.0 15.0
202245.0 34038.0 15.0
204071.0 34150.0 15.0
204313.0 34140.0 15.0
204339.0 33959.0 15.0
204643.0 33979.0 15.0
204867.0 33878.0 15.0
205269.0 34199.0 15.0
205529.0 34011.0 15.0
205641.0 34375.0 15.0
206785.0 34102.0 15.0
208567.0 34183.0 15.0
209797.0 33993.0 15.0
209869.0 34452.0 15.0
210223.0 34397.0 15.0
210339.0 34264.0 15.0
217621.0 34942.0 15.0
234703.0 35166.0 15.0
