rev1.1
41327.0 8384.0 15.0
41769.0 8040.0 15.0
41869.0 8249.0 15.0
42117.0 8295.0 15.0
42147.0 8136.0 15.0
42287.0 8407.0 15.0
42315.0 8372.0 15.0
42387.0 8260.0 15.0
42545.0 8097.0 15.0
42875.0 8404.0 15.0
42915.0 8289.0 15.0
42975.0 8225.0 15.0
43031.0 8070.0 15.0
43119.0 8250.0 15.0
43287.0 8235.0 15.0
43309.0 8294.0 15.0
43317.0 8420.0 15.0
43335.0 8407.0 15.0
43337.0 8387.0 15.0
43369.0 8264.0 15.0
43383.0 8361.0 15.0
43519.0 8189.0 15.0
43715.0 8337.0 15.0
43745.0 8328.0 15.0
43773.0 8428.0 15.0
43933.0 8287.0 15.0
43945.0 8140.0 15.0
44057.0 8207.0 15.0
44095.0 8436.0 15.0
44177.0 8244.0 15.0
44183.0 8235.0 15.0
44191.0 8153.0 15.0
44287.0 8168.0 15.0
44353.0 8323.0 15.0
44485.0 8430.0 15.0
44563.0 8193.0 15.0
44603.0 8317.0 15.0
44667.0 8232.0 15.0
44687.0 8339.0 15.0
44787.0 8196.0 15.0
44855.0 8427.0 15.0
44903.0 8591.0 15.0
44927.0 8327.0 15.0
44985.0 8323.0 15.0
45149.0 8411.0 15.0
45183.0 8405.0 15.0
45205.0 8318.0 15.0
45229.0 8243.0 15.0
45393.0 8217.0 15.0
45405.0 8174.0 15.0
45451.0 8421.0 15.0
45465.0 8268.0 15.0
45479.0 8375.0 15.0
45503.0 8393.0 15.0
45507.0 8251.0 15.0
45571.0 8334.0 15.0
45587.0 8481.0 15.0
45599.0 8266.0 15.0
45619.0 8643.0 15.0
45663.0 8316.0 15.0
45725.0 8470.0 15.0
45759.0 8286.0 15.0
45761.0 8337.0 15.0
45901.0 8403.0 15.0
45909.0 8576.0 15.0
45939.0 8437.0 15.0
45951.0 8243.0 15.0
46101.0 8401.0 15.0
46287.0 8430.0 15.0
46311.0 8462.0 15.0
46427.0 8477.0 15.0
46453.0 8540.0 15.0
46511.0 8375.0 15.0
46615.0 8390.0 15.0
46751.0 8456.0 15.0
46887.0 8571.0 15.0
46955.0 8169.0 15.0
47065.0 8378.0 15.0
47179.0 8358.0 15.0
47493.0 8580.0 15.0
47637.0 8541.0 15.0
47671.0 8328.0 15.0
48113.0 8512.0 15.0
48223.0 8494.0 15.0
48413.0 8324.0 15.0
48559.0 8316.0 15.0
48567.0 8533.0 15.0
48619.0 8235.0 15.0
49111.0 8509.0 15.0
49549.0 8227.0 15.0
49625.0 8661.0 15.0
49639.0 8598.0 15.0
49709.0 8565.0 15.0
49857.0 8711.0 15.0
50073.0 8447.0 15.0
50087.0 8511.0 15.0
50171.0 8490.0 15.0
50339.0 8355.0 15.0
51733.0 8491.0 15.0
52537.0 8643.0 15.0
