rev1.1
754569.0 134324.0 15.0
758261.0 134094.0 15.0
759113.0 134923.0 15.0
762029.0 134158.0 15.0
762065.0 134199.0 15.0
762283.0 134426.0 15.0
764225.0 134689.0 15.0
772267.0 134598.0 15.0
773267.0 135045.0 15.0
773707.0 135273.0 15.0
777657.0 134555.0 15.0
778953.0 135076.0 15.0
779131.0 135862.0 15.0
779197.0 134907.0 15.0
781013.0 135368.0 15.0
782555.0 135566.0 15.0
783191.0 134324.0 15.0
783933.0 135231.0 15.0
784877.0 135342.0 15.0
786365.0 135235.0 15.0
788571.0 135930.0 15.0
788783.0 135512.0 15.0
789977.0 135579.0 15.0
791923.0 135192.0 15.0
793253.0 135612.0 15.0
793377.0 135839.0 15.0
794999.0 136405.0 15.0
795275.0 135409.0 15.0
795651.0 135286.0 15.0
795793.0 135844.0 15.0
796673.0 135150.0 15.0
797829.0 135585.0 15.0
798399.0 135934.0 15.0
799255.0 135511.0 15.0
799931.0 136112.0 15.0
800011.0 135989.0 15.0
802271.0 135807.0 15.0
802471.0 135427.0 15.0
803205.0 135385.0 15.0
803313.0 136095.0 15.0
803745.0 135988.0 15.0
805161.0 135996.0 15.0
805249.0 135877.0 15.0
805335.0 136089.0 15.0
805815.0 135841.0 15.0
806501.0 135483.0 15.0
810321.0 137333.0 15.0
810643.0 136168.0 15.0
810815.0 135277.0 15.0
811029.0 135268.0 15.0
811261.0 135941.0 15.0
811379.0 135819.0 15.0
813621.0 136065.0 15.0
815019.0 136814.0 15.0
815125.0 135589.0 15.0
817165.0 136105.0 15.0
818595.0 135554.0 15.0
818865.0 136454.0 15.0
818957.0 136317.0 15.0
819457.0 136890.0 15.0
820075.0 137008.0 15.0
824737.0 136676.0 15.0
825139.0 136988.0 15.0
825801.0 136982.0 15.0
827577.0 136269.0 15.0
828495.0 136862.0 15.0
830937.0 137434.0 15.0
831229.0 136700.0 15.0
833573.0 136137.0 15.0
836043.0 137157.0 15.0
836911.0 136396.0 15.0
837077.0 137415.0 15.0
837671.0 137298.0 15.0
838039.0 136893.0 15.0
838537.0 137326.0 15.0
838711.0 136328.0 15.0
841981.0 136950.0 15.0
843789.0 137343.0 15.0
844303.0 136877.0 15.0
846179.0 137229.0 15.0
847335.0 137563.0 15.0
849617.0 136640.0 15.0
849987.0 137071.0 15.0
850049.0 137263.0 15.0
853313.0 137902.0 15.0
856415.0 136723.0 15.0
856799.0 137025.0 15.0
858639.0 137259.0 15.0
863361.0 137230.0 15.0
869175.0 138584.0 15.0
870905.0 138303.0 15.0
871155.0 138310.0 15.0
879385.0 138990.0 15.0
880109.0 138739.0 15.0
880781.0 138424.0 15.0
893873.0 138614.0 15.0
898799.0 138915.0 15.0
899339.0 138640.0 15.0
934509.0 139865.0 15.0
1048617.0 144741.0 15.0
