rev1.1
4207.0 956.0 15.0
4661.0 957.0 15.0
4757.0 1044.0 15.0
4763.0 1085.0 15.0
4805.0 1032.0 15.0
4817.0 1010.0 15.0
4821.0 1032.0 15.0
4825.0 1010.0 15.0
4847.0 1053.0 15.0
4857.0 1080.0 15.0
4857.0 1027.0 15.0
4867.0 1085.0 15.0
4871.0 999.0 15.0
4879.0 961.0 15.0
4881.0 1009.0 15.0
4905.0 1074.0 15.0
4909.0 1011.0 15.0
4941.0 1021.0 15.0
4971.0 1016.0 15.0
4979.0 1072.0 15.0
4993.0 1069.0 15.0
5011.0 1012.0 15.0
5011.0 1079.0 15.0
5043.0 1017.0 15.0
5043.0 1061.0 15.0
5077.0 1059.0 15.0
5079.0 994.0 15.0
5079.0 1060.0 15.0
5083.0 1038.0 15.0
5085.0 1060.0 15.0
5097.0 1057.0 15.0
5107.0 1082.0 15.0
5113.0 1065.0 15.0
5161.0 1000.0 15.0
5183.0 1025.0 15.0
5183.0 1071.0 15.0
5213.0 1019.0 15.0
5215.0 1039.0 15.0
5227.0 1077.0 15.0
5235.0 1109.0 15.0
5241.0 1100.0 15.0
5257.0 986.0 15.0
5259.0 1005.0 15.0
5265.0 1072.0 15.0
5265.0 1064.0 15.0
5273.0 991.0 15.0
5285.0 1038.0 15.0
5295.0 1122.0 15.0
5295.0 1061.0 15.0
5303.0 1052.0 15.0
5325.0 985.0 15.0
5331.0 1017.0 15.0
5341.0 1102.0 15.0
5363.0 1082.0 15.0
5363.0 1078.0 15.0
5367.0 1099.0 15.0
5373.0 1038.0 15.0
5375.0 1066.0 15.0
5377.0 1004.0 15.0
5385.0 1026.0 15.0
5401.0 971.0 15.0
5411.0 1068.0 15.0
5433.0 1104.0 15.0
5467.0 1120.0 15.0
5479.0 1066.0 15.0
5489.0 1126.0 15.0
5497.0 1108.0 15.0
5509.0 1024.0 15.0
5517.0 1104.0 15.0
5551.0 1003.0 15.0
5551.0 1055.0 15.0
5579.0 969.0 15.0
5595.0 1072.0 15.0
5609.0 1031.0 15.0
5615.0 1115.0 15.0
5643.0 1058.0 15.0
5649.0 1050.0 15.0
5653.0 1047.0 15.0
5659.0 991.0 15.0
5661.0 1087.0 15.0
5713.0 1056.0 15.0
5723.0 1048.0 15.0
5725.0 1067.0 15.0
5759.0 1079.0 15.0
5765.0 1056.0 15.0
5785.0 1034.0 15.0
5785.0 1037.0 15.0
5789.0 1097.0 15.0
5853.0 1023.0 15.0
5871.0 1045.0 15.0
5905.0 1102.0 15.0
5917.0 1040.0 15.0
5949.0 1051.0 15.0
5949.0 1075.0 15.0
5951.0 1031.0 15.0
5963.0 1089.0 15.0
6159.0 1046.0 15.0
6229.0 1091.0 15.0
6381.0 1031.0 15.0
6395.0 1120.0 15.0
