rev1.1
19705.0 4086.0 15.0
20243.0 3983.0 15.0
20247.0 4091.0 15.0
20269.0 4155.0 15.0
20319.0 4124.0 15.0
20343.0 4066.0 15.0
20387.0 4096.0 15.0
20441.0 4107.0 15.0
20463.0 3965.0 15.0
20499.0 4048.0 15.0
20561.0 4174.0 15.0
20583.0 4029.0 15.0
20589.0 4098.0 15.0
20661.0 4186.0 15.0
20761.0 4014.0 15.0
20763.0 4053.0 15.0
20789.0 4150.0 15.0
20805.0 4182.0 15.0
20815.0 4154.0 15.0
21063.0 4288.0 15.0
21089.0 4060.0 15.0
21181.0 4114.0 15.0
21191.0 4201.0 15.0
21207.0 4124.0 15.0
21219.0 3928.0 15.0
21231.0 4005.0 15.0
21231.0 4228.0 15.0
21249.0 4163.0 15.0
21301.0 4039.0 15.0
21379.0 4149.0 15.0
21393.0 4156.0 15.0
21405.0 4058.0 15.0
21455.0 4166.0 15.0
21487.0 4035.0 15.0
21513.0 4134.0 15.0
21525.0 4096.0 15.0
21599.0 4040.0 15.0
21605.0 4067.0 15.0
21723.0 4106.0 15.0
21733.0 4028.0 15.0
21751.0 4042.0 15.0
21775.0 4158.0 15.0
21805.0 4150.0 15.0
21819.0 4153.0 15.0
21829.0 4439.0 15.0
21883.0 4048.0 15.0
21891.0 4287.0 15.0
21891.0 4181.0 15.0
21901.0 4178.0 15.0
21903.0 4088.0 15.0
21909.0 4146.0 15.0
21917.0 4222.0 15.0
21939.0 4110.0 15.0
21991.0 4116.0 15.0
22005.0 4026.0 15.0
22015.0 4114.0 15.0
22017.0 4132.0 15.0
22029.0 4072.0 15.0
22061.0 4190.0 15.0
22093.0 4073.0 15.0
22217.0 4205.0 15.0
22251.0 4219.0 15.0
22303.0 4147.0 15.0
22313.0 4236.0 15.0
22321.0 4143.0 15.0
22349.0 4163.0 15.0
22433.0 4177.0 15.0
22459.0 4179.0 15.0
22503.0 4168.0 15.0
22573.0 4259.0 15.0
22575.0 4286.0 15.0
22587.0 4092.0 15.0
22593.0 4215.0 15.0
22623.0 4338.0 15.0
22797.0 4193.0 15.0
22799.0 4281.0 15.0
22961.0 4365.0 15.0
22965.0 4210.0 15.0
22989.0 4209.0 15.0
23011.0 4175.0 15.0
23013.0 4089.0 15.0
23063.0 4101.0 15.0
23177.0 4253.0 15.0
23207.0 4075.0 15.0
23327.0 4216.0 15.0
23331.0 4112.0 15.0
23469.0 4322.0 15.0
23687.0 4258.0 15.0
23833.0 4100.0 15.0
23969.0 4222.0 15.0
24075.0 4118.0 15.0
24167.0 4195.0 15.0
24177.0 4269.0 15.0
24379.0 4221.0 15.0
24443.0 4266.0 15.0
24683.0 4341.0 15.0
24751.0 4250.0 15.0
24855.0 4255.0 15.0
25607.0 4442.0 15.0
26773.0 4502.0 15.0
