rev1.1
927.0 257.0 6.200270911420024
939.0 249.0 6.8617277149123295
945.0 240.0 8.403865827724413
955.0 245.0 6.861727714912373
959.0 254.0 6.861727714912362
975.0 240.0 11.390625000000162
989.0 275.0 5.602577218482951
991.0 242.0 7.593750000000074
999.0 241.0 11.390625000000133
1007.0 253.0 7.593750000000072
1045.0 259.0 11.390625000000167
1057.0 244.0 7.593750000000108
1057.0 246.0 6.8617277149123295
1063.0 263.0 6.861727714912305
1077.0 269.0 7.593750000000122
1089.0 266.0 11.39062500000006
1089.0 260.0 8.403865827724404
1089.0 291.0 7.593750000000047
1095.0 229.0 12.60579874158667
1099.0 223.0 9.300406367130002
1099.0 268.0 6.861727714912336
1103.0 273.0 10.292591572368552
1119.0 256.0 11.390625000000194
1123.0 294.0 7.593750000000097
1125.0 279.0 12.605798741586646
1125.0 258.0 15.0
1131.0 247.0 8.403865827724378
1139.0 260.0 11.390625000000139
1147.0 291.0 8.403865827724454
1155.0 286.0 9.300406367129973
1159.0 257.0 7.593750000000093
1165.0 266.0 11.390625000000083
1169.0 260.0 9.300406367130039
1171.0 268.0 11.390625000000137
1181.0 248.0 8.403865827724383
1183.0 269.0 10.292591572368478
1187.0 253.0 15.0
1191.0 247.0 11.39062500000019
1193.0 306.0 9.300406367129998
1195.0 285.0 8.403865827724411
1199.0 300.0 9.300406367130018
1219.0 261.0 15.0
1223.0 264.0 9.300406367129986
1223.0 268.0 12.605798741586543
1227.0 279.0 8.403865827724372
1229.0 250.0 12.605798741586607
1235.0 246.0 13.95060955069498
1241.0 266.0 13.950609550695075
1243.0 274.0 15.0
1243.0 270.0 13.950609550694987
1245.0 258.0 10.292591572368535
1245.0 284.0 8.403865827724426
1245.0 266.0 15.0
1247.0 242.0 15.0
1247.0 281.0 9.300406367130012
1253.0 298.0 9.300406367129964
1257.0 273.0 10.292591572368478
1263.0 304.0 12.605798741586694
1265.0 281.0 15.0
1269.0 255.0 13.950609550694946
1273.0 287.0 9.300406367129993
1273.0 250.0 9.300406367130018
1275.0 290.0 13.950609550694981
1283.0 303.0 12.60579874158667
1299.0 264.0 15.0
1301.0 294.0 15.0
1303.0 263.0 15.0
1327.0 294.0 12.605798741586703
1331.0 280.0 15.0
1345.0 252.0 15.0
1349.0 293.0 12.605798741586579
1357.0 297.0 15.0
1359.0 293.0 12.605798741586614
1363.0 273.0 10.292591572368565
1365.0 316.0 13.950609550695
1365.0 298.0 15.0
1373.0 292.0 9.30040636713002
1379.0 306.0 11.390625000000155
1379.0 279.0 12.605798741586645
1381.0 252.0 15.0
1387.0 269.0 15.0
1389.0 298.0 12.605798741586668
1395.0 258.0 15.0
1413.0 280.0 15.0
1419.0 280.0 15.0
1447.0 261.0 15.0
1455.0 274.0 15.0
1465.0 282.0 15.0
1467.0 280.0 15.0
1483.0 278.0 15.0
1503.0 286.0 15.0
1527.0 277.0 15.0
1533.0 295.0 15.0
1533.0 273.0 15.0
1567.0 274.0 15.0
1591.0 286.0 15.0
1597.0 281.0 15.0
1627.0 276.0 15.0
1647.0 311.0 15.0
1659.0 322.0 15.0
