rev1.1
84665.0 16494.0 15.0
85019.0 16407.0 15.0
85167.0 16550.0 15.0
85735.0 16647.0 15.0
87403.0 16711.0 15.0
87743.0 16802.0 15.0
87867.0 16563.0 15.0
88139.0 16798.0 15.0
88257.0 16719.0 15.0
88589.0 16633.0 15.0
88625.0 16728.0 15.0
88643.0 16544.0 15.0
88687.0 16683.0 15.0
89119.0 16620.0 15.0
89123.0 16423.0 15.0
89235.0 16705.0 15.0
89237.0 16627.0 15.0
89307.0 16571.0 15.0
89335.0 16489.0 15.0
89573.0 16506.0 15.0
89665.0 16789.0 15.0
89807.0 16669.0 15.0
89925.0 16632.0 15.0
90019.0 16874.0 15.0
90103.0 16374.0 15.0
90259.0 16647.0 15.0
90301.0 16870.0 15.0
90395.0 16417.0 15.0
90413.0 16616.0 15.0
90625.0 16615.0 15.0
90635.0 16331.0 15.0
90665.0 16599.0 15.0
90683.0 16721.0 15.0
90775.0 16768.0 15.0
91251.0 16673.0 15.0
91343.0 16672.0 15.0
91409.0 16513.0 15.0
91453.0 16739.0 15.0
91457.0 16703.0 15.0
91549.0 16632.0 15.0
91645.0 16731.0 15.0
91787.0 16520.0 15.0
91975.0 16450.0 15.0
92117.0 16939.0 15.0
92391.0 16887.0 15.0
92419.0 16578.0 15.0
92557.0 16530.0 15.0
92841.0 16491.0 15.0
93039.0 16726.0 15.0
93195.0 16528.0 15.0
93215.0 16693.0 15.0
93539.0 16916.0 15.0
94183.0 16792.0 15.0
94215.0 16828.0 15.0
94245.0 16713.0 15.0
94271.0 16678.0 15.0
94465.0 16665.0 15.0
94767.0 16742.0 15.0
94883.0 16986.0 15.0
95011.0 16781.0 15.0
95069.0 16842.0 15.0
95491.0 16999.0 15.0
95899.0 16903.0 15.0
96075.0 16844.0 15.0
96261.0 16718.0 15.0
96359.0 16858.0 15.0
96475.0 17203.0 15.0
96687.0 17073.0 15.0
96783.0 16832.0 15.0
96965.0 16813.0 15.0
97069.0 16849.0 15.0
97115.0 16828.0 15.0
97163.0 16821.0 15.0
97779.0 16894.0 15.0
98011.0 16744.0 15.0
98053.0 17067.0 15.0
98147.0 16793.0 15.0
98191.0 16998.0 15.0
98269.0 17092.0 15.0
98769.0 16903.0 15.0
99117.0 16952.0 15.0
99243.0 17194.0 15.0
99275.0 17166.0 15.0
99439.0 17073.0 15.0
99907.0 17142.0 15.0
100289.0 16935.0 15.0
100793.0 16820.0 15.0
101215.0 17138.0 15.0
102007.0 16718.0 15.0
102035.0 17158.0 15.0
102139.0 16947.0 15.0
102175.0 16965.0 15.0
102203.0 17100.0 15.0
103103.0 16991.0 15.0
103841.0 17022.0 15.0
104893.0 16948.0 15.0
105487.0 17304.0 15.0
107049.0 17203.0 15.0
110017.0 17259.0 15.0
115123.0 17551.0 15.0
