rev1.1
2091.0 478.0 9.300406367130126
2111.0 448.0 13.95060955069505
2165.0 526.0 15.0
2167.0 463.0 15.0
2211.0 480.0 15.0
2217.0 498.0 15.0
2223.0 517.0 12.605798741586712
2225.0 554.0 11.390625000000153
2247.0 578.0 10.29259157236847
2249.0 501.0 13.950609550695088
2251.0 534.0 9.300406367129995
2251.0 511.0 15.0
2259.0 501.0 13.95060955069505
2261.0 492.0 13.950609550695232
2261.0 518.0 11.39062500000034
2277.0 521.0 15.0
2291.0 523.0 15.0
2293.0 523.0 15.0
2305.0 484.0 13.950609550695217
2317.0 502.0 13.950609550695061
2321.0 491.0 15.0
2321.0 484.0 13.950609550695082
2323.0 557.0 13.950609550694928
2323.0 497.0 15.0
2331.0 496.0 15.0
2335.0 549.0 11.39062500000012
2345.0 474.0 15.0
2345.0 536.0 10.292591572368696
2347.0 516.0 13.950609550695072
2357.0 513.0 11.390625000000309
2359.0 503.0 12.605798741586662
2369.0 538.0 15.0
2379.0 516.0 15.0
2383.0 533.0 13.95060955069514
2387.0 493.0 13.950609550695164
2389.0 482.0 10.292591572368572
2397.0 514.0 13.950609550695207
2399.0 529.0 10.292591572368645
2401.0 490.0 12.605798741586794
2401.0 534.0 15.0
2407.0 527.0 15.0
2415.0 512.0 15.0
2417.0 581.0 11.390625000000247
2423.0 492.0 10.292591572368536
2433.0 502.0 15.0
2435.0 554.0 8.403865827724491
2447.0 477.0 15.0
2449.0 535.0 15.0
2451.0 536.0 11.390625000000325
2453.0 516.0 12.605798741586781
2457.0 556.0 13.950609550695171
2465.0 501.0 13.950609550695098
2473.0 489.0 15.0
2475.0 569.0 11.390625000000247
2485.0 517.0 15.0
2499.0 485.0 13.950609550695019
2529.0 554.0 12.605798741586723
2533.0 558.0 15.0
2533.0 535.0 15.0
2543.0 508.0 15.0
2555.0 468.0 15.0
2561.0 528.0 15.0
2575.0 559.0 15.0
2595.0 522.0 11.390625000000272
2599.0 530.0 15.0
2619.0 508.0 15.0
2621.0 537.0 15.0
2623.0 530.0 15.0
2629.0 561.0 15.0
2633.0 520.0 13.950609550695075
2639.0 545.0 15.0
2649.0 539.0 12.60579874158681
2679.0 541.0 13.950609550695088
2699.0 528.0 15.0
2699.0 529.0 15.0
2703.0 567.0 15.0
2741.0 540.0 15.0
2781.0 521.0 15.0
2793.0 552.0 15.0
2799.0 538.0 15.0
2801.0 547.0 15.0
2803.0 581.0 15.0
2813.0 563.0 15.0
2813.0 553.0 15.0
2819.0 548.0 15.0
2875.0 584.0 15.0
2889.0 579.0 15.0
2895.0 537.0 15.0
2897.0 567.0 15.0
2903.0 506.0 15.0
2907.0 498.0 15.0
2933.0 556.0 15.0
2945.0 546.0 15.0
2981.0 553.0 15.0
3029.0 543.0 15.0
3089.0 473.0 15.0
3093.0 576.0 15.0
3115.0 551.0 12.605798741586717
3123.0 593.0 15.0
3353.0 585.0 15.0
