rev1.1
8807.0 2038.0 15.0
9353.0 2050.0 15.0
9437.0 2059.0 15.0
9581.0 1951.0 15.0
9827.0 2086.0 15.0
9831.0 1927.0 15.0
9881.0 1932.0 15.0
9895.0 1951.0 15.0
9927.0 2026.0 15.0
9955.0 2055.0 15.0
10021.0 2003.0 15.0
10045.0 2029.0 15.0
10049.0 2018.0 15.0
10053.0 2077.0 15.0
10069.0 2075.0 15.0
10083.0 2069.0 15.0
10121.0 2067.0 15.0
10141.0 2064.0 15.0
10149.0 2035.0 15.0
10155.0 2106.0 15.0
10157.0 2102.0 15.0
10157.0 2112.0 15.0
10185.0 2087.0 15.0
10185.0 2020.0 15.0
10187.0 2133.0 15.0
10301.0 2112.0 15.0
10305.0 2166.0 15.0
10315.0 2006.0 15.0
10317.0 2090.0 15.0
10327.0 2007.0 15.0
10339.0 2105.0 15.0
10341.0 2089.0 15.0
10363.0 2097.0 15.0
10377.0 2058.0 15.0
10441.0 2138.0 15.0
10465.0 2064.0 15.0
10465.0 2026.0 15.0
10467.0 2021.0 15.0
10469.0 2078.0 15.0
10495.0 2021.0 15.0
10507.0 2092.0 15.0
10509.0 2067.0 15.0
10529.0 2071.0 15.0
10549.0 1972.0 15.0
10561.0 2178.0 15.0
10563.0 2071.0 15.0
10591.0 2076.0 15.0
10605.0 2154.0 15.0
10615.0 2126.0 15.0
10627.0 2042.0 15.0
10667.0 2033.0 15.0
10681.0 2071.0 15.0
10683.0 2015.0 15.0
10713.0 2149.0 15.0
10771.0 2022.0 15.0
10791.0 2078.0 15.0
10795.0 2144.0 15.0
10797.0 2027.0 15.0
10813.0 2044.0 15.0
10831.0 1996.0 15.0
10837.0 2090.0 15.0
10857.0 2003.0 15.0
10893.0 2093.0 15.0
10915.0 2051.0 15.0
10917.0 2194.0 15.0
10925.0 2151.0 15.0
10929.0 2073.0 15.0
10937.0 2110.0 15.0
10999.0 2055.0 15.0
11013.0 2117.0 15.0
11025.0 2133.0 15.0
11057.0 2159.0 15.0
11057.0 2058.0 15.0
11089.0 2029.0 15.0
11093.0 2101.0 15.0
11095.0 2103.0 15.0
11131.0 2104.0 15.0
11137.0 2077.0 15.0
11143.0 2201.0 15.0
11231.0 2073.0 15.0
11323.0 2089.0 15.0
11383.0 2208.0 15.0
11465.0 2174.0 15.0
11589.0 2059.0 15.0
11681.0 2149.0 15.0
11699.0 2030.0 15.0
11757.0 2133.0 15.0
11861.0 2239.0 15.0
11917.0 2110.0 15.0
12029.0 2198.0 15.0
12121.0 2212.0 15.0
12131.0 2090.0 15.0
12273.0 2102.0 15.0
12355.0 2114.0 15.0
12669.0 2179.0 15.0
12743.0 2083.0 15.0
12747.0 2124.0 15.0
13331.0 2178.0 15.0
13365.0 2239.0 15.0
13709.0 2160.0 15.0
