rev1.1
888083.0 167583.0 15.0
917329.0 167262.0 15.0
920073.0 167806.0 15.0
926507.0 170364.0 15.0
927391.0 168642.0 15.0
929417.0 170420.0 15.0
931079.0 170347.0 15.0
934563.0 169285.0 15.0
939281.0 169313.0 15.0
939809.0 169903.0 15.0
945055.0 171474.0 15.0
946549.0 169388.0 15.0
948119.0 169289.0 15.0
950763.0 169609.0 15.0
953751.0 169256.0 15.0
955727.0 169174.0 15.0
958773.0 170459.0 15.0
959543.0 170006.0 15.0
962365.0 169419.0 15.0
965635.0 171329.0 15.0
967041.0 171184.0 15.0
967341.0 170595.0 15.0
969075.0 170016.0 15.0
969733.0 171144.0 15.0
970801.0 169425.0 15.0
971741.0 170717.0 15.0
973813.0 169988.0 15.0
975869.0 172418.0 15.0
977497.0 171011.0 15.0
977761.0 170259.0 15.0
977785.0 170138.0 15.0
978185.0 171076.0 15.0
979617.0 170635.0 15.0
983311.0 171006.0 15.0
983985.0 171457.0 15.0
986407.0 171593.0 15.0
988369.0 171312.0 15.0
988535.0 172101.0 15.0
989083.0 169100.0 15.0
992509.0 171447.0 15.0
995869.0 170363.0 15.0
996249.0 172346.0 15.0
996403.0 171507.0 15.0
998675.0 171054.0 15.0
1000211.0 172618.0 15.0
1000279.0 172068.0 15.0
1003433.0 171952.0 15.0
1005213.0 171974.0 15.0
1005595.0 171880.0 15.0
1006479.0 171679.0 15.0
1009511.0 172887.0 15.0
1009939.0 171941.0 15.0
1010313.0 170944.0 15.0
1011009.0 172179.0 15.0
1011127.0 173081.0 15.0
1012947.0 172627.0 15.0
1012949.0 172384.0 15.0
1015379.0 172935.0 15.0
1016519.0 172399.0 15.0
1020177.0 173184.0 15.0
1021285.0 172000.0 15.0
1023439.0 173763.0 15.0
1023785.0 172274.0 15.0
1026525.0 173812.0 15.0
1033333.0 172631.0 15.0
1035551.0 172683.0 15.0
1035793.0 172179.0 15.0
1038785.0 172286.0 15.0
1040111.0 172963.0 15.0
1042063.0 172851.0 15.0
1042785.0 174460.0 15.0
1043603.0 174425.0 15.0
1044675.0 173412.0 15.0
1045705.0 173289.0 15.0
1049337.0 172901.0 15.0
1052077.0 173648.0 15.0
1053603.0 173454.0 15.0
1055207.0 172892.0 15.0
1055681.0 173334.0 15.0
1056129.0 173987.0 15.0
1056829.0 173877.0 15.0
1058599.0 173315.0 15.0
1061149.0 174517.0 15.0
1065221.0 173721.0 15.0
1065773.0 173698.0 15.0
1067247.0 174193.0 15.0
1073737.0 174170.0 15.0
1079227.0 174168.0 15.0
1098085.0 174923.0 15.0
1098445.0 175585.0 15.0
1099393.0 175905.0 15.0
1102333.0 175505.0 15.0
1104443.0 174608.0 15.0
1109489.0 175439.0 15.0
1121695.0 176211.0 15.0
1124955.0 176463.0 15.0
1155933.0 176692.0 15.0
1164079.0 176638.0 15.0
1179409.0 178621.0 15.0
1203147.0 177923.0 15.0
