rev1.1
2721.0 653.0 11.390625000000309
2747.0 697.0 10.29259157236856
2779.0 642.0 9.300406367130224
2817.0 670.0 15.0
2835.0 661.0 15.0
2853.0 675.0 15.0
2975.0 686.0 15.0
2975.0 723.0 10.292591572368645
3001.0 686.0 12.605798741586728
3017.0 664.0 15.0
3021.0 628.0 15.0
3045.0 726.0 13.950609550695173
3077.0 672.0 15.0
3123.0 649.0 15.0
3151.0 738.0 15.0
3179.0 734.0 15.0
3181.0 690.0 13.950609550695034
3183.0 727.0 15.0
3185.0 710.0 13.950609550695331
3189.0 668.0 15.0
3199.0 728.0 10.292591572368606
3207.0 720.0 15.0
3233.0 726.0 15.0
3239.0 715.0 15.0
3239.0 641.0 15.0
3329.0 815.0 12.605798741586945
3347.0 684.0 15.0
3363.0 680.0 15.0
3363.0 617.0 15.0
3397.0 764.0 15.0
3419.0 652.0 15.0
3423.0 728.0 15.0
3427.0 771.0 15.0
3447.0 619.0 15.0
3453.0 708.0 15.0
3457.0 743.0 15.0
3465.0 647.0 15.0
3467.0 664.0 15.0
3469.0 717.0 15.0
3479.0 708.0 15.0
3495.0 714.0 15.0
3519.0 741.0 15.0
3551.0 684.0 15.0
3561.0 712.0 15.0
3563.0 691.0 15.0
3585.0 659.0 15.0
3603.0 671.0 15.0
3607.0 652.0 15.0
3609.0 673.0 15.0
3613.0 779.0 15.0
3679.0 695.0 15.0
3689.0 774.0 15.0
3699.0 697.0 15.0
3709.0 715.0 15.0
3729.0 706.0 15.0
3735.0 670.0 15.0
3747.0 749.0 15.0
3757.0 771.0 15.0
3771.0 739.0 15.0
3779.0 748.0 15.0
3817.0 737.0 15.0
3851.0 743.0 15.0
3867.0 675.0 15.0
3887.0 686.0 15.0
3921.0 696.0 15.0
3931.0 746.0 15.0
3939.0 705.0 15.0
3953.0 712.0 15.0
3967.0 641.0 15.0
3989.0 730.0 15.0
4001.0 691.0 15.0
4025.0 705.0 15.0
4043.0 733.0 15.0
4045.0 693.0 15.0
4045.0 721.0 15.0
4059.0 732.0 15.0
4065.0 745.0 15.0
4067.0 755.0 15.0
4069.0 740.0 15.0
4111.0 706.0 15.0
4117.0 746.0 15.0
4125.0 750.0 15.0
4143.0 764.0 15.0
4161.0 720.0 15.0
4185.0 686.0 15.0
4191.0 798.0 15.0
4239.0 757.0 15.0
4243.0 867.0 15.0
4275.0 775.0 15.0
4481.0 806.0 15.0
4485.0 757.0 15.0
4521.0 684.0 15.0
4583.0 799.0 15.0
4589.0 826.0 15.0
4601.0 790.0 15.0
4779.0 846.0 15.0
4811.0 720.0 15.0
4923.0 802.0 15.0
4927.0 756.0 15.0
5935.0 829.0 15.0
