rev1.1
23833.0 4991.0 15.0
24349.0 5131.0 15.0
24359.0 5083.0 15.0
24659.0 5144.0 15.0
25145.0 5335.0 15.0
25183.0 5131.0 15.0
25875.0 5559.0 15.0
25997.0 5171.0 15.0
26105.0 5311.0 15.0
26155.0 5030.0 15.0
26197.0 5270.0 15.0
26219.0 5425.0 15.0
26249.0 5382.0 15.0
26321.0 5223.0 15.0
26413.0 5354.0 15.0
26623.0 5438.0 15.0
26697.0 5527.0 15.0
26759.0 5276.0 15.0
26829.0 5250.0 15.0
26895.0 5177.0 15.0
26897.0 5289.0 15.0
26921.0 5377.0 15.0
26963.0 5337.0 15.0
27025.0 5254.0 15.0
27073.0 5486.0 15.0
27093.0 5306.0 15.0
27337.0 5359.0 15.0
27343.0 5627.0 15.0
27389.0 5319.0 15.0
27407.0 5464.0 15.0
27547.0 5213.0 15.0
27627.0 5539.0 15.0
27687.0 5243.0 15.0
27779.0 5423.0 15.0
27797.0 5292.0 15.0
27799.0 5457.0 15.0
27899.0 5367.0 15.0
27909.0 5484.0 15.0
27955.0 5319.0 15.0
27961.0 5363.0 15.0
27961.0 5303.0 15.0
27963.0 5679.0 15.0
27975.0 5305.0 15.0
28057.0 5457.0 15.0
28113.0 5309.0 15.0
28183.0 5445.0 15.0
28395.0 5385.0 15.0
28427.0 5536.0 15.0
28569.0 5388.0 15.0
28589.0 5394.0 15.0
28649.0 5491.0 15.0
28665.0 5215.0 15.0
28707.0 5499.0 15.0
28719.0 5270.0 15.0
28757.0 5406.0 15.0
28881.0 5362.0 15.0
28943.0 5701.0 15.0
29003.0 5528.0 15.0
29099.0 5398.0 15.0
29209.0 5459.0 15.0
29229.0 5312.0 15.0
29315.0 5201.0 15.0
29345.0 5341.0 15.0
29407.0 5469.0 15.0
29495.0 5587.0 15.0
29641.0 5383.0 15.0
29691.0 5406.0 15.0
29831.0 5433.0 15.0
29919.0 5389.0 15.0
30203.0 5539.0 15.0
30385.0 5257.0 15.0
30395.0 5388.0 15.0
30471.0 5456.0 15.0
30477.0 5515.0 15.0
30507.0 5150.0 15.0
30609.0 5480.0 15.0
30723.0 5625.0 15.0
30725.0 5627.0 15.0
30815.0 5545.0 15.0
31139.0 5524.0 15.0
31219.0 5682.0 15.0
31247.0 5454.0 15.0
31253.0 5474.0 15.0
31439.0 5593.0 15.0
31459.0 5618.0 15.0
31481.0 5421.0 15.0
31619.0 5601.0 15.0
31767.0 5614.0 15.0
31795.0 5517.0 15.0
31945.0 5578.0 15.0
32085.0 5652.0 15.0
32299.0 5645.0 15.0
32317.0 5537.0 15.0
32419.0 5637.0 15.0
33237.0 5466.0 15.0
34037.0 5576.0 15.0
35209.0 5778.0 15.0
38219.0 5894.0 15.0
38593.0 5817.0 15.0
38739.0 5607.0 15.0
