rev1.1
105587.0 20833.0 15.0
105809.0 20819.0 15.0
106179.0 20835.0 15.0
109047.0 20716.0 15.0
109067.0 20771.0 15.0
109733.0 21184.0 15.0
109823.0 21480.0 15.0
109947.0 21145.0 15.0
110009.0 20822.0 15.0
110125.0 21217.0 15.0
110885.0 21349.0 15.0
111195.0 21488.0 15.0
111421.0 20837.0 15.0
111949.0 21578.0 15.0
112595.0 21249.0 15.0
113119.0 21644.0 15.0
113211.0 21430.0 15.0
113607.0 21323.0 15.0
113697.0 21098.0 15.0
113723.0 21752.0 15.0
114201.0 21297.0 15.0
114221.0 21717.0 15.0
114817.0 20949.0 15.0
114829.0 21858.0 15.0
115095.0 21112.0 15.0
115303.0 21300.0 15.0
115319.0 21346.0 15.0
115483.0 21002.0 15.0
115537.0 21509.0 15.0
115749.0 21733.0 15.0
115987.0 21384.0 15.0
116019.0 21661.0 15.0
116273.0 21255.0 15.0
116607.0 21139.0 15.0
116615.0 21138.0 15.0
116675.0 21558.0 15.0
116735.0 21715.0 15.0
116921.0 21407.0 15.0
117337.0 20998.0 15.0
117531.0 21325.0 15.0
117611.0 21190.0 15.0
117769.0 21683.0 15.0
117921.0 21690.0 15.0
118167.0 21570.0 15.0
118689.0 21249.0 15.0
118935.0 21767.0 15.0
118935.0 21547.0 15.0
119497.0 21612.0 15.0
119499.0 21437.0 15.0
119629.0 21712.0 15.0
119651.0 21387.0 15.0
120149.0 21907.0 15.0
120407.0 21743.0 15.0
120481.0 21348.0 15.0
120579.0 21630.0 15.0
121329.0 21619.0 15.0
121785.0 22231.0 15.0
121947.0 21679.0 15.0
122061.0 21872.0 15.0
122375.0 21459.0 15.0
122387.0 21902.0 15.0
123109.0 21552.0 15.0
123131.0 21771.0 15.0
123149.0 21276.0 15.0
123867.0 21567.0 15.0
124177.0 21828.0 15.0
124279.0 21857.0 15.0
124377.0 21663.0 15.0
125791.0 21366.0 15.0
125839.0 21976.0 15.0
126049.0 21903.0 15.0
126777.0 21620.0 15.0
126821.0 21838.0 15.0
127249.0 21842.0 15.0
127543.0 21758.0 15.0
127649.0 21548.0 15.0
128077.0 21909.0 15.0
129213.0 22091.0 15.0
129329.0 22193.0 15.0
129667.0 21544.0 15.0
129751.0 21937.0 15.0
130515.0 21724.0 15.0
130671.0 21975.0 15.0
130959.0 22127.0 15.0
132495.0 22135.0 15.0
133515.0 21883.0 15.0
133735.0 21941.0 15.0
134355.0 21655.0 15.0
134877.0 22058.0 15.0
135329.0 22233.0 15.0
135587.0 22619.0 15.0
136371.0 22294.0 15.0
137337.0 22373.0 15.0
137767.0 22500.0 15.0
138369.0 22126.0 15.0
139359.0 22246.0 15.0
141573.0 22851.0 15.0
142199.0 22532.0 15.0
142325.0 22377.0 15.0
149865.0 22420.0 15.0
