rev1.1
5677.0 1257.0 15.0
5683.0 1263.0 12.605798741586813
5889.0 1339.0 15.0
5925.0 1287.0 15.0
5997.0 1328.0 15.0
6047.0 1153.0 15.0
6093.0 1342.0 15.0
6105.0 1314.0 15.0
6117.0 1267.0 15.0
6135.0 1362.0 15.0
6141.0 1291.0 15.0
6149.0 1427.0 15.0
6157.0 1339.0 15.0
6207.0 1310.0 15.0
6209.0 1293.0 15.0
6219.0 1284.0 15.0
6233.0 1278.0 15.0
6293.0 1371.0 15.0
6317.0 1434.0 15.0
6327.0 1400.0 15.0
6341.0 1265.0 15.0
6367.0 1372.0 15.0
6385.0 1343.0 15.0
6401.0 1366.0 15.0
6419.0 1422.0 15.0
6435.0 1429.0 15.0
6461.0 1323.0 15.0
6481.0 1423.0 15.0
6571.0 1372.0 15.0
6597.0 1341.0 15.0
6603.0 1415.0 15.0
6607.0 1421.0 15.0
6655.0 1361.0 15.0
6677.0 1293.0 15.0
6707.0 1238.0 15.0
6735.0 1340.0 15.0
6743.0 1347.0 15.0
6767.0 1374.0 15.0
6773.0 1359.0 15.0
6785.0 1282.0 15.0
6787.0 1313.0 15.0
6787.0 1393.0 15.0
6799.0 1233.0 15.0
6799.0 1407.0 15.0
6829.0 1360.0 15.0
6829.0 1395.0 15.0
6841.0 1274.0 15.0
6855.0 1449.0 15.0
6875.0 1421.0 15.0
6891.0 1427.0 15.0
6891.0 1459.0 15.0
6903.0 1407.0 15.0
6905.0 1335.0 15.0
7013.0 1378.0 15.0
7023.0 1319.0 15.0
7067.0 1434.0 15.0
7069.0 1405.0 15.0
7079.0 1337.0 15.0
7083.0 1416.0 15.0
7087.0 1521.0 15.0
7127.0 1405.0 15.0
7157.0 1372.0 15.0
7161.0 1426.0 15.0
7173.0 1391.0 15.0
7181.0 1325.0 15.0
7201.0 1319.0 15.0
7267.0 1338.0 15.0
7267.0 1337.0 15.0
7313.0 1370.0 15.0
7323.0 1392.0 15.0
7347.0 1385.0 15.0
7349.0 1375.0 15.0
7349.0 1339.0 15.0
7405.0 1332.0 15.0
7431.0 1423.0 15.0
7513.0 1424.0 15.0
7581.0 1424.0 15.0
7597.0 1387.0 15.0
7637.0 1347.0 15.0
7639.0 1332.0 15.0
7737.0 1451.0 15.0
7743.0 1433.0 15.0
7747.0 1416.0 15.0
7777.0 1436.0 15.0
7849.0 1507.0 15.0
7913.0 1324.0 15.0
7931.0 1460.0 15.0
8023.0 1622.0 15.0
8157.0 1446.0 15.0
8173.0 1386.0 15.0
8193.0 1478.0 15.0
8457.0 1410.0 15.0
8473.0 1417.0 15.0
8663.0 1443.0 15.0
9019.0 1416.0 15.0
9249.0 1486.0 15.0
9265.0 1401.0 15.0
9289.0 1487.0 15.0
9687.0 1452.0 15.0
9689.0 1514.0 15.0
