rev1.1
213545.0 42003.0 15.0
217119.0 42320.0 15.0
217331.0 41900.0 15.0
218241.0 41981.0 15.0
219399.0 42203.0 15.0
221907.0 42069.0 15.0
222947.0 42532.0 15.0
223095.0 42056.0 15.0
224573.0 42373.0 15.0
224593.0 41883.0 15.0
224921.0 42166.0 15.0
225641.0 42664.0 15.0
226025.0 42217.0 15.0
226203.0 42470.0 15.0
226681.0 42017.0 15.0
227797.0 42135.0 15.0
228299.0 42373.0 15.0
228597.0 42323.0 15.0
229353.0 42798.0 15.0
229633.0 41924.0 15.0
229847.0 42662.0 15.0
230479.0 42742.0 15.0
230667.0 42463.0 15.0
230971.0 42253.0 15.0
231019.0 42814.0 15.0
231061.0 42616.0 15.0
231503.0 42564.0 15.0
231585.0 42718.0 15.0
231659.0 42702.0 15.0
232089.0 42915.0 15.0
232847.0 42545.0 15.0
233273.0 43403.0 15.0
233987.0 42583.0 15.0
234097.0 42417.0 15.0
234373.0 42582.0 15.0
234383.0 42993.0 15.0
234513.0 43427.0 15.0
234875.0 42795.0 15.0
236421.0 42554.0 15.0
236603.0 42738.0 15.0
236727.0 42360.0 15.0
237445.0 41910.0 15.0
237577.0 42738.0 15.0
238461.0 42948.0 15.0
238635.0 43328.0 15.0
239243.0 42840.0 15.0
239415.0 42948.0 15.0
239477.0 43074.0 15.0
240011.0 42990.0 15.0
240361.0 43173.0 15.0
240657.0 43653.0 15.0
241655.0 43180.0 15.0
242497.0 42451.0 15.0
242597.0 43283.0 15.0
242693.0 43084.0 15.0
242731.0 43146.0 15.0
243983.0 43193.0 15.0
244145.0 43414.0 15.0
244813.0 43434.0 15.0
245657.0 42980.0 15.0
245973.0 43021.0 15.0
246075.0 43358.0 15.0
246097.0 42872.0 15.0
246447.0 43009.0 15.0
248635.0 43111.0 15.0
249187.0 43402.0 15.0
250631.0 43829.0 15.0
251313.0 43254.0 15.0
253013.0 42998.0 15.0
253029.0 43511.0 15.0
253379.0 43625.0 15.0
253757.0 43598.0 15.0
254293.0 43285.0 15.0
255843.0 44133.0 15.0
256257.0 43189.0 15.0
256293.0 43715.0 15.0
259827.0 43125.0 15.0
259849.0 43412.0 15.0
260135.0 43353.0 15.0
260361.0 43644.0 15.0
260669.0 43386.0 15.0
261585.0 43567.0 15.0
262089.0 43821.0 15.0
262711.0 43683.0 15.0
264577.0 43730.0 15.0
265201.0 43801.0 15.0
265203.0 44076.0 15.0
266967.0 43781.0 15.0
269263.0 43681.0 15.0
270077.0 44478.0 15.0
270261.0 43951.0 15.0
271289.0 43572.0 15.0
271553.0 44020.0 15.0
272977.0 44489.0 15.0
274219.0 43721.0 15.0
275227.0 44676.0 15.0
278925.0 43648.0 15.0
289519.0 45073.0 15.0
289649.0 43853.0 15.0
297585.0 45253.0 15.0
