rev1.1
11467.0 2482.0 15.0
11839.0 2599.0 15.0
12061.0 2709.0 15.0
12349.0 2645.0 15.0
12421.0 2647.0 15.0
12513.0 2655.0 15.0
12617.0 2738.0 15.0
12639.0 2654.0 15.0
12739.0 2533.0 15.0
12757.0 2853.0 15.0
12819.0 2642.0 15.0
12829.0 2678.0 15.0
12905.0 2714.0 15.0
12915.0 2646.0 15.0
12943.0 2675.0 15.0
13105.0 2801.0 15.0
13187.0 2837.0 15.0
13195.0 2770.0 15.0
13231.0 2652.0 15.0
13281.0 2779.0 15.0
13311.0 2564.0 15.0
13359.0 2714.0 15.0
13365.0 2685.0 15.0
13453.0 2629.0 15.0
13481.0 2635.0 15.0
13491.0 2568.0 15.0
13495.0 2566.0 15.0
13539.0 2662.0 15.0
13539.0 2702.0 15.0
13559.0 2981.0 15.0
13585.0 2613.0 15.0
13599.0 2702.0 15.0
13617.0 2724.0 15.0
13667.0 2751.0 15.0
13669.0 2630.0 15.0
13817.0 2888.0 15.0
13827.0 2787.0 15.0
13837.0 2674.0 15.0
13861.0 2815.0 15.0
13871.0 2619.0 15.0
13877.0 2645.0 15.0
13931.0 2630.0 15.0
13935.0 2485.0 15.0
14015.0 2656.0 15.0
14091.0 2792.0 15.0
14115.0 2931.0 15.0
14135.0 2649.0 15.0
14189.0 2783.0 15.0
14219.0 2767.0 15.0
14255.0 2783.0 15.0
14301.0 2624.0 15.0
14309.0 2766.0 15.0
14427.0 2885.0 15.0
14453.0 2911.0 15.0
14459.0 2805.0 15.0
14483.0 2606.0 15.0
14537.0 2697.0 15.0
14609.0 2775.0 15.0
14695.0 2855.0 15.0
14709.0 2684.0 15.0
14739.0 2768.0 15.0
14773.0 2939.0 15.0
14801.0 2770.0 15.0
14821.0 2691.0 15.0
14861.0 2828.0 15.0
14891.0 2665.0 15.0
14917.0 2871.0 15.0
14973.0 2649.0 15.0
14977.0 2641.0 15.0
15003.0 2843.0 15.0
15025.0 2758.0 15.0
15079.0 2810.0 15.0
15103.0 2807.0 15.0
15151.0 2823.0 15.0
15299.0 2972.0 15.0
15313.0 2807.0 15.0
15345.0 2687.0 15.0
15351.0 2637.0 15.0
15381.0 2730.0 15.0
15479.0 2908.0 15.0
15571.0 2768.0 15.0
15775.0 2722.0 15.0
15959.0 2841.0 15.0
16029.0 2818.0 15.0
16063.0 2891.0 15.0
16075.0 2875.0 15.0
16285.0 2939.0 15.0
16409.0 2738.0 15.0
16443.0 2742.0 15.0
16779.0 2637.0 15.0
16801.0 2776.0 15.0
16845.0 2754.0 15.0
17149.0 2744.0 15.0
17251.0 2749.0 15.0
17549.0 2902.0 15.0
17689.0 2800.0 15.0
17729.0 2963.0 15.0
18231.0 2968.0 15.0
19971.0 3056.0 15.0
20037.0 2878.0 15.0
