rev1.1
1127.0 322.0 6.200270911419982
1175.0 326.0 5.602577218482982
1293.0 314.0 8.403865827724404
1307.0 322.0 6.8617277149123055
1355.0 340.0 9.300406367130032
1357.0 317.0 10.29259157236852
1357.0 339.0 9.30040636712994
1361.0 314.0 10.292591572368524
1381.0 308.0 10.292591572368607
1395.0 375.0 11.390625000000147
1403.0 360.0 8.403865827724454
1405.0 354.0 12.60579874158668
1409.0 339.0 11.390625000000162
1419.0 353.0 11.39062500000016
1421.0 339.0 8.403865827724413
1433.0 312.0 11.390625000000172
1461.0 347.0 11.390625000000211
1463.0 334.0 15.0
1471.0 352.0 11.390625000000151
1489.0 363.0 13.950609550695027
1493.0 296.0 15.0
1497.0 347.0 9.300406367130012
1507.0 305.0 13.950609550695107
1511.0 293.0 9.30040636713001
1511.0 317.0 12.605798741586668
1513.0 343.0 10.292591572368513
1531.0 334.0 15.0
1535.0 296.0 9.300406367130044
1545.0 356.0 12.605798741586712
1545.0 368.0 11.390625000000195
1549.0 364.0 10.292591572368526
1555.0 308.0 15.0
1573.0 310.0 15.0
1599.0 362.0 8.40386582772441
1601.0 329.0 15.0
1611.0 386.0 8.403865827724374
1613.0 370.0 15.0
1625.0 324.0 15.0
1661.0 399.0 8.403865827724525
1669.0 350.0 15.0
1669.0 369.0 15.0
1683.0 395.0 13.950609550695072
1687.0 367.0 12.60579874158661
1707.0 355.0 15.0
1717.0 331.0 11.390625000000137
1733.0 424.0 11.390625000000142
1739.0 376.0 15.0
1743.0 398.0 11.39062500000019
1771.0 377.0 10.292591572368604
1779.0 379.0 10.292591572368623
1797.0 339.0 15.0
1797.0 367.0 15.0
1801.0 426.0 10.292591572368634
1815.0 349.0 15.0
1827.0 355.0 15.0
1839.0 356.0 15.0
1843.0 368.0 10.292591572368536
1859.0 376.0 15.0
1869.0 312.0 15.0
1875.0 389.0 15.0
1889.0 369.0 15.0
1893.0 324.0 15.0
1895.0 463.0 7.593750000000022
1907.0 373.0 15.0
1915.0 352.0 15.0
1925.0 388.0 11.39062500000013
1931.0 330.0 15.0
1931.0 328.0 15.0
1933.0 396.0 15.0
1935.0 338.0 10.292591572368597
1937.0 395.0 11.390625000000341
1939.0 364.0 15.0
1949.0 359.0 10.292591572368623
1957.0 393.0 15.0
1961.0 366.0 15.0
1965.0 366.0 15.0
1967.0 427.0 15.0
1983.0 354.0 15.0
2031.0 400.0 15.0
2041.0 398.0 15.0
2045.0 388.0 15.0
2045.0 407.0 15.0
2057.0 434.0 13.950609550695184
2077.0 352.0 15.0
2089.0 354.0 15.0
2109.0 386.0 15.0
2127.0 298.0 15.0
2135.0 367.0 15.0
2145.0 377.0 15.0
2171.0 447.0 15.0
2211.0 407.0 15.0
2261.0 416.0 15.0
2287.0 396.0 15.0
2295.0 399.0 15.0
2379.0 433.0 15.0
2429.0 384.0 15.0
2509.0 386.0 15.0
2531.0 393.0 15.0
2571.0 364.0 15.0
2773.0 428.0 15.0
