rev1.1
437287.0 83457.0 15.0
445273.0 84452.0 15.0
449903.0 84255.0 15.0
451427.0 84034.0 15.0
455701.0 84594.0 15.0
455725.0 84774.0 15.0
459395.0 85168.0 15.0
460305.0 85202.0 15.0
461487.0 84487.0 15.0
461947.0 85850.0 15.0
462469.0 84501.0 15.0
464431.0 85325.0 15.0
469937.0 84990.0 15.0
470083.0 85392.0 15.0
471489.0 84397.0 15.0
472211.0 85755.0 15.0
472739.0 84886.0 15.0
473427.0 84781.0 15.0
474143.0 85351.0 15.0
474213.0 85320.0 15.0
475265.0 85028.0 15.0
476585.0 85141.0 15.0
477291.0 85241.0 15.0
478259.0 85940.0 15.0
478533.0 85460.0 15.0
478973.0 85864.0 15.0
479165.0 86225.0 15.0
479445.0 85604.0 15.0
479633.0 85416.0 15.0
481505.0 85641.0 15.0
481745.0 85245.0 15.0
482831.0 85537.0 15.0
482925.0 85633.0 15.0
483727.0 85606.0 15.0
483965.0 86218.0 15.0
488367.0 85960.0 15.0
488465.0 85779.0 15.0
488891.0 85184.0 15.0
489469.0 85338.0 15.0
490123.0 85976.0 15.0
492019.0 85548.0 15.0
492031.0 85594.0 15.0
492227.0 85779.0 15.0
493011.0 86041.0 15.0
493239.0 85607.0 15.0
493273.0 86611.0 15.0
493697.0 85889.0 15.0
494025.0 86788.0 15.0
494949.0 85792.0 15.0
499601.0 86368.0 15.0
499781.0 86135.0 15.0
501579.0 86705.0 15.0
501859.0 86444.0 15.0
502575.0 85755.0 15.0
502675.0 86910.0 15.0
502947.0 86480.0 15.0
503087.0 87021.0 15.0
503539.0 85769.0 15.0
504495.0 86040.0 15.0
504999.0 86481.0 15.0
505641.0 86313.0 15.0
506815.0 85806.0 15.0
507161.0 85898.0 15.0
507653.0 86219.0 15.0
507695.0 85843.0 15.0
508089.0 86660.0 15.0
510037.0 86562.0 15.0
510259.0 85950.0 15.0
511497.0 86269.0 15.0
511689.0 87158.0 15.0
512003.0 86109.0 15.0
513523.0 86586.0 15.0
515273.0 86296.0 15.0
517945.0 86315.0 15.0
518077.0 86353.0 15.0
520621.0 86620.0 15.0
522209.0 86068.0 15.0
523431.0 87395.0 15.0
524601.0 85901.0 15.0
525531.0 86967.0 15.0
525715.0 87434.0 15.0
526559.0 86903.0 15.0
527963.0 86938.0 15.0
529655.0 86246.0 15.0
537339.0 87430.0 15.0
538511.0 87188.0 15.0
541115.0 86826.0 15.0
542963.0 87312.0 15.0
545163.0 87753.0 15.0
545395.0 87556.0 15.0
546627.0 87947.0 15.0
551533.0 87051.0 15.0
555337.0 88065.0 15.0
558949.0 88816.0 15.0
562913.0 88539.0 15.0
567313.0 88147.0 15.0
577025.0 89104.0 15.0
591271.0 87609.0 15.0
595753.0 89454.0 15.0
610783.0 90119.0 15.0
