rev1.1
50271.0 10524.0 15.0
50365.0 10464.0 15.0
51983.0 10572.0 15.0
52083.0 10545.0 15.0
52609.0 10674.0 15.0
52727.0 10606.0 15.0
52867.0 10485.0 15.0
52897.0 10394.0 15.0
52935.0 10790.0 15.0
53259.0 10572.0 15.0
53327.0 10374.0 15.0
53365.0 10506.0 15.0
53685.0 11013.0 15.0
54181.0 10949.0 15.0
54355.0 10429.0 15.0
54445.0 10636.0 15.0
54483.0 10728.0 15.0
54595.0 10462.0 15.0
54745.0 10357.0 15.0
54769.0 11061.0 15.0
55115.0 10759.0 15.0
55381.0 10781.0 15.0
55595.0 10867.0 15.0
55785.0 10827.0 15.0
55837.0 10838.0 15.0
56119.0 10697.0 15.0
56179.0 10410.0 15.0
56365.0 10417.0 15.0
56447.0 10615.0 15.0
56537.0 10720.0 15.0
56713.0 10728.0 15.0
56727.0 10680.0 15.0
57269.0 10589.0 15.0
57713.0 10327.0 15.0
57895.0 10997.0 15.0
57941.0 10698.0 15.0
58025.0 11143.0 15.0
58175.0 10573.0 15.0
58205.0 10449.0 15.0
58313.0 10907.0 15.0
58383.0 10822.0 15.0
58383.0 10761.0 15.0
58403.0 10892.0 15.0
58643.0 10651.0 15.0
58671.0 10879.0 15.0
58909.0 11008.0 15.0
58911.0 11066.0 15.0
58969.0 11030.0 15.0
59173.0 10701.0 15.0
59179.0 10767.0 15.0
59221.0 10632.0 15.0
59399.0 10716.0 15.0
59435.0 10786.0 15.0
59553.0 10853.0 15.0
59561.0 10802.0 15.0
59587.0 10796.0 15.0
59737.0 10623.0 15.0
59831.0 10842.0 15.0
59903.0 10732.0 15.0
60047.0 10525.0 15.0
60141.0 10954.0 15.0
60175.0 10925.0 15.0
60233.0 11058.0 15.0
60317.0 10621.0 15.0
60381.0 10913.0 15.0
60579.0 10831.0 15.0
60621.0 11110.0 15.0
60653.0 11008.0 15.0
60663.0 11041.0 15.0
60861.0 10948.0 15.0
60891.0 10920.0 15.0
61135.0 10768.0 15.0
61255.0 10647.0 15.0
61321.0 10743.0 15.0
61399.0 11229.0 15.0
61477.0 10788.0 15.0
61563.0 11059.0 15.0
61961.0 10813.0 15.0
62031.0 11025.0 15.0
62109.0 11054.0 15.0
62341.0 10814.0 15.0
63259.0 11080.0 15.0
63641.0 11422.0 15.0
63751.0 11281.0 15.0
63755.0 11267.0 15.0
64353.0 10911.0 15.0
64455.0 10931.0 15.0
64701.0 11529.0 15.0
64735.0 11169.0 15.0
65483.0 11100.0 15.0
65959.0 11074.0 15.0
67295.0 11221.0 15.0
67519.0 11586.0 15.0
68151.0 11022.0 15.0
68869.0 11494.0 15.0
69133.0 11271.0 15.0
69591.0 11097.0 15.0
70199.0 11265.0 15.0
71037.0 11351.0 15.0
75107.0 11298.0 15.0
