rev1.1
357949.0 66179.0 16.0
362789.0 66208.0 16.0
365585.0 66488.0 16.0
365637.0 66634.0 16.0
365855.0 67226.0 16.0
366687.0 66362.0 16.0
370817.0 66491.0 16.0
371101.0 66236.0 16.0
371779.0 66948.0 16.0
371999.0 66814.0 16.0
372029.0 67186.0 16.0
374123.0 66694.0 16.0
374569.0 66946.0 16.0
375369.0 67069.0 16.0
376303.0 67056.0 16.0
376567.0 66883.0 16.0
377061.0 67056.0 16.0
378097.0 66783.0 16.0
378809.0 66586.0 16.0
379353.0 67268.0 16.0
379509.0 67199.0 16.0
379631.0 67362.0 16.0
380023.0 66585.0 16.0
380767.0 67529.0 16.0
381055.0 66619.0 16.0
381161.0 66629.0 16.0
381379.0 66993.0 16.0
381945.0 67287.0 16.0
382275.0 66364.0 16.0
383311.0 67082.0 16.0
383387.0 66980.0 16.0
383623.0 66710.0 16.0
383979.0 67534.0 16.0
384301.0 67361.0 16.0
384453.0 67767.0 16.0
384539.0 67521.0 16.0
384591.0 66631.0 16.0
384723.0 67036.0 16.0
384897.0 67601.0 16.0
384991.0 67476.0 16.0
385007.0 67483.0 16.0
385255.0 67288.0 16.0
385411.0 66658.0 16.0
386803.0 67397.0 16.0
386837.0 67436.0 16.0
386971.0 67313.0 16.0
387167.0 66964.0 16.0
387611.0 66544.0 16.0
387957.0 67569.0 16.0
388013.0 67793.0 16.0
388367.0 67582.0 16.0
388405.0 66791.0 16.0
388513.0 66691.0 16.0
388579.0 67303.0 16.0
388921.0 67007.0 16.0
389313.0 67079.0 16.0
389677.0 67521.0 16.0
389797.0 67779.0 16.0
389801.0 67453.0 16.0
390267.0 67073.0 16.0
391473.0 66896.0 16.0
391475.0 67573.0 16.0
392003.0 67192.0 16.0
392337.0 67957.0 16.0
393053.0 67513.0 16.0
394077.0 67526.0 16.0
394673.0 67741.0 16.0
394869.0 67519.0 16.0
396023.0 68062.0 16.0
396255.0 67405.0 16.0
396361.0 67269.0 16.0
397025.0 67803.0 16.0
397771.0 67606.0 16.0
398211.0 67583.0 16.0
398415.0 67957.0 16.0
398811.0 67458.0 16.0
399087.0 67748.0 16.0
399145.0 67100.0 16.0
400013.0 67641.0 16.0
401039.0 68090.0 16.0
402239.0 68259.0 16.0
402497.0 67553.0 16.0
403657.0 67705.0 16.0
405351.0 67890.0 16.0
405551.0 67535.0 16.0
405843.0 67684.0 16.0
406749.0 67531.0 16.0
406805.0 67485.0 16.0
407523.0 68199.0 16.0
408447.0 68092.0 16.0
408699.0 67978.0 16.0
408871.0 68134.0 16.0
409015.0 67762.0 16.0
409277.0 67674.0 16.0
415185.0 68165.0 16.0
415775.0 68088.0 16.0
419309.0 68206.0 16.0
419483.0 67881.0 16.0
425179.0 68402.0 16.0
436863.0 68681.0 16.0
