rev1.1
801.0 230.0 6.200270911419964
895.0 246.0 7.593750000000071
931.0 252.0 10.292591572368478
953.0 263.0 9.300406367129986
961.0 276.0 9.300406367129995
981.0 241.0 13.950609550694944
983.0 256.0 8.403865827724434
985.0 256.0 7.593750000000122
991.0 244.0 13.950609550694937
997.0 262.0 6.8617277149123606
999.0 244.0 11.390625000000114
1003.0 256.0 8.403865827724426
1009.0 290.0 5.602577218482935
1023.0 238.0 9.30040636712999
1025.0 295.0 8.403865827724454
1029.0 263.0 6.861727714912355
1033.0 293.0 6.200270911420047
1037.0 264.0 8.40386582772441
1043.0 259.0 6.861727714912321
1043.0 250.0 8.403865827724445
1075.0 279.0 13.950609550694944
1075.0 272.0 11.39062500000006
1081.0 242.0 9.300406367129947
1085.0 237.0 11.390625000000155
1093.0 269.0 8.403865827724397
1095.0 263.0 12.605798741586662
1099.0 265.0 12.60579874158664
1113.0 256.0 8.403865827724388
1117.0 254.0 11.390625000000133
1119.0 251.0 9.30040636712999
1127.0 258.0 9.300406367130007
1139.0 265.0 12.605798741586591
1141.0 226.0 7.593750000000122
1151.0 243.0 12.60579874158664
1157.0 253.0 8.403865827724411
1159.0 269.0 8.403865827724404
1161.0 248.0 16.0
1171.0 299.0 9.300406367130073
1173.0 282.0 9.300406367130003
1175.0 266.0 11.39062500000012
1177.0 275.0 9.300406367130032
1181.0 276.0 12.605798741586584
1187.0 261.0 11.390625000000155
1203.0 268.0 15.438887358552757
1223.0 267.0 11.390625000000101
1225.0 243.0 15.438887358552831
1227.0 263.0 12.605798741586682
1227.0 280.0 10.2925915723685
1227.0 289.0 11.390625000000176
1235.0 262.0 12.60579874158664
1239.0 265.0 9.300406367130002
1245.0 304.0 10.292591572368455
1247.0 279.0 7.593750000000083
1253.0 302.0 15.43888735855277
1257.0 273.0 12.60579874158662
1257.0 283.0 11.390625000000153
1259.0 282.0 12.605798741586614
1263.0 297.0 12.605798741586637
1265.0 259.0 13.950609550695026
1269.0 246.0 11.39062500000016
1271.0 299.0 10.292591572368483
1273.0 294.0 9.300406367130044
1279.0 287.0 10.292591572368597
1287.0 303.0 16.0
1295.0 303.0 10.292591572368508
1303.0 291.0 11.390625000000167
1305.0 301.0 11.390625000000217
1305.0 274.0 11.390625000000153
1311.0 282.0 12.60579874158661
1315.0 321.0 13.95060955069497
1329.0 244.0 15.438887358552803
1335.0 258.0 15.438887358552757
1339.0 287.0 10.292591572368496
1347.0 323.0 16.0
1363.0 254.0 16.0
1369.0 260.0 16.0
1371.0 288.0 13.95060955069497
1383.0 302.0 11.390625000000165
1407.0 276.0 11.390625000000165
1421.0 298.0 16.0
1423.0 292.0 16.0
1443.0 250.0 16.0
1451.0 291.0 16.0
1491.0 279.0 16.0
1497.0 293.0 12.6057987415867
1503.0 302.0 13.950609550695072
1511.0 280.0 16.0
1521.0 274.0 16.0
1521.0 276.0 16.0
1531.0 282.0 16.0
1555.0 302.0 16.0
1603.0 257.0 16.0
1647.0 288.0 16.0
1649.0 282.0 16.0
1665.0 275.0 16.0
1673.0 287.0 16.0
1713.0 285.0 16.0
1755.0 307.0 16.0
1767.0 329.0 16.0
1871.0 293.0 16.0
