rev1.1
747283.0 133831.0 16.0
752203.0 133797.0 16.0
753145.0 133642.0 16.0
758133.0 133687.0 16.0
758817.0 133956.0 16.0
759247.0 133496.0 16.0
761061.0 133999.0 16.0
761627.0 133829.0 16.0
764017.0 134781.0 16.0
764577.0 134612.0 16.0
765031.0 134038.0 16.0
766287.0 133613.0 16.0
767243.0 133787.0 16.0
767987.0 134298.0 16.0
768309.0 134050.0 16.0
770959.0 134791.0 16.0
771357.0 134133.0 16.0
771451.0 133811.0 16.0
771755.0 134311.0 16.0
771855.0 134587.0 16.0
775295.0 134374.0 16.0
775717.0 134462.0 16.0
776837.0 134677.0 16.0
776931.0 135309.0 16.0
777139.0 134504.0 16.0
778065.0 134250.0 16.0
778693.0 134940.0 16.0
778993.0 134352.0 16.0
779691.0 134239.0 16.0
781457.0 134494.0 16.0
782145.0 134721.0 16.0
782741.0 134770.0 16.0
783227.0 134154.0 16.0
784335.0 134457.0 16.0
784495.0 134516.0 16.0
784961.0 134783.0 16.0
785297.0 134274.0 16.0
785409.0 134852.0 16.0
786603.0 135045.0 16.0
787625.0 136158.0 16.0
789817.0 134631.0 16.0
790259.0 135419.0 16.0
791871.0 134452.0 16.0
792753.0 135660.0 16.0
792777.0 135343.0 16.0
793535.0 135838.0 16.0
793585.0 134381.0 16.0
793613.0 134043.0 16.0
793979.0 135936.0 16.0
794845.0 135163.0 16.0
795321.0 134801.0 16.0
796067.0 134650.0 16.0
796377.0 135237.0 16.0
796389.0 135077.0 16.0
797047.0 134918.0 16.0
797673.0 134743.0 16.0
798007.0 135392.0 16.0
798475.0 135615.0 16.0
798561.0 135249.0 16.0
799765.0 136008.0 16.0
802081.0 134751.0 16.0
803005.0 135325.0 16.0
803121.0 134603.0 16.0
803415.0 135699.0 16.0
803737.0 135331.0 16.0
804991.0 135248.0 16.0
806539.0 135934.0 16.0
806867.0 135869.0 16.0
808645.0 135705.0 16.0
809231.0 135219.0 16.0
809609.0 134830.0 16.0
811757.0 136176.0 16.0
812313.0 135911.0 16.0
813909.0 135588.0 16.0
814293.0 135912.0 16.0
816633.0 135525.0 16.0
816795.0 135781.0 16.0
817627.0 136038.0 16.0
821527.0 136079.0 16.0
822807.0 135701.0 16.0
823191.0 135664.0 16.0
825585.0 136485.0 16.0
826041.0 135850.0 16.0
831325.0 136310.0 16.0
832441.0 135747.0 16.0
836659.0 136647.0 16.0
845145.0 137490.0 16.0
846665.0 136837.0 16.0
847133.0 136857.0 16.0
847485.0 137138.0 16.0
849209.0 136595.0 16.0
854331.0 136726.0 16.0
854477.0 137114.0 16.0
864771.0 137018.0 16.0
868635.0 136340.0 16.0
875177.0 137697.0 16.0
875567.0 137172.0 16.0
895075.0 137811.0 16.0
906277.0 138261.0 16.0
949707.0 139719.0 16.0
