rev1.1
177453.0 32835.0 16.0
177821.0 32769.0 16.0
177873.0 33019.0 16.0
178747.0 33385.0 16.0
179505.0 33052.0 16.0
179727.0 32757.0 16.0
180699.0 33429.0 16.0
180919.0 33280.0 16.0
181467.0 32947.0 16.0
182625.0 33369.0 16.0
182747.0 33372.0 16.0
182877.0 33135.0 16.0
182913.0 33440.0 16.0
182947.0 32967.0 16.0
183207.0 33140.0 16.0
183569.0 33438.0 16.0
183897.0 32905.0 16.0
184071.0 33543.0 16.0
184177.0 33415.0 16.0
184399.0 33627.0 16.0
184415.0 33413.0 16.0
184603.0 33352.0 16.0
184777.0 33450.0 16.0
185021.0 33496.0 16.0
185179.0 33130.0 16.0
185433.0 33467.0 16.0
185457.0 33567.0 16.0
185467.0 33464.0 16.0
185799.0 33773.0 16.0
186191.0 33380.0 16.0
186603.0 33403.0 16.0
186637.0 33343.0 16.0
186659.0 33526.0 16.0
186669.0 34085.0 16.0
187253.0 33500.0 16.0
187421.0 33408.0 16.0
187847.0 33307.0 16.0
188103.0 33320.0 16.0
188155.0 33510.0 16.0
188295.0 33389.0 16.0
188611.0 33239.0 16.0
188635.0 33430.0 16.0
188971.0 33322.0 16.0
189011.0 33523.0 16.0
189131.0 33690.0 16.0
189205.0 33403.0 16.0
189225.0 33931.0 16.0
189565.0 33383.0 16.0
189579.0 33719.0 16.0
189681.0 33968.0 16.0
189825.0 33387.0 16.0
189909.0 33620.0 16.0
190353.0 33444.0 16.0
190365.0 33429.0 16.0
190523.0 33298.0 16.0
190553.0 33362.0 16.0
190921.0 33082.0 16.0
190963.0 33765.0 16.0
191091.0 33934.0 16.0
191099.0 33628.0 16.0
191691.0 33537.0 16.0
191815.0 33606.0 16.0
192605.0 33375.0 16.0
192743.0 33481.0 16.0
192751.0 33936.0 16.0
193539.0 33803.0 16.0
193559.0 33644.0 16.0
193967.0 33956.0 16.0
194091.0 33632.0 16.0
194289.0 33774.0 16.0
194975.0 33688.0 16.0
195163.0 33453.0 16.0
195245.0 33671.0 16.0
195245.0 33914.0 16.0
195337.0 33252.0 16.0
195631.0 33592.0 16.0
196915.0 33620.0 16.0
197015.0 34045.0 16.0
197075.0 33611.0 16.0
197129.0 33591.0 16.0
197359.0 34043.0 16.0
197379.0 34024.0 16.0
197397.0 33964.0 16.0
198011.0 33982.0 16.0
198117.0 33760.0 16.0
199299.0 33834.0 16.0
200313.0 33761.0 16.0
201115.0 33746.0 16.0
201459.0 34084.0 16.0
201475.0 33938.0 16.0
202187.0 34172.0 16.0
203509.0 33600.0 16.0
203833.0 34005.0 16.0
205229.0 34161.0 16.0
206333.0 33981.0 16.0
206423.0 34036.0 16.0
207049.0 33796.0 16.0
209377.0 34167.0 16.0
216527.0 34432.0 16.0
229363.0 35016.0 16.0
