rev1.1
9263.0 2017.0 16.0
9363.0 2042.0 16.0
9385.0 2100.0 16.0
9519.0 1979.0 16.0
9519.0 1954.0 16.0
9575.0 2067.0 16.0
9819.0 2021.0 16.0
9903.0 2064.0 16.0
9903.0 2050.0 16.0
10065.0 2031.0 16.0
10071.0 2121.0 16.0
10105.0 1942.0 16.0
10125.0 2161.0 16.0
10141.0 2035.0 16.0
10165.0 2000.0 16.0
10173.0 2001.0 16.0
10185.0 2040.0 16.0
10191.0 2097.0 16.0
10201.0 2127.0 16.0
10253.0 2096.0 16.0
10267.0 2048.0 16.0
10281.0 2021.0 16.0
10295.0 2098.0 16.0
10299.0 2030.0 16.0
10309.0 2055.0 16.0
10315.0 2037.0 16.0
10319.0 2100.0 16.0
10331.0 2022.0 16.0
10361.0 2097.0 16.0
10371.0 2084.0 16.0
10385.0 1957.0 16.0
10427.0 2100.0 16.0
10429.0 2053.0 16.0
10437.0 2027.0 16.0
10441.0 2112.0 16.0
10461.0 2096.0 16.0
10461.0 2066.0 16.0
10477.0 2155.0 16.0
10533.0 2081.0 16.0
10559.0 2142.0 16.0
10559.0 2040.0 16.0
10567.0 2013.0 16.0
10595.0 2171.0 16.0
10597.0 2105.0 16.0
10623.0 2041.0 16.0
10645.0 1995.0 16.0
10649.0 2064.0 16.0
10677.0 2089.0 16.0
10689.0 2023.0 16.0
10693.0 2164.0 16.0
10695.0 2066.0 16.0
10717.0 2063.0 16.0
10739.0 2047.0 16.0
10741.0 2167.0 16.0
10751.0 2145.0 16.0
10767.0 2151.0 16.0
10769.0 2147.0 16.0
10789.0 2176.0 16.0
10835.0 2019.0 16.0
10857.0 2010.0 16.0
10877.0 2114.0 16.0
10877.0 2035.0 16.0
10891.0 2068.0 16.0
10917.0 2114.0 16.0
10931.0 2080.0 16.0
10933.0 2089.0 16.0
10945.0 2132.0 16.0
10969.0 2029.0 16.0
10981.0 2092.0 16.0
11061.0 2046.0 16.0
11065.0 1978.0 16.0
11075.0 2097.0 16.0
11105.0 2123.0 16.0
11109.0 2018.0 16.0
11115.0 2107.0 16.0
11149.0 2030.0 16.0
11157.0 2049.0 16.0
11239.0 2087.0 16.0
11247.0 2062.0 16.0
11293.0 2108.0 16.0
11309.0 2097.0 16.0
11313.0 2129.0 16.0
11319.0 2243.0 16.0
11365.0 2052.0 16.0
11433.0 2065.0 16.0
11441.0 2046.0 16.0
11449.0 2083.0 16.0
11457.0 2040.0 16.0
11547.0 2079.0 16.0
11567.0 2032.0 16.0
11571.0 2123.0 16.0
11641.0 2188.0 16.0
11669.0 2098.0 16.0
11679.0 2134.0 16.0
11705.0 2004.0 16.0
11729.0 2086.0 16.0
11761.0 2212.0 16.0
12197.0 2116.0 16.0
12411.0 2177.0 16.0
12829.0 2212.0 16.0
