rev1.1
2063.0 503.0 8.403865827724454
2111.0 529.0 15.43888735855278
2143.0 482.0 9.300406367130028
2185.0 529.0 12.605798741586717
2203.0 464.0 16.0
2229.0 503.0 11.390625000000261
2237.0 560.0 15.43888735855282
2237.0 543.0 13.950609550695008
2241.0 499.0 13.95060955069501
2251.0 514.0 12.605798741586602
2257.0 499.0 12.6057987415867
2259.0 530.0 9.30040636713018
2273.0 532.0 8.403865827724536
2299.0 508.0 16.0
2303.0 545.0 13.950609550695104
2307.0 510.0 16.0
2317.0 544.0 12.605798741586813
2329.0 479.0 16.0
2335.0 558.0 12.605798741586769
2339.0 526.0 11.390625000000194
2349.0 479.0 16.0
2363.0 582.0 11.390625000000197
2365.0 538.0 16.0
2375.0 525.0 13.950609550695072
2391.0 541.0 16.0
2391.0 541.0 16.0
2393.0 525.0 16.0
2397.0 522.0 12.60579874158669
2397.0 532.0 16.0
2413.0 544.0 15.438887358553
2413.0 512.0 16.0
2417.0 596.0 15.438887358552865
2417.0 515.0 11.39062500000024
2421.0 526.0 16.0
2429.0 510.0 12.605798741586723
2433.0 504.0 12.605798741586637
2435.0 551.0 15.43888735855308
2441.0 477.0 16.0
2465.0 565.0 13.950609550695116
2473.0 532.0 16.0
2489.0 529.0 12.605798741586765
2499.0 534.0 16.0
2501.0 544.0 13.950609550695141
2517.0 548.0 16.0
2519.0 546.0 12.605798741586682
2523.0 556.0 16.0
2539.0 513.0 12.6057987415867
2545.0 529.0 12.605798741586847
2547.0 523.0 16.0
2553.0 526.0 16.0
2553.0 514.0 16.0
2559.0 516.0 16.0
2565.0 518.0 16.0
2571.0 541.0 16.0
2571.0 523.0 16.0
2571.0 507.0 16.0
2577.0 582.0 12.605798741586716
2581.0 549.0 16.0
2587.0 566.0 10.292591572368703
2597.0 510.0 16.0
2605.0 571.0 15.438887358553004
2627.0 556.0 16.0
2645.0 527.0 12.605798741586625
2649.0 568.0 15.43888735855277
2661.0 528.0 13.950609550695054
2673.0 550.0 16.0
2673.0 510.0 16.0
2689.0 532.0 16.0
2703.0 591.0 12.605798741586762
2713.0 580.0 16.0
2719.0 577.0 16.0
2727.0 519.0 15.438887358552929
2747.0 539.0 16.0
2753.0 528.0 16.0
2755.0 574.0 16.0
2763.0 509.0 16.0
2773.0 539.0 16.0
2785.0 571.0 16.0
2789.0 529.0 16.0
2793.0 566.0 16.0
2807.0 518.0 16.0
2811.0 574.0 16.0
2827.0 549.0 16.0
2847.0 540.0 16.0
2855.0 546.0 16.0
2857.0 542.0 16.0
2859.0 579.0 16.0
2885.0 539.0 16.0
2887.0 524.0 16.0
2953.0 528.0 16.0
2983.0 545.0 16.0
3009.0 534.0 16.0
3035.0 529.0 16.0
3039.0 531.0 16.0
3065.0 545.0 16.0
3077.0 485.0 16.0
3189.0 555.0 16.0
3213.0 586.0 16.0
3277.0 584.0 16.0
3475.0 561.0 16.0
