rev1.1
19413.0 4001.0 16.0
19789.0 4105.0 16.0
19991.0 3899.0 16.0
20177.0 4179.0 16.0
20187.0 4075.0 16.0
20195.0 4074.0 16.0
20207.0 3896.0 16.0
20243.0 4142.0 16.0
20505.0 4205.0 16.0
20571.0 4051.0 16.0
20641.0 4160.0 16.0
20723.0 4154.0 16.0
20773.0 4096.0 16.0
20827.0 4089.0 16.0
20951.0 4054.0 16.0
20973.0 3981.0 16.0
21009.0 4217.0 16.0
21077.0 4166.0 16.0
21101.0 4123.0 16.0
21151.0 4100.0 16.0
21179.0 4107.0 16.0
21181.0 4192.0 16.0
21195.0 4139.0 16.0
21227.0 4053.0 16.0
21279.0 4079.0 16.0
21341.0 4148.0 16.0
21379.0 4146.0 16.0
21387.0 4069.0 16.0
21399.0 4151.0 16.0
21403.0 4206.0 16.0
21443.0 4244.0 16.0
21549.0 4057.0 16.0
21569.0 4095.0 16.0
21575.0 4146.0 16.0
21597.0 4186.0 16.0
21611.0 4004.0 16.0
21729.0 4090.0 16.0
21753.0 4070.0 16.0
21817.0 4018.0 16.0
21819.0 4040.0 16.0
21829.0 4097.0 16.0
21831.0 4114.0 16.0
21891.0 3982.0 16.0
21923.0 4122.0 16.0
21969.0 4141.0 16.0
22005.0 4185.0 16.0
22023.0 4159.0 16.0
22069.0 4163.0 16.0
22105.0 4143.0 16.0
22149.0 4238.0 16.0
22151.0 4231.0 16.0
22153.0 4198.0 16.0
22181.0 4085.0 16.0
22199.0 4318.0 16.0
22205.0 4055.0 16.0
22219.0 4038.0 16.0
22223.0 4094.0 16.0
22231.0 3974.0 16.0
22255.0 4266.0 16.0
22369.0 4209.0 16.0
22377.0 4175.0 16.0
22399.0 4140.0 16.0
22431.0 4195.0 16.0
22611.0 4224.0 16.0
22613.0 4140.0 16.0
22661.0 4247.0 16.0
22697.0 4098.0 16.0
22721.0 4213.0 16.0
22751.0 4152.0 16.0
22843.0 4291.0 16.0
22915.0 4270.0 16.0
22957.0 4203.0 16.0
22971.0 4150.0 16.0
22977.0 4129.0 16.0
22985.0 4127.0 16.0
22987.0 4055.0 16.0
23017.0 4256.0 16.0
23025.0 4199.0 16.0
23157.0 4267.0 16.0
23159.0 4203.0 16.0
23165.0 4213.0 16.0
23231.0 4257.0 16.0
23251.0 4151.0 16.0
23279.0 4168.0 16.0
23287.0 4194.0 16.0
23331.0 4144.0 16.0
23357.0 4344.0 16.0
23395.0 4221.0 16.0
23461.0 4189.0 16.0
23581.0 4159.0 16.0
23809.0 4240.0 16.0
24079.0 4261.0 16.0
24103.0 4409.0 16.0
24215.0 4124.0 16.0
24535.0 4078.0 16.0
24589.0 4296.0 16.0
24839.0 4268.0 16.0
24843.0 4367.0 16.0
24981.0 4375.0 16.0
25209.0 4293.0 16.0
