rev1.1
4469.0 974.0 15.438887358553075
4475.0 1072.0 13.950609550695331
4503.0 992.0 16.0
4555.0 966.0 16.0
4573.0 1007.0 11.390625000000403
4711.0 1035.0 16.0
4723.0 1002.0 16.0
4727.0 1010.0 16.0
4741.0 1007.0 16.0
4757.0 1025.0 16.0
4777.0 1054.0 16.0
4789.0 1037.0 16.0
4797.0 1013.0 16.0
4843.0 974.0 16.0
4851.0 992.0 16.0
4865.0 1033.0 16.0
4867.0 1015.0 16.0
4875.0 1022.0 16.0
4885.0 965.0 16.0
4891.0 1045.0 16.0
4895.0 1051.0 13.95060955069512
4909.0 1105.0 16.0
4917.0 1058.0 13.950609550695376
4935.0 986.0 16.0
4935.0 1052.0 13.950609550695267
4935.0 954.0 16.0
4943.0 940.0 16.0
4943.0 1090.0 16.0
4981.0 1051.0 16.0
4983.0 1007.0 16.0
4989.0 1063.0 15.438887358553075
4997.0 1047.0 16.0
5003.0 1011.0 16.0
5019.0 1020.0 16.0
5021.0 1060.0 15.438887358553115
5043.0 1052.0 15.43888735855325
5075.0 1026.0 16.0
5129.0 999.0 16.0
5135.0 1027.0 15.438887358552961
5145.0 1055.0 16.0
5147.0 1066.0 16.0
5201.0 975.0 16.0
5207.0 1055.0 16.0
5223.0 1022.0 16.0
5239.0 1107.0 16.0
5245.0 1073.0 16.0
5263.0 1108.0 16.0
5269.0 1075.0 16.0
5273.0 1087.0 16.0
5277.0 1061.0 16.0
5283.0 996.0 16.0
5295.0 1055.0 16.0
5295.0 978.0 16.0
5301.0 1050.0 16.0
5303.0 1034.0 16.0
5307.0 1072.0 16.0
5311.0 1051.0 16.0
5313.0 1034.0 16.0
5315.0 1033.0 16.0
5345.0 1057.0 16.0
5355.0 1018.0 16.0
5359.0 989.0 16.0
5365.0 1069.0 16.0
5369.0 1112.0 16.0
5375.0 1103.0 16.0
5375.0 1037.0 16.0
5399.0 1009.0 16.0
5401.0 1103.0 16.0
5403.0 1038.0 16.0
5409.0 1005.0 16.0
5411.0 1026.0 16.0
5421.0 1045.0 16.0
5429.0 978.0 16.0
5431.0 1093.0 16.0
5435.0 1021.0 16.0
5463.0 996.0 16.0
5467.0 1019.0 16.0
5551.0 1112.0 16.0
5551.0 1036.0 16.0
5555.0 1085.0 16.0
5581.0 1028.0 16.0
5581.0 1132.0 16.0
5623.0 1109.0 16.0
5647.0 1060.0 16.0
5663.0 1073.0 16.0
5679.0 1026.0 16.0
5705.0 1080.0 16.0
5737.0 1064.0 16.0
5761.0 1062.0 16.0
5785.0 1054.0 16.0
5815.0 1077.0 16.0
5827.0 1094.0 16.0
5869.0 1077.0 16.0
5935.0 1097.0 16.0
5997.0 1117.0 16.0
6087.0 1023.0 16.0
6113.0 1089.0 16.0
6119.0 1082.0 16.0
6251.0 1163.0 16.0
6303.0 1071.0 16.0
