rev1.1
84807.0 16302.0 16.0
85043.0 16601.0 16.0
85227.0 16492.0 16.0
85515.0 16628.0 16.0
85907.0 16539.0 16.0
86385.0 16518.0 16.0
87119.0 16793.0 16.0
87959.0 16421.0 16.0
88177.0 16254.0 16.0
88197.0 16550.0 16.0
88225.0 16403.0 16.0
88331.0 16533.0 16.0
88345.0 16657.0 16.0
88387.0 16558.0 16.0
88505.0 16503.0 16.0
88923.0 16564.0 16.0
89035.0 16331.0 16.0
89205.0 16613.0 16.0
89287.0 16568.0 16.0
89531.0 16296.0 16.0
89567.0 16440.0 16.0
89607.0 16584.0 16.0
89657.0 16453.0 16.0
89757.0 16671.0 16.0
90053.0 16720.0 16.0
90119.0 16250.0 16.0
90161.0 16777.0 16.0
90401.0 16574.0 16.0
90563.0 16750.0 16.0
90691.0 16728.0 16.0
90761.0 17078.0 16.0
90919.0 16445.0 16.0
91197.0 16525.0 16.0
91251.0 16862.0 16.0
91261.0 16630.0 16.0
91363.0 16725.0 16.0
91581.0 16923.0 16.0
91597.0 16763.0 16.0
91597.0 16601.0 16.0
91603.0 16774.0 16.0
91645.0 16531.0 16.0
91669.0 17050.0 16.0
91671.0 16308.0 16.0
91807.0 16610.0 16.0
91861.0 16643.0 16.0
91875.0 16415.0 16.0
92061.0 16898.0 16.0
92105.0 16870.0 16.0
92119.0 16524.0 16.0
92301.0 16665.0 16.0
92317.0 16901.0 16.0
92475.0 16774.0 16.0
92501.0 16917.0 16.0
92525.0 16908.0 16.0
92639.0 16539.0 16.0
92727.0 16728.0 16.0
92927.0 16502.0 16.0
92989.0 16756.0 16.0
93059.0 16895.0 16.0
93123.0 16873.0 16.0
93241.0 16661.0 16.0
93573.0 16597.0 16.0
93625.0 16892.0 16.0
93651.0 16624.0 16.0
93679.0 16803.0 16.0
93697.0 16958.0 16.0
93819.0 16874.0 16.0
94137.0 16529.0 16.0
94269.0 16614.0 16.0
94271.0 16718.0 16.0
94353.0 16973.0 16.0
94515.0 16776.0 16.0
94537.0 16612.0 16.0
94545.0 16695.0 16.0
94865.0 16855.0 16.0
95155.0 16708.0 16.0
95205.0 16833.0 16.0
95309.0 16757.0 16.0
95429.0 17049.0 16.0
95443.0 16485.0 16.0
95549.0 16873.0 16.0
95611.0 16993.0 16.0
96163.0 16691.0 16.0
96361.0 16948.0 16.0
96729.0 16800.0 16.0
96741.0 16708.0 16.0
96907.0 16607.0 16.0
97039.0 16895.0 16.0
97621.0 16858.0 16.0
98041.0 16848.0 16.0
98095.0 16726.0 16.0
98843.0 17144.0 16.0
99205.0 16794.0 16.0
100547.0 16998.0 16.0
102221.0 16884.0 16.0
102527.0 17090.0 16.0
103281.0 17215.0 16.0
103733.0 17182.0 16.0
105993.0 17069.0 16.0
106193.0 17390.0 16.0
