rev1.1
40709.0 8071.0 16.0
41029.0 8216.0 16.0
41787.0 8101.0 16.0
42291.0 8102.0 16.0
42455.0 8129.0 16.0
42455.0 8185.0 16.0
42517.0 8177.0 16.0
42587.0 8288.0 16.0
42597.0 8175.0 16.0
42685.0 8286.0 16.0
42813.0 8256.0 16.0
42839.0 8291.0 16.0
42845.0 8286.0 16.0
43157.0 8203.0 16.0
43295.0 8313.0 16.0
43395.0 8352.0 16.0
43417.0 8359.0 16.0
43531.0 8323.0 16.0
43549.0 8372.0 16.0
43571.0 8302.0 16.0
43583.0 8285.0 16.0
43591.0 8178.0 16.0
43647.0 8117.0 16.0
43651.0 8201.0 16.0
43717.0 8240.0 16.0
43751.0 8346.0 16.0
43765.0 8360.0 16.0
43773.0 8289.0 16.0
43927.0 8242.0 16.0
43931.0 8245.0 16.0
43947.0 8287.0 16.0
43967.0 8339.0 16.0
43971.0 8258.0 16.0
44069.0 8307.0 16.0
44107.0 8197.0 16.0
44241.0 8367.0 16.0
44241.0 8385.0 16.0
44433.0 8269.0 16.0
44487.0 8155.0 16.0
44521.0 8406.0 16.0
44535.0 8237.0 16.0
44575.0 7964.0 16.0
44679.0 8079.0 16.0
44727.0 8129.0 16.0
44829.0 8373.0 16.0
44843.0 8436.0 16.0
44875.0 8427.0 16.0
44905.0 8354.0 16.0
44973.0 8436.0 16.0
44981.0 8305.0 16.0
45007.0 8380.0 16.0
45035.0 8360.0 16.0
45039.0 8336.0 16.0
45069.0 8359.0 16.0
45131.0 8381.0 16.0
45197.0 8373.0 16.0
45231.0 8375.0 16.0
45249.0 8255.0 16.0
45297.0 8080.0 16.0
45313.0 8394.0 16.0
45315.0 8262.0 16.0
45367.0 8406.0 16.0
45415.0 8405.0 16.0
45453.0 8285.0 16.0
45503.0 8283.0 16.0
45541.0 8428.0 16.0
45541.0 8246.0 16.0
45649.0 8595.0 16.0
45711.0 8430.0 16.0
45921.0 8314.0 16.0
45951.0 8320.0 16.0
46079.0 8418.0 16.0
46091.0 8353.0 16.0
46101.0 8522.0 16.0
46165.0 8331.0 16.0
46247.0 8551.0 16.0
46345.0 8457.0 16.0
46461.0 8269.0 16.0
46485.0 8537.0 16.0
46517.0 8314.0 16.0
46741.0 8424.0 16.0
46809.0 8447.0 16.0
46899.0 8400.0 16.0
47009.0 8106.0 16.0
47031.0 8299.0 16.0
47049.0 8298.0 16.0
47587.0 8436.0 16.0
47781.0 8405.0 16.0
47807.0 8378.0 16.0
48155.0 8476.0 16.0
48509.0 8319.0 16.0
48585.0 8345.0 16.0
49519.0 8243.0 16.0
49685.0 8461.0 16.0
50735.0 8414.0 16.0
51065.0 8525.0 16.0
52653.0 8514.0 16.0
52939.0 8627.0 16.0
53377.0 8750.0 16.0
57729.0 8901.0 16.0
