rev1.1
905993.0 169048.0 16.0
908447.0 166737.0 16.0
923055.0 169543.0 16.0
926705.0 169565.0 16.0
931473.0 168190.0 16.0
932501.0 169304.0 16.0
937293.0 168720.0 16.0
939411.0 168893.0 16.0
940521.0 167809.0 16.0
941171.0 169721.0 16.0
942663.0 168618.0 16.0
943727.0 169153.0 16.0
954183.0 168705.0 16.0
954847.0 170398.0 16.0
955893.0 169443.0 16.0
957045.0 170158.0 16.0
958385.0 169287.0 16.0
958473.0 169884.0 16.0
960035.0 170327.0 16.0
963789.0 171028.0 16.0
966001.0 169102.0 16.0
967527.0 170176.0 16.0
969655.0 169042.0 16.0
971715.0 169828.0 16.0
975399.0 169303.0 16.0
975913.0 170105.0 16.0
976917.0 169926.0 16.0
977133.0 171100.0 16.0
977515.0 169742.0 16.0
978663.0 169740.0 16.0
979145.0 170543.0 16.0
979469.0 170995.0 16.0
980507.0 168920.0 16.0
983467.0 169676.0 16.0
985159.0 171277.0 16.0
987209.0 170913.0 16.0
987381.0 170095.0 16.0
989077.0 170152.0 16.0
989589.0 170480.0 16.0
996137.0 170537.0 16.0
997457.0 169741.0 16.0
997901.0 170446.0 16.0
999995.0 170761.0 16.0
1000667.0 171237.0 16.0
1000895.0 170834.0 16.0
1004951.0 170018.0 16.0
1009539.0 171538.0 16.0
1010599.0 170951.0 16.0
1010641.0 172265.0 16.0
1013161.0 170629.0 16.0
1015389.0 172886.0 16.0
1015437.0 170946.0 16.0
1019297.0 171604.0 16.0
1021135.0 171246.0 16.0
1023529.0 170530.0 16.0
1024873.0 172088.0 16.0
1025415.0 171426.0 16.0
1026015.0 171927.0 16.0
1026701.0 171196.0 16.0
1028097.0 172191.0 16.0
1029951.0 171207.0 16.0
1030953.0 171222.0 16.0
1032003.0 171935.0 16.0
1042735.0 173181.0 16.0
1043677.0 171829.0 16.0
1043921.0 172406.0 16.0
1050969.0 172391.0 16.0
1052039.0 172557.0 16.0
1054489.0 172438.0 16.0
1055371.0 171864.0 16.0
1056399.0 173737.0 16.0
1056717.0 172851.0 16.0
1064051.0 172903.0 16.0
1068597.0 172959.0 16.0
1069065.0 172916.0 16.0
1070017.0 173712.0 16.0
1071121.0 172139.0 16.0
1071531.0 171322.0 16.0
1075149.0 171848.0 16.0
1078245.0 172128.0 16.0
1080963.0 173094.0 16.0
1083635.0 172662.0 16.0
1084321.0 172981.0 16.0
1087863.0 174567.0 16.0
1091111.0 173036.0 16.0
1094203.0 173482.0 16.0
1104371.0 172826.0 16.0
1105277.0 174680.0 16.0
1110511.0 174358.0 16.0
1111345.0 173773.0 16.0
1117099.0 175478.0 16.0
1117255.0 174528.0 16.0
1120827.0 174317.0 16.0
1128227.0 174947.0 16.0
1131171.0 173866.0 16.0
1138195.0 174008.0 16.0
1171207.0 176665.0 16.0
1180733.0 176265.0 16.0
1243543.0 178738.0 16.0
1279367.0 181000.0 16.0
