rev1.1
5643.0 1328.0 16.0
5689.0 1243.0 16.0
5725.0 1206.0 16.0
5733.0 1305.0 15.438887358553087
5785.0 1364.0 15.438887358553142
5907.0 1320.0 16.0
5911.0 1294.0 16.0
5911.0 1267.0 16.0
6009.0 1298.0 16.0
6095.0 1396.0 16.0
6163.0 1315.0 16.0
6271.0 1343.0 16.0
6275.0 1371.0 16.0
6293.0 1339.0 16.0
6349.0 1332.0 16.0
6361.0 1311.0 16.0
6389.0 1340.0 16.0
6409.0 1289.0 16.0
6465.0 1341.0 16.0
6485.0 1315.0 16.0
6489.0 1345.0 16.0
6527.0 1304.0 16.0
6561.0 1401.0 16.0
6577.0 1372.0 16.0
6603.0 1363.0 16.0
6615.0 1362.0 16.0
6639.0 1371.0 16.0
6665.0 1408.0 16.0
6677.0 1346.0 16.0
6683.0 1389.0 16.0
6709.0 1407.0 16.0
6727.0 1274.0 16.0
6767.0 1430.0 16.0
6767.0 1328.0 16.0
6787.0 1333.0 16.0
6819.0 1327.0 16.0
6821.0 1392.0 16.0
6821.0 1199.0 16.0
6831.0 1331.0 16.0
6841.0 1410.0 16.0
6843.0 1443.0 16.0
6893.0 1412.0 16.0
6937.0 1443.0 16.0
6957.0 1368.0 16.0
6973.0 1333.0 16.0
7021.0 1427.0 16.0
7029.0 1416.0 16.0
7045.0 1535.0 16.0
7065.0 1364.0 16.0
7101.0 1352.0 16.0
7125.0 1364.0 16.0
7143.0 1551.0 16.0
7189.0 1419.0 16.0
7193.0 1453.0 16.0
7223.0 1524.0 16.0
7229.0 1351.0 16.0
7233.0 1444.0 16.0
7265.0 1406.0 16.0
7269.0 1337.0 16.0
7275.0 1396.0 16.0
7293.0 1378.0 16.0
7321.0 1398.0 16.0
7395.0 1393.0 16.0
7431.0 1430.0 16.0
7433.0 1342.0 16.0
7435.0 1446.0 16.0
7457.0 1379.0 16.0
7463.0 1348.0 16.0
7525.0 1355.0 16.0
7537.0 1436.0 16.0
7553.0 1319.0 16.0
7621.0 1405.0 16.0
7677.0 1553.0 16.0
7689.0 1397.0 16.0
7743.0 1492.0 16.0
7779.0 1423.0 16.0
7797.0 1413.0 16.0
7805.0 1344.0 16.0
7807.0 1393.0 16.0
7957.0 1481.0 16.0
7963.0 1468.0 16.0
7965.0 1552.0 16.0
8013.0 1546.0 16.0
8017.0 1464.0 16.0
8037.0 1423.0 16.0
8067.0 1438.0 16.0
8209.0 1499.0 16.0
8233.0 1516.0 16.0
8235.0 1511.0 16.0
8249.0 1538.0 16.0
8267.0 1433.0 16.0
8305.0 1448.0 16.0
8315.0 1528.0 16.0
8413.0 1382.0 16.0
8727.0 1286.0 16.0
8811.0 1339.0 16.0
8927.0 1385.0 16.0
8967.0 1495.0 16.0
9231.0 1442.0 16.0
9759.0 1549.0 16.0
