rev1.1
24687.0 5189.0 16.0
24791.0 5254.0 16.0
24791.0 4905.0 16.0
24973.0 5150.0 16.0
25185.0 5214.0 16.0
25565.0 5265.0 16.0
25809.0 5453.0 16.0
25911.0 5350.0 16.0
26221.0 5202.0 16.0
26225.0 5388.0 16.0
26381.0 5226.0 16.0
26517.0 5514.0 16.0
26601.0 5419.0 16.0
26643.0 5191.0 16.0
26689.0 5359.0 16.0
26833.0 5426.0 16.0
26905.0 5283.0 16.0
26971.0 5350.0 16.0
26979.0 5234.0 16.0
26983.0 5247.0 16.0
27033.0 5108.0 16.0
27045.0 5310.0 16.0
27183.0 5282.0 16.0
27219.0 5358.0 16.0
27305.0 5446.0 16.0
27353.0 5344.0 16.0
27361.0 5634.0 16.0
27433.0 5258.0 16.0
27453.0 5409.0 16.0
27493.0 5508.0 16.0
27507.0 5618.0 16.0
27651.0 5429.0 16.0
27667.0 5195.0 16.0
27783.0 5218.0 16.0
27821.0 5313.0 16.0
27837.0 5253.0 16.0
27871.0 5243.0 16.0
27887.0 5302.0 16.0
27911.0 5363.0 16.0
27933.0 5577.0 16.0
28009.0 5579.0 16.0
28065.0 5337.0 16.0
28071.0 5242.0 16.0
28123.0 5426.0 16.0
28167.0 5294.0 16.0
28243.0 5586.0 16.0
28245.0 5428.0 16.0
28277.0 5289.0 16.0
28295.0 5280.0 16.0
28315.0 5429.0 16.0
28433.0 5328.0 16.0
28447.0 5398.0 16.0
28873.0 5534.0 16.0
28879.0 5569.0 16.0
28893.0 5315.0 16.0
29029.0 5512.0 16.0
29097.0 5747.0 16.0
29221.0 5319.0 16.0
29239.0 5392.0 16.0
29415.0 5248.0 16.0
29459.0 5272.0 16.0
29467.0 5593.0 16.0
29471.0 5253.0 16.0
29515.0 5315.0 16.0
29605.0 5485.0 16.0
29649.0 5359.0 16.0
29681.0 5319.0 16.0
29743.0 5512.0 16.0
29843.0 5587.0 16.0
29945.0 5433.0 16.0
29981.0 5423.0 16.0
30031.0 5372.0 16.0
30099.0 5489.0 16.0
30117.0 5548.0 16.0
30139.0 5357.0 16.0
30797.0 5459.0 16.0
30949.0 5540.0 16.0
30973.0 5563.0 16.0
30977.0 5368.0 16.0
30983.0 5460.0 16.0
30987.0 5431.0 16.0
31047.0 5560.0 16.0
31051.0 5358.0 16.0
31163.0 5329.0 16.0
31355.0 5565.0 16.0
31509.0 5601.0 16.0
31603.0 5511.0 16.0
31623.0 5590.0 16.0
31973.0 5570.0 16.0
32127.0 5445.0 16.0
32239.0 5504.0 16.0
33115.0 5862.0 16.0
33553.0 5532.0 16.0
34387.0 5645.0 16.0
34981.0 5801.0 16.0
35085.0 5831.0 16.0
35289.0 5579.0 16.0
36325.0 5744.0 16.0
37131.0 5883.0 16.0
39549.0 5905.0 16.0
