rev1.1
11917.0 2635.0 16.0
12105.0 2601.0 16.0
12117.0 2403.0 16.0
12125.0 2501.0 16.0
12361.0 2498.0 16.0
12373.0 2620.0 16.0
12433.0 2610.0 16.0
12449.0 2635.0 16.0
12505.0 2650.0 16.0
12563.0 2800.0 16.0
12701.0 2595.0 16.0
12815.0 2519.0 16.0
12821.0 2553.0 16.0
12955.0 2779.0 16.0
12971.0 2702.0 16.0
12987.0 2675.0 16.0
13009.0 2742.0 16.0
13177.0 2852.0 16.0
13181.0 2759.0 16.0
13193.0 2577.0 16.0
13197.0 2727.0 16.0
13225.0 2689.0 16.0
13259.0 2632.0 16.0
13411.0 2608.0 16.0
13497.0 2838.0 16.0
13603.0 2746.0 16.0
13673.0 2548.0 16.0
13711.0 2792.0 16.0
13715.0 2673.0 16.0
13761.0 2723.0 16.0
13781.0 2671.0 16.0
13813.0 2845.0 16.0
13815.0 2788.0 16.0
13825.0 2760.0 16.0
13895.0 2743.0 16.0
14009.0 2728.0 16.0
14023.0 2795.0 16.0
14039.0 2796.0 16.0
14043.0 2768.0 16.0
14061.0 2753.0 16.0
14083.0 2683.0 16.0
14095.0 2655.0 16.0
14185.0 2737.0 16.0
14191.0 2666.0 16.0
14203.0 2705.0 16.0
14215.0 2687.0 16.0
14247.0 2811.0 16.0
14259.0 2748.0 16.0
14267.0 2798.0 16.0
14325.0 2691.0 16.0
14365.0 2715.0 16.0
14383.0 2640.0 16.0
14393.0 2624.0 16.0
14417.0 2784.0 16.0
14423.0 2630.0 16.0
14437.0 2687.0 16.0
14457.0 2884.0 16.0
14509.0 2762.0 16.0
14541.0 2694.0 16.0
14553.0 2766.0 16.0
14651.0 2745.0 16.0
14729.0 3015.0 16.0
14775.0 2787.0 16.0
14919.0 2829.0 16.0
15103.0 2677.0 16.0
15113.0 2777.0 16.0
15261.0 2770.0 16.0
15297.0 2530.0 16.0
15309.0 2537.0 16.0
15309.0 2492.0 16.0
15313.0 2874.0 16.0
15595.0 2682.0 16.0
15615.0 2770.0 16.0
15671.0 2803.0 16.0
15715.0 2870.0 16.0
15861.0 2753.0 16.0
16025.0 2961.0 16.0
16063.0 2905.0 16.0
16097.0 2794.0 16.0
16113.0 2665.0 16.0
16175.0 2825.0 16.0
16193.0 2900.0 16.0
16321.0 2750.0 16.0
16339.0 2820.0 16.0
16383.0 2920.0 16.0
16389.0 2828.0 16.0
16459.0 2765.0 16.0
16561.0 2796.0 16.0
16659.0 2819.0 16.0
16873.0 2749.0 16.0
16971.0 2782.0 16.0
17413.0 2948.0 16.0
17457.0 2776.0 16.0
17541.0 2985.0 16.0
17591.0 2842.0 16.0
17705.0 2739.0 16.0
17777.0 2760.0 16.0
19075.0 2775.0 16.0
20617.0 3045.0 16.0
23555.0 3082.0 16.0
