rev1.1
1073.0 291.0 7.593750000000101
1143.0 288.0 16.0
1145.0 305.0 6.861727714912359
1227.0 372.0 8.403865827724445
1245.0 332.0 7.593750000000108
1253.0 314.0 6.861727714912394
1267.0 313.0 10.292591572368497
1333.0 334.0 9.300406367129959
1339.0 336.0 8.403865827724479
1369.0 363.0 7.593750000000087
1375.0 355.0 11.390625000000083
1375.0 303.0 11.39062500000013
1387.0 343.0 11.39062500000019
1387.0 339.0 12.605798741586629
1415.0 351.0 6.200270911420007
1423.0 305.0 11.390625000000124
1441.0 367.0 9.300406367130035
1453.0 352.0 8.403865827724436
1483.0 347.0 13.950609550695072
1495.0 382.0 8.403865827724378
1507.0 354.0 10.292591572368535
1525.0 340.0 12.605798741586653
1529.0 302.0 16.0
1533.0 334.0 7.593750000000092
1561.0 372.0 13.950609550694924
1563.0 336.0 10.292591572368552
1571.0 373.0 15.43888735855278
1593.0 324.0 11.390625000000158
1605.0 335.0 16.0
1617.0 361.0 7.5937500000001386
1629.0 376.0 10.292591572368584
1653.0 345.0 16.0
1667.0 343.0 16.0
1673.0 344.0 16.0
1681.0 330.0 10.29259157236852
1685.0 305.0 16.0
1697.0 351.0 15.43888735855277
1707.0 362.0 12.605798741586765
1707.0 339.0 12.605798741586693
1723.0 388.0 16.0
1727.0 346.0 15.438887358552813
1747.0 339.0 16.0
1779.0 431.0 11.390625000000087
1785.0 348.0 16.0
1787.0 339.0 16.0
1789.0 358.0 16.0
1797.0 350.0 16.0
1805.0 308.0 11.390625000000242
1829.0 387.0 16.0
1831.0 351.0 16.0
1835.0 366.0 16.0
1835.0 401.0 11.390625000000114
1851.0 386.0 16.0
1853.0 386.0 13.950609550695093
1853.0 345.0 16.0
1869.0 390.0 16.0
1885.0 374.0 16.0
1899.0 364.0 16.0
1901.0 302.0 16.0
1903.0 379.0 16.0
1909.0 340.0 16.0
1931.0 381.0 16.0
1931.0 382.0 16.0
1941.0 437.0 9.30040636713013
1943.0 415.0 13.95060955069495
1947.0 347.0 16.0
1953.0 323.0 16.0
1973.0 417.0 16.0
1991.0 409.0 12.605798741586732
1993.0 426.0 16.0
2041.0 370.0 16.0
2069.0 411.0 16.0
2071.0 415.0 16.0
2111.0 369.0 16.0
2121.0 345.0 16.0
2139.0 358.0 13.95060955069516
2139.0 386.0 16.0
2151.0 383.0 16.0
2189.0 382.0 16.0
2201.0 356.0 16.0
2213.0 442.0 16.0
2231.0 434.0 16.0
2235.0 380.0 16.0
2253.0 385.0 16.0
2255.0 409.0 16.0
2257.0 442.0 16.0
2267.0 409.0 16.0
2273.0 432.0 16.0
2277.0 453.0 15.438887358552819
2279.0 440.0 16.0
2295.0 393.0 16.0
2371.0 407.0 16.0
2373.0 364.0 16.0
2375.0 448.0 16.0
2435.0 459.0 16.0
2533.0 390.0 16.0
2561.0 433.0 16.0
2587.0 478.0 16.0
2771.0 426.0 16.0
2823.0 414.0 16.0
