rev1.1
103037.0 20930.0 16.0
103835.0 20691.0 16.0
106501.0 21169.0 16.0
108379.0 21331.0 16.0
108567.0 20961.0 16.0
109139.0 20657.0 16.0
109407.0 21409.0 16.0
109477.0 21369.0 16.0
109713.0 20898.0 16.0
109853.0 20963.0 16.0
109999.0 20799.0 16.0
110131.0 21065.0 16.0
110587.0 21674.0 16.0
110863.0 21550.0 16.0
110941.0 21175.0 16.0
111243.0 20856.0 16.0
112129.0 21083.0 16.0
112151.0 21479.0 16.0
112227.0 21308.0 16.0
112585.0 21454.0 16.0
112771.0 21327.0 16.0
112835.0 21195.0 16.0
113439.0 21101.0 16.0
113539.0 21241.0 16.0
113583.0 21142.0 16.0
113655.0 20632.0 16.0
113671.0 21293.0 16.0
113745.0 21348.0 16.0
113751.0 21226.0 16.0
113985.0 21317.0 16.0
114067.0 21604.0 16.0
114135.0 21639.0 16.0
114447.0 20918.0 16.0
114699.0 21304.0 16.0
115025.0 21281.0 16.0
115239.0 21258.0 16.0
115245.0 21128.0 16.0
115281.0 21894.0 16.0
116279.0 21355.0 16.0
117449.0 21253.0 16.0
117559.0 21501.0 16.0
118035.0 21192.0 16.0
118059.0 21417.0 16.0
118597.0 21342.0 16.0
118853.0 21679.0 16.0
118987.0 21547.0 16.0
119213.0 21500.0 16.0
119263.0 21445.0 16.0
119735.0 21274.0 16.0
119989.0 21163.0 16.0
120047.0 22011.0 16.0
120069.0 21005.0 16.0
120135.0 21291.0 16.0
120773.0 21453.0 16.0
121251.0 21302.0 16.0
121845.0 21690.0 16.0
121895.0 21529.0 16.0
122165.0 21779.0 16.0
122601.0 21376.0 16.0
122799.0 22038.0 16.0
122823.0 21131.0 16.0
122829.0 21352.0 16.0
123073.0 21447.0 16.0
123203.0 21799.0 16.0
123989.0 21851.0 16.0
124275.0 21684.0 16.0
124461.0 21888.0 16.0
124753.0 21699.0 16.0
125181.0 21642.0 16.0
125527.0 21626.0 16.0
125669.0 21914.0 16.0
126755.0 21239.0 16.0
127187.0 21922.0 16.0
127307.0 21275.0 16.0
127447.0 21511.0 16.0
128755.0 21924.0 16.0
129049.0 21814.0 16.0
129259.0 21656.0 16.0
129263.0 21631.0 16.0
129569.0 21974.0 16.0
132059.0 21722.0 16.0
132289.0 21830.0 16.0
132731.0 21820.0 16.0
132957.0 22045.0 16.0
133349.0 21887.0 16.0
134333.0 21942.0 16.0
134445.0 21874.0 16.0
135559.0 22191.0 16.0
135581.0 21767.0 16.0
137851.0 21709.0 16.0
139449.0 22714.0 16.0
140273.0 22027.0 16.0
141529.0 22254.0 16.0
141935.0 22200.0 16.0
143327.0 21833.0 16.0
146253.0 22468.0 16.0
149521.0 22529.0 16.0
153519.0 22502.0 16.0
153547.0 22217.0 16.0
167055.0 22851.0 16.0
