rev1.1
435539.0 83585.0 16.0
436213.0 82530.0 16.0
438771.0 83744.0 16.0
440355.0 84734.0 16.0
443845.0 83934.0 16.0
446109.0 83410.0 16.0
449807.0 83895.0 16.0
455721.0 84360.0 16.0
460895.0 85328.0 16.0
464755.0 84571.0 16.0
466463.0 84690.0 16.0
468423.0 84782.0 16.0
468583.0 84360.0 16.0
470353.0 85200.0 16.0
471735.0 84668.0 16.0
471985.0 85281.0 16.0
472769.0 85252.0 16.0
474583.0 86084.0 16.0
475117.0 85024.0 16.0
476277.0 84948.0 16.0
476633.0 85576.0 16.0
478053.0 85835.0 16.0
478471.0 85019.0 16.0
479019.0 86356.0 16.0
479645.0 84785.0 16.0
480015.0 84714.0 16.0
482613.0 86269.0 16.0
482641.0 85812.0 16.0
482753.0 84795.0 16.0
483107.0 85112.0 16.0
483223.0 84873.0 16.0
485473.0 84982.0 16.0
486225.0 85949.0 16.0
486243.0 85978.0 16.0
486289.0 85157.0 16.0
490385.0 85886.0 16.0
490977.0 84739.0 16.0
491761.0 84856.0 16.0
491761.0 85141.0 16.0
492015.0 85673.0 16.0
492359.0 85296.0 16.0
492699.0 85522.0 16.0
492765.0 84874.0 16.0
494879.0 84816.0 16.0
495807.0 85964.0 16.0
495833.0 85969.0 16.0
496297.0 85657.0 16.0
496371.0 85173.0 16.0
496547.0 86283.0 16.0
497727.0 85389.0 16.0
498349.0 85729.0 16.0
499757.0 86161.0 16.0
500579.0 85299.0 16.0
501057.0 85699.0 16.0
501745.0 85555.0 16.0
501839.0 86515.0 16.0
502411.0 85718.0 16.0
502483.0 86731.0 16.0
503495.0 85578.0 16.0
505105.0 85704.0 16.0
507505.0 86081.0 16.0
508083.0 86548.0 16.0
508403.0 86790.0 16.0
508729.0 86475.0 16.0
509789.0 86230.0 16.0
510891.0 85902.0 16.0
511191.0 86147.0 16.0
511857.0 86944.0 16.0
512875.0 87226.0 16.0
513933.0 85340.0 16.0
515751.0 85919.0 16.0
518333.0 87285.0 16.0
519571.0 86703.0 16.0
519725.0 86754.0 16.0
521227.0 86444.0 16.0
525829.0 87354.0 16.0
525837.0 86112.0 16.0
526845.0 86620.0 16.0
530157.0 86464.0 16.0
534671.0 86689.0 16.0
535093.0 87281.0 16.0
535247.0 86892.0 16.0
535301.0 87139.0 16.0
539459.0 87268.0 16.0
540601.0 87189.0 16.0
541487.0 87393.0 16.0
542711.0 86971.0 16.0
546729.0 86701.0 16.0
549033.0 87170.0 16.0
550869.0 87580.0 16.0
551631.0 87693.0 16.0
556329.0 86974.0 16.0
562637.0 86984.0 16.0
564585.0 88079.0 16.0
566027.0 88364.0 16.0
567089.0 88440.0 16.0
575919.0 87370.0 16.0
576433.0 88098.0 16.0
585151.0 87991.0 16.0
605861.0 89246.0 16.0
