rev1.1
51733.0 10322.0 16.0
51813.0 10354.0 16.0
52447.0 10507.0 16.0
52471.0 10405.0 16.0
52597.0 10826.0 16.0
53143.0 10369.0 16.0
53785.0 10855.0 16.0
54245.0 10348.0 16.0
54341.0 10371.0 16.0
54579.0 10427.0 16.0
54671.0 10496.0 16.0
55011.0 10579.0 16.0
55029.0 10646.0 16.0
55125.0 10392.0 16.0
55203.0 10805.0 16.0
55629.0 10715.0 16.0
55711.0 10755.0 16.0
55735.0 11144.0 16.0
55799.0 10564.0 16.0
55831.0 10690.0 16.0
55983.0 10670.0 16.0
56081.0 10963.0 16.0
56167.0 10521.0 16.0
56739.0 10546.0 16.0
57023.0 11013.0 16.0
57037.0 10453.0 16.0
57055.0 10843.0 16.0
57173.0 10582.0 16.0
57221.0 10615.0 16.0
57229.0 10581.0 16.0
57247.0 10531.0 16.0
57347.0 10701.0 16.0
57599.0 11062.0 16.0
57639.0 10799.0 16.0
57863.0 10721.0 16.0
57977.0 10502.0 16.0
58159.0 10842.0 16.0
58213.0 10748.0 16.0
58285.0 10685.0 16.0
58339.0 10873.0 16.0
58421.0 10954.0 16.0
58503.0 10835.0 16.0
58557.0 10548.0 16.0
58607.0 10570.0 16.0
58741.0 10868.0 16.0
59067.0 10552.0 16.0
59127.0 10764.0 16.0
59423.0 10790.0 16.0
59603.0 11090.0 16.0
59701.0 11050.0 16.0
60065.0 10924.0 16.0
60209.0 11152.0 16.0
60307.0 10826.0 16.0
60437.0 10835.0 16.0
60609.0 10671.0 16.0
60689.0 10571.0 16.0
60737.0 10645.0 16.0
60749.0 10863.0 16.0
60887.0 10767.0 16.0
60897.0 11198.0 16.0
60945.0 10720.0 16.0
61021.0 10620.0 16.0
61065.0 10806.0 16.0
61323.0 10803.0 16.0
61469.0 10523.0 16.0
61475.0 10714.0 16.0
61521.0 11147.0 16.0
61577.0 10507.0 16.0
61661.0 10679.0 16.0
61731.0 10943.0 16.0
61737.0 10725.0 16.0
62017.0 10930.0 16.0
62085.0 10680.0 16.0
62151.0 10725.0 16.0
62227.0 10883.0 16.0
62521.0 10764.0 16.0
63269.0 10867.0 16.0
63313.0 11060.0 16.0
63319.0 10866.0 16.0
63381.0 11321.0 16.0
63411.0 10972.0 16.0
63603.0 10447.0 16.0
63869.0 10801.0 16.0
63921.0 11067.0 16.0
63921.0 10846.0 16.0
64071.0 11021.0 16.0
64125.0 11198.0 16.0
64657.0 11063.0 16.0
65079.0 11282.0 16.0
65139.0 10827.0 16.0
65519.0 10976.0 16.0
65551.0 11042.0 16.0
65917.0 11340.0 16.0
66115.0 10834.0 16.0
66795.0 10910.0 16.0
67411.0 10919.0 16.0
68217.0 11280.0 16.0
68755.0 11159.0 16.0
69639.0 11103.0 16.0
70339.0 11567.0 16.0
