rev1.1
2591.0 609.0 11.39062500000005
2651.0 676.0 10.292591572368556
2693.0 644.0 13.95060955069516
2713.0 647.0 13.950609550695265
2857.0 653.0 12.605798741586717
2869.0 644.0 15.438887358552945
2881.0 631.0 12.605798741586717
2909.0 711.0 13.950609550695276
2917.0 653.0 15.43888735855304
2919.0 653.0 13.9506095506953
2921.0 628.0 16.0
2951.0 728.0 13.950609550695381
2951.0 695.0 10.292591572368597
2971.0 650.0 16.0
2987.0 628.0 16.0
3043.0 653.0 15.438887358553117
3061.0 652.0 16.0
3067.0 702.0 16.0
3069.0 679.0 16.0
3099.0 689.0 16.0
3113.0 787.0 9.300406367130028
3113.0 612.0 16.0
3119.0 766.0 11.390625000000322
3125.0 707.0 16.0
3131.0 684.0 13.950609550695123
3147.0 639.0 16.0
3159.0 768.0 11.39062500000037
3167.0 606.0 16.0
3171.0 610.0 16.0
3193.0 642.0 16.0
3203.0 728.0 16.0
3291.0 729.0 12.605798741586785
3303.0 731.0 11.390625000000242
3305.0 723.0 16.0
3311.0 730.0 16.0
3311.0 676.0 16.0
3327.0 671.0 16.0
3339.0 681.0 16.0
3355.0 663.0 16.0
3359.0 702.0 15.438887358552895
3377.0 751.0 16.0
3403.0 725.0 16.0
3443.0 676.0 16.0
3449.0 699.0 16.0
3455.0 735.0 16.0
3513.0 732.0 16.0
3519.0 671.0 16.0
3543.0 741.0 16.0
3545.0 649.0 16.0
3557.0 725.0 16.0
3571.0 746.0 16.0
3577.0 693.0 16.0
3595.0 694.0 16.0
3601.0 736.0 16.0
3611.0 795.0 16.0
3625.0 654.0 16.0
3651.0 730.0 16.0
3655.0 781.0 16.0
3657.0 732.0 16.0
3659.0 725.0 16.0
3669.0 741.0 16.0
3673.0 646.0 16.0
3689.0 724.0 16.0
3701.0 714.0 16.0
3729.0 737.0 16.0
3735.0 773.0 16.0
3753.0 699.0 16.0
3775.0 715.0 16.0
3807.0 701.0 16.0
3807.0 634.0 16.0
3815.0 772.0 16.0
3823.0 673.0 16.0
3839.0 804.0 16.0
3855.0 701.0 16.0
3887.0 764.0 16.0
3949.0 795.0 16.0
3967.0 820.0 16.0
3979.0 743.0 16.0
3993.0 700.0 16.0
4015.0 732.0 16.0
4019.0 684.0 16.0
4037.0 746.0 16.0
4053.0 763.0 16.0
4181.0 639.0 16.0
4183.0 830.0 16.0
4265.0 712.0 16.0
4269.0 790.0 16.0
4285.0 639.0 16.0
4337.0 777.0 16.0
4351.0 699.0 16.0
4357.0 754.0 16.0
4437.0 823.0 16.0
4515.0 704.0 16.0
4609.0 788.0 16.0
4625.0 871.0 16.0
4811.0 781.0 16.0
4841.0 776.0 16.0
5141.0 763.0 16.0
6345.0 738.0 16.0
6357.0 820.0 16.0
