rev1.1
216341.0 41868.0 16.0
218991.0 41800.0 16.0
220855.0 41973.0 16.0
222693.0 41979.0 16.0
223723.0 42892.0 16.0
225061.0 42516.0 16.0
225093.0 42876.0 16.0
225735.0 42492.0 16.0
225783.0 42054.0 16.0
226443.0 42130.0 16.0
226649.0 42381.0 16.0
226755.0 42228.0 16.0
227397.0 41825.0 16.0
228531.0 42174.0 16.0
228739.0 43010.0 16.0
229239.0 42287.0 16.0
229331.0 42354.0 16.0
229663.0 42149.0 16.0
230147.0 43074.0 16.0
230345.0 41958.0 16.0
230917.0 42532.0 16.0
231365.0 41871.0 16.0
231657.0 42248.0 16.0
231947.0 42503.0 16.0
232157.0 42917.0 16.0
233523.0 42461.0 16.0
234323.0 42784.0 16.0
234871.0 43026.0 16.0
235357.0 43086.0 16.0
235749.0 42730.0 16.0
236067.0 42743.0 16.0
236785.0 43347.0 16.0
237015.0 42862.0 16.0
237035.0 42694.0 16.0
237153.0 43306.0 16.0
237479.0 42803.0 16.0
237863.0 42233.0 16.0
238251.0 42471.0 16.0
239189.0 42720.0 16.0
239435.0 43016.0 16.0
239479.0 42410.0 16.0
240413.0 42373.0 16.0
240671.0 42854.0 16.0
241687.0 42700.0 16.0
242023.0 43676.0 16.0
242271.0 42856.0 16.0
243209.0 42721.0 16.0
243401.0 43089.0 16.0
244053.0 42756.0 16.0
244161.0 42662.0 16.0
245295.0 43206.0 16.0
245317.0 43285.0 16.0
245707.0 42437.0 16.0
246585.0 43179.0 16.0
246863.0 42933.0 16.0
247265.0 43374.0 16.0
247303.0 42714.0 16.0
247761.0 43223.0 16.0
248163.0 42496.0 16.0
248499.0 43761.0 16.0
248501.0 43190.0 16.0
248887.0 43615.0 16.0
249995.0 43181.0 16.0
250285.0 42895.0 16.0
250949.0 43366.0 16.0
251089.0 43563.0 16.0
251131.0 43560.0 16.0
252389.0 43375.0 16.0
252821.0 42928.0 16.0
252825.0 43308.0 16.0
253163.0 42967.0 16.0
254153.0 43373.0 16.0
254671.0 43690.0 16.0
255261.0 43269.0 16.0
255523.0 43348.0 16.0
255869.0 43517.0 16.0
257727.0 44083.0 16.0
259249.0 43847.0 16.0
259811.0 43387.0 16.0
260847.0 42931.0 16.0
261289.0 43082.0 16.0
261369.0 43930.0 16.0
261795.0 43994.0 16.0
262669.0 43768.0 16.0
263539.0 43560.0 16.0
264481.0 44025.0 16.0
265347.0 43243.0 16.0
266311.0 43139.0 16.0
267525.0 44193.0 16.0
267701.0 43920.0 16.0
269479.0 43727.0 16.0
270605.0 44007.0 16.0
273261.0 44012.0 16.0
274891.0 43909.0 16.0
276925.0 44258.0 16.0
279319.0 43616.0 16.0
280661.0 44298.0 16.0
284287.0 44105.0 16.0
325917.0 45883.0 16.0
376169.0 47127.0 16.0
