rev1.1
20145.0 4144.0 8.0
20897.0 4198.0 8.0
21751.0 4380.0 8.0
21783.0 4368.0 8.0
21887.0 4315.0 8.0
21909.0 4403.0 8.0
21927.0 4249.0 8.0
22081.0 4364.0 8.0
22159.0 4331.0 8.0
22189.0 4341.0 8.0
22217.0 4360.0 8.0
22399.0 4363.0 8.0
22401.0 4336.0 8.0
22447.0 4320.0 8.0
22457.0 4370.0 8.0
22499.0 4391.0 8.0
22571.0 4417.0 8.0
22585.0 4306.0 8.0
22707.0 4337.0 8.0
22795.0 4385.0 8.0
22835.0 4418.0 8.0
22889.0 4492.0 8.0
22929.0 4255.0 8.0
23003.0 4338.0 8.0
23011.0 4386.0 8.0
23045.0 4297.0 8.0
23047.0 4380.0 8.0
23109.0 4408.0 8.0
23201.0 4358.0 8.0
23213.0 4291.0 8.0
23217.0 4436.0 8.0
23217.0 4327.0 8.0
23269.0 4465.0 8.0
23275.0 4462.0 8.0
23387.0 4305.0 8.0
23407.0 4428.0 8.0
23451.0 4407.0 8.0
23463.0 4333.0 8.0
23515.0 4404.0 8.0
23543.0 4527.0 8.0
23561.0 4399.0 8.0
23595.0 4467.0 8.0
23699.0 4500.0 8.0
23879.0 4528.0 8.0
23991.0 4381.0 8.0
24099.0 4540.0 8.0
24109.0 4470.0 8.0
24183.0 4302.0 8.0
24215.0 4508.0 8.0
24271.0 4600.0 8.0
24321.0 4477.0 8.0
24335.0 4477.0 8.0
24379.0 4550.0 8.0
24481.0 4388.0 8.0
24481.0 4496.0 8.0
24497.0 4449.0 8.0
24585.0 4625.0 8.0
24595.0 4551.0 8.0
24611.0 4497.0 8.0
24685.0 4625.0 8.0
24799.0 4468.0 8.0
24935.0 4590.0 8.0
24977.0 4573.0 8.0
25037.0 4428.0 8.0
25053.0 4479.0 8.0
25189.0 4473.0 8.0
25305.0 4560.0 8.0
25505.0 4615.0 8.0
25505.0 4554.0 8.0
25535.0 4533.0 8.0
25675.0 4466.0 8.0
25683.0 4638.0 8.0
25699.0 4558.0 8.0
25739.0 4589.0 8.0
25849.0 4617.0 8.0
25889.0 4506.0 8.0
25891.0 4651.0 8.0
25971.0 4583.0 8.0
26071.0 4550.0 8.0
26237.0 4508.0 8.0
26447.0 4688.0 8.0
26489.0 4679.0 8.0
26491.0 4572.0 8.0
26777.0 4604.0 8.0
26847.0 4639.0 8.0
26869.0 4641.0 8.0
26895.0 4606.0 8.0
27213.0 4675.0 8.0
27331.0 4790.0 8.0
27427.0 4643.0 8.0
27883.0 4662.0 8.0
28005.0 4654.0 8.0
28103.0 4665.0 8.0
28281.0 4741.0 8.0
28695.0 4811.0 8.0
28733.0 4820.0 8.0
29091.0 4703.0 8.0
29261.0 4719.0 8.0
29433.0 4754.0 8.0
30921.0 4928.0 8.0
