rev1.1
4583.0 1033.0 8.0
4645.0 1047.0 8.0
4651.0 1007.0 8.0
4681.0 1077.0 8.0
4735.0 1001.0 8.0
4759.0 971.0 8.0
4769.0 1106.0 8.0
4801.0 1014.0 8.0
4805.0 1077.0 8.0
4821.0 1129.0 8.0
4825.0 986.0 8.0
4833.0 1074.0 8.0
4861.0 990.0 8.0
4899.0 1120.0 8.0
4963.0 1037.0 8.0
4965.0 1003.0 8.0
4973.0 1050.0 8.0
4977.0 1054.0 8.0
5001.0 1090.0 8.0
5001.0 1041.0 8.0
5009.0 1073.0 8.0
5037.0 1081.0 8.0
5057.0 1051.0 8.0
5091.0 1059.0 8.0
5099.0 1041.0 8.0
5099.0 1076.0 8.0
5109.0 1074.0 8.0
5117.0 1054.0 8.0
5127.0 1076.0 8.0
5129.0 1046.0 8.0
5139.0 1029.0 8.0
5181.0 1131.0 8.0
5195.0 1072.0 8.0
5213.0 1076.0 8.0
5253.0 1088.0 8.0
5259.0 1122.0 8.0
5263.0 1083.0 8.0
5271.0 1114.0 8.0
5285.0 1087.0 8.0
5289.0 1093.0 8.0
5307.0 1104.0 8.0
5351.0 1089.0 8.0
5355.0 1103.0 8.0
5371.0 1011.0 8.0
5371.0 1102.0 8.0
5387.0 1072.0 8.0
5429.0 1097.0 8.0
5449.0 1055.0 8.0
5467.0 1081.0 8.0
5475.0 1148.0 8.0
5481.0 1085.0 8.0
5489.0 1065.0 8.0
5503.0 1037.0 8.0
5519.0 1161.0 8.0
5531.0 1094.0 8.0
5537.0 1076.0 8.0
5551.0 1116.0 8.0
5555.0 1088.0 8.0
5561.0 1171.0 8.0
5587.0 1134.0 8.0
5611.0 1064.0 8.0
5623.0 1069.0 8.0
5625.0 1099.0 8.0
5667.0 1095.0 8.0
5677.0 1163.0 8.0
5683.0 1108.0 8.0
5693.0 1093.0 8.0
5725.0 1222.0 8.0
5729.0 1029.0 8.0
5741.0 1118.0 8.0
5767.0 1121.0 8.0
5773.0 1139.0 8.0
5789.0 1202.0 8.0
5791.0 1105.0 8.0
5791.0 1148.0 8.0
5801.0 1121.0 8.0
5845.0 1075.0 8.0
5851.0 1120.0 8.0
5871.0 1135.0 8.0
5885.0 1087.0 8.0
5901.0 1177.0 8.0
5909.0 1104.0 8.0
5923.0 1098.0 8.0
5955.0 1188.0 8.0
5961.0 1198.0 8.0
5987.0 1157.0 8.0
5987.0 1115.0 8.0
6029.0 1092.0 8.0
6159.0 1091.0 8.0
6189.0 1159.0 8.0
6241.0 1089.0 8.0
6317.0 1119.0 8.0
6333.0 1196.0 8.0
6361.0 1150.0 8.0
6753.0 1174.0 8.0
6811.0 1151.0 8.0
7393.0 1198.0 8.0
7707.0 1286.0 8.0
8891.0 1307.0 8.0
9245.0 1319.0 8.0
