rev1.1
93355.0 17811.0 8.0
94049.0 17909.0 8.0
95727.0 17584.0 8.0
95859.0 17810.0 8.0
97211.0 17693.0 8.0
97749.0 17841.0 8.0
97877.0 17848.0 8.0
98063.0 17488.0 8.0
98191.0 17839.0 8.0
98699.0 17991.0 8.0
98953.0 18077.0 8.0
99085.0 18025.0 8.0
99235.0 17840.0 8.0
99325.0 18164.0 8.0
99451.0 18147.0 8.0
99491.0 18010.0 8.0
99783.0 17722.0 8.0
99821.0 18163.0 8.0
100167.0 18151.0 8.0
100611.0 18251.0 8.0
101193.0 18063.0 8.0
101211.0 18245.0 8.0
101511.0 18335.0 8.0
101753.0 18246.0 8.0
101807.0 18288.0 8.0
101853.0 18083.0 8.0
102035.0 18168.0 8.0
102799.0 18352.0 8.0
102877.0 18416.0 8.0
102895.0 18250.0 8.0
102965.0 18419.0 8.0
103033.0 18230.0 8.0
103213.0 18424.0 8.0
103217.0 18063.0 8.0
103307.0 18463.0 8.0
103361.0 18426.0 8.0
103429.0 18341.0 8.0
103607.0 18198.0 8.0
103765.0 18276.0 8.0
104859.0 18337.0 8.0
104883.0 18369.0 8.0
104903.0 18249.0 8.0
105393.0 18284.0 8.0
105571.0 18442.0 8.0
105623.0 18398.0 8.0
105845.0 18246.0 8.0
105883.0 18288.0 8.0
106295.0 18301.0 8.0
106337.0 18597.0 8.0
106537.0 18453.0 8.0
106561.0 18518.0 8.0
106639.0 18369.0 8.0
106651.0 18570.0 8.0
106967.0 18165.0 8.0
107033.0 18179.0 8.0
107079.0 18571.0 8.0
107195.0 18464.0 8.0
107479.0 18339.0 8.0
107521.0 18283.0 8.0
107749.0 18483.0 8.0
107953.0 18668.0 8.0
108187.0 18733.0 8.0
108539.0 18750.0 8.0
109349.0 18809.0 8.0
109559.0 18562.0 8.0
109571.0 18339.0 8.0
109619.0 18756.0 8.0
109771.0 18423.0 8.0
110071.0 18648.0 8.0
110079.0 18821.0 8.0
110091.0 18632.0 8.0
111903.0 18840.0 8.0
112383.0 18768.0 8.0
112479.0 18997.0 8.0
112735.0 19085.0 8.0
112835.0 18708.0 8.0
113325.0 18886.0 8.0
113495.0 18933.0 8.0
113593.0 18766.0 8.0
113957.0 19041.0 8.0
114125.0 18873.0 8.0
116227.0 19070.0 8.0
116883.0 18962.0 8.0
117041.0 19263.0 8.0
117341.0 19283.0 8.0
117773.0 19210.0 8.0
118709.0 19129.0 8.0
118917.0 19352.0 8.0
119211.0 19375.0 8.0
120985.0 19778.0 8.0
123951.0 19614.0 8.0
124243.0 19544.0 8.0
127037.0 19796.0 8.0
128461.0 19683.0 8.0
129553.0 20013.0 8.0
129861.0 19941.0 8.0
133865.0 20328.0 8.0
136569.0 20453.0 8.0
136583.0 20284.0 8.0
146897.0 21080.0 8.0
