rev1.1
198083.0 36204.0 8.0
198997.0 35636.0 8.0
199549.0 35926.0 8.0
201581.0 36385.0 8.0
202725.0 36434.0 8.0
203347.0 36481.0 8.0
205567.0 36771.0 8.0
205739.0 36676.0 8.0
206059.0 36665.0 8.0
206137.0 36309.0 8.0
206703.0 36386.0 8.0
206977.0 36597.0 8.0
209873.0 36652.0 8.0
210317.0 37070.0 8.0
210341.0 36844.0 8.0
210367.0 36790.0 8.0
210587.0 36805.0 8.0
211037.0 36579.0 8.0
211265.0 36646.0 8.0
212487.0 36822.0 8.0
212565.0 36726.0 8.0
213099.0 37208.0 8.0
213233.0 36543.0 8.0
213515.0 37205.0 8.0
214339.0 37103.0 8.0
214877.0 37135.0 8.0
215005.0 37117.0 8.0
215449.0 37218.0 8.0
216333.0 37164.0 8.0
217977.0 37230.0 8.0
218157.0 36831.0 8.0
218381.0 37182.0 8.0
220135.0 37036.0 8.0
220483.0 37286.0 8.0
220979.0 37709.0 8.0
221781.0 37210.0 8.0
221795.0 37565.0 8.0
221971.0 37464.0 8.0
222107.0 37734.0 8.0
222141.0 37627.0 8.0
222585.0 37097.0 8.0
222807.0 37261.0 8.0
222811.0 37520.0 8.0
223489.0 37452.0 8.0
223637.0 37638.0 8.0
223997.0 37518.0 8.0
224125.0 37756.0 8.0
224131.0 37181.0 8.0
225653.0 37730.0 8.0
225745.0 37941.0 8.0
225753.0 37709.0 8.0
225905.0 37409.0 8.0
226087.0 37607.0 8.0
226187.0 37710.0 8.0
226295.0 37713.0 8.0
226463.0 37999.0 8.0
227017.0 38058.0 8.0
227295.0 38026.0 8.0
227371.0 37894.0 8.0
227679.0 37928.0 8.0
228077.0 38104.0 8.0
228601.0 38158.0 8.0
228845.0 37980.0 8.0
229355.0 37911.0 8.0
229875.0 38414.0 8.0
231079.0 38233.0 8.0
231105.0 38271.0 8.0
234031.0 38518.0 8.0
234219.0 38193.0 8.0
234841.0 38359.0 8.0
235609.0 38531.0 8.0
236021.0 38410.0 8.0
236249.0 38406.0 8.0
236673.0 38073.0 8.0
237003.0 38364.0 8.0
237233.0 38389.0 8.0
237573.0 38679.0 8.0
238231.0 38384.0 8.0
240051.0 38838.0 8.0
240605.0 38669.0 8.0
241719.0 38968.0 8.0
242061.0 38766.0 8.0
243085.0 38881.0 8.0
243649.0 38763.0 8.0
244321.0 38875.0 8.0
244569.0 39030.0 8.0
244711.0 38481.0 8.0
246265.0 39460.0 8.0
246567.0 39174.0 8.0
247999.0 38941.0 8.0
248791.0 38801.0 8.0
248815.0 39064.0 8.0
249905.0 39521.0 8.0
250653.0 39008.0 8.0
251001.0 39461.0 8.0
251441.0 39622.0 8.0
255871.0 39780.0 8.0
257831.0 40027.0 8.0
265243.0 40322.0 8.0
273905.0 40833.0 8.0
