rev1.1
1993.0 503.0 8.0
2105.0 527.0 8.0
2193.0 462.0 8.0
2237.0 513.0 8.0
2243.0 566.0 8.0
2253.0 496.0 8.0
2257.0 537.0 8.0
2297.0 565.0 8.0
2327.0 519.0 8.0
2345.0 544.0 8.0
2351.0 525.0 8.0
2363.0 526.0 8.0
2377.0 548.0 8.0
2395.0 537.0 8.0
2395.0 516.0 8.0
2399.0 548.0 8.0
2405.0 560.0 8.0
2411.0 523.0 8.0
2415.0 518.0 8.0
2419.0 577.0 8.0
2421.0 517.0 8.0
2433.0 516.0 8.0
2439.0 533.0 8.0
2443.0 518.0 8.0
2443.0 492.0 8.0
2451.0 560.0 8.0
2455.0 512.0 8.0
2459.0 546.0 8.0
2481.0 523.0 8.0
2487.0 530.0 8.0
2501.0 515.0 8.0
2527.0 588.0 8.0
2539.0 572.0 8.0
2549.0 506.0 8.0
2561.0 531.0 8.0
2569.0 505.0 8.0
2581.0 530.0 8.0
2593.0 519.0 8.0
2605.0 570.0 8.0
2613.0 529.0 8.0
2613.0 543.0 8.0
2619.0 514.0 8.0
2621.0 540.0 8.0
2629.0 498.0 8.0
2635.0 519.0 8.0
2643.0 567.0 8.0
2647.0 558.0 8.0
2651.0 546.0 8.0
2651.0 559.0 8.0
2675.0 556.0 8.0
2679.0 502.0 8.0
2699.0 559.0 8.0
2721.0 536.0 8.0
2733.0 546.0 8.0
2741.0 540.0 8.0
2747.0 564.0 8.0
2771.0 570.0 8.0
2773.0 567.0 8.0
2781.0 564.0 8.0
2793.0 569.0 8.0
2799.0 564.0 8.0
2801.0 529.0 8.0
2803.0 538.0 8.0
2805.0 572.0 8.0
2819.0 569.0 8.0
2819.0 609.0 8.0
2825.0 560.0 8.0
2831.0 522.0 8.0
2835.0 553.0 8.0
2835.0 578.0 8.0
2841.0 595.0 8.0
2851.0 546.0 8.0
2851.0 564.0 8.0
2861.0 583.0 8.0
2867.0 588.0 8.0
2877.0 558.0 8.0
2889.0 563.0 8.0
2895.0 551.0 8.0
2903.0 579.0 8.0
2947.0 606.0 8.0
2951.0 590.0 8.0
2973.0 567.0 8.0
2981.0 587.0 8.0
2987.0 539.0 8.0
2989.0 549.0 8.0
3021.0 563.0 8.0
3059.0 619.0 8.0
3081.0 571.0 8.0
3129.0 571.0 8.0
3145.0 571.0 8.0
3167.0 543.0 8.0
3171.0 602.0 8.0
3179.0 586.0 8.0
3227.0 588.0 8.0
3519.0 614.0 8.0
3533.0 599.0 8.0
3631.0 572.0 8.0
3639.0 624.0 8.0
3655.0 612.0 8.0
3697.0 634.0 8.0
