rev1.1
761.0 226.0 6.200270911419985
961.0 243.0 6.861727714912344
969.0 251.0 8.0
987.0 270.0 7.593750000000064
995.0 265.0 7.593750000000077
1003.0 248.0 8.0
1021.0 244.0 8.0
1025.0 262.0 7.593750000000115
1027.0 294.0 6.86172771491235
1031.0 272.0 8.0
1035.0 240.0 8.0
1041.0 259.0 8.0
1061.0 238.0 8.0
1065.0 288.0 8.0
1069.0 279.0 8.0
1077.0 255.0 8.0
1079.0 280.0 8.0
1087.0 262.0 8.0
1089.0 264.0 8.0
1091.0 267.0 8.0
1091.0 267.0 8.0
1091.0 277.0 8.0
1093.0 279.0 7.593750000000093
1095.0 225.0 8.0
1099.0 246.0 8.0
1113.0 284.0 8.0
1127.0 299.0 7.593750000000074
1129.0 261.0 7.593750000000119
1129.0 295.0 8.0
1129.0 247.0 8.0
1133.0 243.0 7.593750000000072
1141.0 297.0 7.593750000000157
1141.0 271.0 7.593750000000068
1143.0 271.0 7.593750000000077
1145.0 248.0 8.0
1147.0 245.0 8.0
1149.0 272.0 8.0
1149.0 271.0 8.0
1153.0 262.0 8.0
1159.0 288.0 8.0
1173.0 277.0 8.0
1175.0 298.0 8.0
1189.0 284.0 8.0
1199.0 278.0 8.0
1199.0 265.0 8.0
1209.0 282.0 8.0
1221.0 266.0 8.0
1231.0 267.0 8.0
1237.0 277.0 8.0
1243.0 274.0 8.0
1249.0 251.0 8.0
1259.0 283.0 8.0
1271.0 297.0 8.0
1271.0 261.0 8.0
1271.0 260.0 8.0
1279.0 285.0 8.0
1279.0 303.0 7.593750000000113
1285.0 290.0 8.0
1289.0 265.0 8.0
1289.0 227.0 8.0
1289.0 255.0 8.0
1295.0 267.0 8.0
1307.0 276.0 8.0
1315.0 270.0 8.0
1315.0 302.0 8.0
1315.0 275.0 8.0
1321.0 313.0 8.0
1327.0 261.0 8.0
1337.0 267.0 8.0
1347.0 304.0 8.0
1351.0 283.0 8.0
1381.0 283.0 8.0
1389.0 265.0 8.0
1403.0 287.0 8.0
1405.0 282.0 8.0
1427.0 247.0 8.0
1435.0 304.0 8.0
1437.0 296.0 8.0
1439.0 312.0 8.0
1447.0 277.0 8.0
1449.0 296.0 8.0
1459.0 309.0 8.0
1461.0 301.0 8.0
1483.0 338.0 8.0
1485.0 297.0 8.0
1491.0 299.0 8.0
1493.0 292.0 8.0
1537.0 295.0 8.0
1537.0 282.0 8.0
1537.0 320.0 8.0
1549.0 303.0 8.0
1561.0 302.0 8.0
1573.0 321.0 8.0
1589.0 313.0 8.0
1597.0 310.0 8.0
1607.0 282.0 8.0
1647.0 314.0 8.0
1687.0 313.0 8.0
1851.0 285.0 8.0
2041.0 356.0 8.0
