rev1.1
43869.0 8502.0 8.0
44205.0 8461.0 8.0
44287.0 8761.0 8.0
45263.0 8690.0 8.0
45529.0 8872.0 8.0
46123.0 8721.0 8.0
46143.0 8787.0 8.0
46241.0 8725.0 8.0
46645.0 8802.0 8.0
46771.0 8982.0 8.0
46793.0 8785.0 8.0
46837.0 8849.0 8.0
46847.0 8718.0 8.0
46853.0 8887.0 8.0
46885.0 9067.0 8.0
47373.0 8949.0 8.0
47443.0 8873.0 8.0
47659.0 8695.0 8.0
47685.0 8825.0 8.0
47777.0 8867.0 8.0
47893.0 8927.0 8.0
47947.0 8825.0 8.0
48035.0 8956.0 8.0
48049.0 8821.0 8.0
48151.0 8871.0 8.0
48193.0 8838.0 8.0
48219.0 9020.0 8.0
48299.0 8911.0 8.0
48489.0 8875.0 8.0
48581.0 9064.0 8.0
48783.0 9098.0 8.0
49021.0 8841.0 8.0
49023.0 9054.0 8.0
49121.0 8999.0 8.0
49311.0 9117.0 8.0
49381.0 8824.0 8.0
49387.0 9016.0 8.0
49423.0 8833.0 8.0
49441.0 8924.0 8.0
49481.0 8952.0 8.0
49517.0 8949.0 8.0
49521.0 8926.0 8.0
49599.0 9005.0 8.0
49637.0 8914.0 8.0
49823.0 9093.0 8.0
49833.0 9105.0 8.0
49901.0 9156.0 8.0
49983.0 9159.0 8.0
50029.0 9028.0 8.0
50043.0 8880.0 8.0
50257.0 8969.0 8.0
50261.0 9003.0 8.0
50445.0 9114.0 8.0
50541.0 9076.0 8.0
50587.0 8900.0 8.0
50591.0 9015.0 8.0
50743.0 9032.0 8.0
50747.0 9211.0 8.0
50815.0 9150.0 8.0
50975.0 9325.0 8.0
50981.0 9072.0 8.0
51415.0 9300.0 8.0
51533.0 9172.0 8.0
51559.0 9101.0 8.0
51695.0 9397.0 8.0
51701.0 9134.0 8.0
51721.0 9352.0 8.0
51763.0 9322.0 8.0
51991.0 9146.0 8.0
52091.0 9171.0 8.0
52249.0 9140.0 8.0
52433.0 9259.0 8.0
52441.0 9151.0 8.0
52513.0 9184.0 8.0
53077.0 9236.0 8.0
53127.0 9186.0 8.0
53283.0 9191.0 8.0
53563.0 9362.0 8.0
53931.0 9420.0 8.0
54223.0 9251.0 8.0
54241.0 9348.0 8.0
54411.0 9157.0 8.0
54745.0 9378.0 8.0
55407.0 9471.0 8.0
55555.0 9438.0 8.0
55623.0 9210.0 8.0
56707.0 9543.0 8.0
56727.0 9612.0 8.0
57081.0 9377.0 8.0
57215.0 9395.0 8.0
57463.0 9612.0 8.0
57521.0 9579.0 8.0
57931.0 9633.0 8.0
58561.0 9698.0 8.0
58905.0 9457.0 8.0
58997.0 9708.0 8.0
60259.0 9737.0 8.0
60703.0 9674.0 8.0
62907.0 9828.0 8.0
69299.0 10291.0 8.0
