rev1.1
9733.0 2125.0 8.0
9897.0 1988.0 8.0
10237.0 2159.0 8.0
10313.0 2143.0 8.0
10319.0 2107.0 8.0
10435.0 2115.0 8.0
10445.0 2264.0 8.0
10521.0 2134.0 8.0
10537.0 2120.0 8.0
10565.0 2186.0 8.0
10593.0 2177.0 8.0
10623.0 2129.0 8.0
10637.0 2139.0 8.0
10661.0 2189.0 8.0
10711.0 2192.0 8.0
10723.0 2108.0 8.0
10769.0 2174.0 8.0
10773.0 2121.0 8.0
10799.0 2222.0 8.0
10839.0 2070.0 8.0
10863.0 2127.0 8.0
10933.0 2152.0 8.0
10947.0 2045.0 8.0
10949.0 2138.0 8.0
10961.0 2210.0 8.0
10977.0 2240.0 8.0
10991.0 2162.0 8.0
11007.0 2133.0 8.0
11109.0 2242.0 8.0
11111.0 2199.0 8.0
11131.0 2196.0 8.0
11141.0 2126.0 8.0
11157.0 2154.0 8.0
11171.0 2185.0 8.0
11223.0 2316.0 8.0
11241.0 2163.0 8.0
11281.0 2174.0 8.0
11281.0 2099.0 8.0
11281.0 2141.0 8.0
11301.0 2283.0 8.0
11337.0 2247.0 8.0
11343.0 2337.0 8.0
11361.0 2127.0 8.0
11383.0 2196.0 8.0
11389.0 2213.0 8.0
11405.0 2174.0 8.0
11419.0 2257.0 8.0
11437.0 2210.0 8.0
11483.0 2134.0 8.0
11493.0 2263.0 8.0
11509.0 2228.0 8.0
11525.0 2167.0 8.0
11535.0 2166.0 8.0
11579.0 2145.0 8.0
11591.0 2246.0 8.0
11639.0 2234.0 8.0
11781.0 2224.0 8.0
11817.0 2270.0 8.0
11825.0 2203.0 8.0
11841.0 2242.0 8.0
11849.0 2278.0 8.0
11857.0 2249.0 8.0
11897.0 2237.0 8.0
11935.0 2287.0 8.0
11941.0 2228.0 8.0
12085.0 2231.0 8.0
12109.0 2292.0 8.0
12113.0 2276.0 8.0
12139.0 2179.0 8.0
12189.0 2224.0 8.0
12213.0 2258.0 8.0
12255.0 2282.0 8.0
12283.0 2182.0 8.0
12301.0 2289.0 8.0
12355.0 2247.0 8.0
12373.0 2234.0 8.0
12443.0 2201.0 8.0
12457.0 2284.0 8.0
12525.0 2278.0 8.0
12645.0 2227.0 8.0
12687.0 2275.0 8.0
12749.0 2371.0 8.0
12857.0 2334.0 8.0
12897.0 2313.0 8.0
12935.0 2292.0 8.0
13007.0 2311.0 8.0
13085.0 2255.0 8.0
13143.0 2323.0 8.0
13153.0 2372.0 8.0
13185.0 2321.0 8.0
13269.0 2355.0 8.0
13289.0 2322.0 8.0
13381.0 2358.0 8.0
13383.0 2303.0 8.0
13457.0 2392.0 8.0
13779.0 2313.0 8.0
13833.0 2314.0 8.0
13855.0 2506.0 8.0
15423.0 2581.0 8.0
17065.0 2562.0 8.0
