rev1.1
858733.0 147866.0 8.0
868305.0 149344.0 8.0
876277.0 149147.0 8.0
879339.0 149697.0 8.0
887297.0 149926.0 8.0
888437.0 149241.0 8.0
890753.0 150499.0 8.0
892191.0 150263.0 8.0
895499.0 150210.0 8.0
896263.0 150231.0 8.0
896987.0 150443.0 8.0
897013.0 150760.0 8.0
902847.0 150831.0 8.0
902861.0 150702.0 8.0
902979.0 150303.0 8.0
906029.0 151377.0 8.0
915991.0 151544.0 8.0
916747.0 151343.0 8.0
917637.0 151929.0 8.0
917889.0 152439.0 8.0
918641.0 152191.0 8.0
924229.0 151592.0 8.0
924751.0 152711.0 8.0
925471.0 152326.0 8.0
927217.0 152371.0 8.0
927655.0 152878.0 8.0
928373.0 152293.0 8.0
930329.0 153025.0 8.0
930459.0 152404.0 8.0
931741.0 152475.0 8.0
932591.0 152369.0 8.0
933005.0 152961.0 8.0
936939.0 152706.0 8.0
942965.0 153335.0 8.0
943775.0 152983.0 8.0
943907.0 153717.0 8.0
945815.0 153688.0 8.0
948759.0 153468.0 8.0
949061.0 154067.0 8.0
949223.0 154130.0 8.0
950239.0 154188.0 8.0
950487.0 154661.0 8.0
951027.0 154161.0 8.0
951653.0 154397.0 8.0
951839.0 154035.0 8.0
954375.0 153494.0 8.0
955093.0 154127.0 8.0
956279.0 153768.0 8.0
956463.0 153856.0 8.0
958929.0 154209.0 8.0
961025.0 154539.0 8.0
965279.0 155196.0 8.0
969251.0 155547.0 8.0
970113.0 155382.0 8.0
970359.0 155128.0 8.0
970559.0 155028.0 8.0
971183.0 156081.0 8.0
971237.0 154317.0 8.0
971493.0 155510.0 8.0
973853.0 155640.0 8.0
973967.0 155761.0 8.0
974861.0 155202.0 8.0
975045.0 154923.0 8.0
977287.0 155491.0 8.0
977709.0 155320.0 8.0
977755.0 155962.0 8.0
981355.0 155631.0 8.0
982369.0 156116.0 8.0
983107.0 156544.0 8.0
983573.0 155634.0 8.0
984601.0 156232.0 8.0
985013.0 155764.0 8.0
1004559.0 156527.0 8.0
1005295.0 157751.0 8.0
1006901.0 157153.0 8.0
1018961.0 158165.0 8.0
1030293.0 158895.0 8.0
1030901.0 158947.0 8.0
1036863.0 159469.0 8.0
1043057.0 159563.0 8.0
1043271.0 159862.0 8.0
1048657.0 160151.0 8.0
1059505.0 160336.0 8.0
1063839.0 161323.0 8.0
1067095.0 162035.0 8.0
1067507.0 160961.0 8.0
1074429.0 161638.0 8.0
1081089.0 161488.0 8.0
1084261.0 162177.0 8.0
1085083.0 161555.0 8.0
1087085.0 162455.0 8.0
1087809.0 161790.0 8.0
1094911.0 162776.0 8.0
1109199.0 163506.0 8.0
1115873.0 164224.0 8.0
1123807.0 164712.0 8.0
1131129.0 165425.0 8.0
1133609.0 165425.0 8.0
1148783.0 166851.0 8.0
1153905.0 166790.0 8.0
