rev1.1
412249.0 73130.0 8.0
416097.0 73937.0 8.0
419509.0 73465.0 8.0
419777.0 73836.0 8.0
422343.0 73466.0 8.0
422681.0 73798.0 8.0
423925.0 74024.0 8.0
429617.0 74093.0 8.0
429961.0 74645.0 8.0
430341.0 74351.0 8.0
431993.0 74722.0 8.0
432209.0 74472.0 8.0
433459.0 74637.0 8.0
437443.0 74878.0 8.0
437503.0 74250.0 8.0
437779.0 74108.0 8.0
438003.0 75082.0 8.0
439489.0 74534.0 8.0
440535.0 74495.0 8.0
440997.0 74803.0 8.0
441389.0 74571.0 8.0
442107.0 74623.0 8.0
443083.0 74248.0 8.0
444459.0 74893.0 8.0
445551.0 75289.0 8.0
447289.0 75136.0 8.0
448003.0 75207.0 8.0
448049.0 75514.0 8.0
449371.0 75406.0 8.0
449753.0 75601.0 8.0
452621.0 75032.0 8.0
453041.0 75546.0 8.0
453551.0 75824.0 8.0
456933.0 74950.0 8.0
457497.0 75283.0 8.0
457721.0 76028.0 8.0
459291.0 76224.0 8.0
460071.0 76010.0 8.0
460477.0 75523.0 8.0
460527.0 76040.0 8.0
461175.0 76158.0 8.0
461925.0 76085.0 8.0
462017.0 76544.0 8.0
464049.0 76096.0 8.0
465405.0 76541.0 8.0
465443.0 76403.0 8.0
465481.0 76239.0 8.0
467105.0 76756.0 8.0
467285.0 76090.0 8.0
468295.0 76763.0 8.0
469625.0 76688.0 8.0
470869.0 76621.0 8.0
471421.0 76884.0 8.0
472273.0 76468.0 8.0
473657.0 77023.0 8.0
474511.0 76584.0 8.0
477223.0 77137.0 8.0
477295.0 77230.0 8.0
477575.0 77305.0 8.0
477705.0 77127.0 8.0
478191.0 77327.0 8.0
478449.0 77286.0 8.0
478813.0 77002.0 8.0
479837.0 76854.0 8.0
481515.0 77213.0 8.0
481647.0 77176.0 8.0
483081.0 77042.0 8.0
484897.0 77285.0 8.0
485677.0 77827.0 8.0
486231.0 77939.0 8.0
486709.0 77863.0 8.0
486849.0 77596.0 8.0
489243.0 77967.0 8.0
489411.0 77948.0 8.0
489969.0 77871.0 8.0
490047.0 77667.0 8.0
494069.0 77576.0 8.0
494585.0 78101.0 8.0
496491.0 78061.0 8.0
496773.0 78075.0 8.0
497187.0 78382.0 8.0
499619.0 78375.0 8.0
500229.0 78633.0 8.0
500749.0 78249.0 8.0
501745.0 78314.0 8.0
503125.0 78704.0 8.0
503371.0 78004.0 8.0
504961.0 78662.0 8.0
510141.0 78709.0 8.0
517887.0 79340.0 8.0
518571.0 80029.0 8.0
518589.0 79974.0 8.0
520263.0 79693.0 8.0
520819.0 79382.0 8.0
521391.0 79957.0 8.0
521447.0 79418.0 8.0
528187.0 80270.0 8.0
539705.0 81029.0 8.0
549961.0 82210.0 8.0
553497.0 81773.0 8.0
