rev1.1
1189.0 296.0 8.0
1245.0 317.0 8.0
1259.0 316.0 8.0
1311.0 322.0 6.861727714912312
1317.0 280.0 8.0
1327.0 302.0 8.0
1339.0 307.0 8.0
1349.0 385.0 6.861727714912333
1359.0 346.0 8.0
1385.0 337.0 8.0
1407.0 323.0 8.0
1423.0 359.0 8.0
1451.0 348.0 8.0
1453.0 345.0 8.0
1471.0 324.0 8.0
1473.0 347.0 8.0
1483.0 381.0 8.0
1483.0 372.0 8.0
1489.0 350.0 8.0
1507.0 342.0 8.0
1509.0 351.0 8.0
1517.0 293.0 8.0
1533.0 318.0 8.0
1553.0 369.0 8.0
1565.0 370.0 8.0
1565.0 387.0 7.593750000000135
1567.0 391.0 8.0
1569.0 380.0 8.0
1575.0 353.0 8.0
1579.0 325.0 8.0
1585.0 341.0 7.5937500000001465
1589.0 381.0 8.0
1591.0 336.0 8.0
1599.0 357.0 8.0
1603.0 316.0 8.0
1607.0 329.0 8.0
1609.0 335.0 8.0
1617.0 383.0 8.0
1657.0 373.0 8.0
1715.0 386.0 8.0
1739.0 346.0 8.0
1749.0 346.0 8.0
1751.0 362.0 8.0
1751.0 394.0 8.0
1755.0 337.0 8.0
1763.0 448.0 8.0
1771.0 394.0 8.0
1777.0 344.0 8.0
1795.0 339.0 8.0
1795.0 367.0 8.0
1803.0 393.0 8.0
1811.0 424.0 8.0
1813.0 334.0 8.0
1817.0 384.0 8.0
1839.0 423.0 8.0
1855.0 359.0 8.0
1861.0 364.0 8.0
1867.0 353.0 8.0
1879.0 368.0 8.0
1883.0 439.0 8.0
1885.0 425.0 8.0
1887.0 353.0 8.0
1889.0 360.0 8.0
1907.0 380.0 8.0
1909.0 382.0 8.0
1913.0 328.0 8.0
1915.0 393.0 8.0
1957.0 382.0 8.0
1965.0 394.0 8.0
1977.0 362.0 8.0
1993.0 433.0 8.0
1995.0 388.0 8.0
1999.0 346.0 8.0
2005.0 351.0 8.0
2023.0 376.0 8.0
2031.0 440.0 8.0
2039.0 417.0 8.0
2043.0 373.0 8.0
2043.0 436.0 8.0
2055.0 420.0 8.0
2077.0 381.0 8.0
2087.0 417.0 8.0
2129.0 407.0 8.0
2161.0 434.0 8.0
2163.0 420.0 8.0
2163.0 458.0 8.0
2185.0 371.0 8.0
2213.0 428.0 8.0
2237.0 418.0 8.0
2261.0 369.0 8.0
2297.0 383.0 8.0
2315.0 392.0 8.0
2333.0 453.0 8.0
2391.0 448.0 8.0
2403.0 433.0 8.0
2427.0 430.0 8.0
2543.0 427.0 8.0
2801.0 391.0 8.0
2919.0 496.0 8.0
3911.0 513.0 8.0
