rev1.1
958421.0 180886.0 8.0
959031.0 181309.0 8.0
975933.0 182986.0 8.0
983433.0 182003.0 8.0
988717.0 183645.0 8.0
1002293.0 184173.0 8.0
1004517.0 185548.0 8.0
1005521.0 183775.0 8.0
1009135.0 184436.0 8.0
1009231.0 184168.0 8.0
1012213.0 183632.0 8.0
1014973.0 184563.0 8.0
1019247.0 184341.0 8.0
1021513.0 185078.0 8.0
1022545.0 184359.0 8.0
1023259.0 184973.0 8.0
1023359.0 186025.0 8.0
1023507.0 185702.0 8.0
1025927.0 185528.0 8.0
1026243.0 185246.0 8.0
1027149.0 185617.0 8.0
1028617.0 185766.0 8.0
1028843.0 186299.0 8.0
1033035.0 185062.0 8.0
1037117.0 185759.0 8.0
1041623.0 186634.0 8.0
1042723.0 185549.0 8.0
1043201.0 187409.0 8.0
1043785.0 186027.0 8.0
1048531.0 187181.0 8.0
1049341.0 185947.0 8.0
1052203.0 186274.0 8.0
1052631.0 187355.0 8.0
1054709.0 186577.0 8.0
1055905.0 186436.0 8.0
1056599.0 188452.0 8.0
1056901.0 187560.0 8.0
1060797.0 186880.0 8.0
1061921.0 187632.0 8.0
1062423.0 188726.0 8.0
1062785.0 188063.0 8.0
1065895.0 188393.0 8.0
1066175.0 188891.0 8.0
1067345.0 188418.0 8.0
1072599.0 188162.0 8.0
1073493.0 187926.0 8.0
1074745.0 187750.0 8.0
1075201.0 189331.0 8.0
1076483.0 188748.0 8.0
1078187.0 188574.0 8.0
1078271.0 188359.0 8.0
1080877.0 187859.0 8.0
1082829.0 191091.0 8.0
1083397.0 188823.0 8.0
1084685.0 187949.0 8.0
1090487.0 189381.0 8.0
1091773.0 189445.0 8.0
1093493.0 189519.0 8.0
1096791.0 189448.0 8.0
1099133.0 189758.0 8.0
1099665.0 189880.0 8.0
1101939.0 191293.0 8.0
1101975.0 190399.0 8.0
1111257.0 191075.0 8.0
1112981.0 190177.0 8.0
1114281.0 191012.0 8.0
1114955.0 190787.0 8.0
1115385.0 190864.0 8.0
1119927.0 191645.0 8.0
1120205.0 190864.0 8.0
1122839.0 190102.0 8.0
1123781.0 191112.0 8.0
1125529.0 192673.0 8.0
1129451.0 191856.0 8.0
1134527.0 191346.0 8.0
1136065.0 191719.0 8.0
1137767.0 191910.0 8.0
1139285.0 193083.0 8.0
1143553.0 193327.0 8.0
1144449.0 193771.0 8.0
1149591.0 192045.0 8.0
1149863.0 192445.0 8.0
1161101.0 194243.0 8.0
1161517.0 194216.0 8.0
1163893.0 194030.0 8.0
1169705.0 195075.0 8.0
1171323.0 196017.0 8.0
1171369.0 193118.0 8.0
1172753.0 194435.0 8.0
1173535.0 194601.0 8.0
1182331.0 194923.0 8.0
1187067.0 195240.0 8.0
1201117.0 194753.0 8.0
1206553.0 196304.0 8.0
1213913.0 196523.0 8.0
1221237.0 197934.0 8.0
1231755.0 198704.0 8.0
1314863.0 203483.0 8.0
1341517.0 206114.0 8.0
1361811.0 205525.0 8.0
