rev1.1
108999.0 22332.0 8.0
109235.0 22276.0 8.0
110327.0 22386.0 8.0
110555.0 22437.0 8.0
111159.0 22143.0 8.0
111611.0 22291.0 8.0
112365.0 22439.0 8.0
113691.0 22524.0 8.0
113989.0 22641.0 8.0
114019.0 22599.0 8.0
114251.0 22639.0 8.0
114873.0 22529.0 8.0
115055.0 22243.0 8.0
115301.0 22841.0 8.0
116081.0 22807.0 8.0
116283.0 22760.0 8.0
116333.0 22874.0 8.0
116393.0 23166.0 8.0
116439.0 22773.0 8.0
116537.0 22656.0 8.0
116541.0 22614.0 8.0
116667.0 22779.0 8.0
116689.0 22164.0 8.0
117001.0 22816.0 8.0
117155.0 22616.0 8.0
117507.0 22675.0 8.0
117685.0 22689.0 8.0
117895.0 22546.0 8.0
117987.0 23031.0 8.0
118167.0 22834.0 8.0
118535.0 22965.0 8.0
118715.0 22753.0 8.0
118959.0 22689.0 8.0
118999.0 22737.0 8.0
119299.0 22789.0 8.0
119329.0 22789.0 8.0
119655.0 22954.0 8.0
120023.0 22853.0 8.0
120079.0 22856.0 8.0
120097.0 22910.0 8.0
120273.0 23013.0 8.0
120361.0 22987.0 8.0
120939.0 22888.0 8.0
121441.0 22932.0 8.0
121641.0 22665.0 8.0
122413.0 22884.0 8.0
122443.0 22840.0 8.0
122477.0 23357.0 8.0
122629.0 22783.0 8.0
122633.0 23447.0 8.0
122767.0 23546.0 8.0
123179.0 22721.0 8.0
123183.0 22761.0 8.0
123443.0 23238.0 8.0
123701.0 23006.0 8.0
123847.0 22934.0 8.0
124733.0 23078.0 8.0
125247.0 23093.0 8.0
125531.0 22993.0 8.0
125803.0 23481.0 8.0
126139.0 23453.0 8.0
126587.0 23375.0 8.0
126687.0 23414.0 8.0
127347.0 23312.0 8.0
127731.0 23160.0 8.0
127833.0 22950.0 8.0
127977.0 23250.0 8.0
128211.0 23620.0 8.0
128741.0 23747.0 8.0
129259.0 23513.0 8.0
129665.0 23347.0 8.0
129963.0 23552.0 8.0
129965.0 23183.0 8.0
131023.0 23436.0 8.0
131385.0 23503.0 8.0
131393.0 23993.0 8.0
132605.0 24072.0 8.0
133023.0 23571.0 8.0
133161.0 23945.0 8.0
133279.0 23522.0 8.0
133827.0 23579.0 8.0
135137.0 23708.0 8.0
135973.0 24297.0 8.0
136333.0 23973.0 8.0
136989.0 23817.0 8.0
137239.0 23987.0 8.0
138259.0 24037.0 8.0
138597.0 24034.0 8.0
138937.0 23996.0 8.0
139179.0 23606.0 8.0
139355.0 23648.0 8.0
139877.0 23833.0 8.0
141493.0 24482.0 8.0
142763.0 24537.0 8.0
145213.0 24600.0 8.0
145745.0 24436.0 8.0
146771.0 24292.0 8.0
151301.0 25150.0 8.0
153935.0 24954.0 8.0
154459.0 24872.0 8.0
