rev1.1
2451.0 584.0 8.0
2627.0 650.0 8.0
2627.0 663.0 6.861727714912393
2659.0 657.0 8.0
2797.0 714.0 8.0
2845.0 653.0 8.0
2857.0 665.0 8.0
2869.0 693.0 8.0
2871.0 651.0 8.0
2879.0 652.0 8.0
2939.0 692.0 8.0
2969.0 688.0 8.0
2973.0 628.0 8.0
2991.0 670.0 8.0
3013.0 675.0 8.0
3065.0 720.0 8.0
3085.0 757.0 8.0
3113.0 784.0 8.0
3113.0 666.0 8.0
3119.0 677.0 8.0
3129.0 645.0 8.0
3141.0 738.0 8.0
3141.0 703.0 8.0
3157.0 724.0 8.0
3167.0 662.0 8.0
3173.0 729.0 8.0
3225.0 682.0 8.0
3233.0 748.0 8.0
3237.0 647.0 8.0
3237.0 712.0 8.0
3241.0 689.0 8.0
3267.0 750.0 8.0
3267.0 754.0 8.0
3273.0 730.0 8.0
3317.0 654.0 8.0
3317.0 717.0 8.0
3327.0 691.0 8.0
3331.0 718.0 8.0
3335.0 702.0 8.0
3341.0 735.0 8.0
3347.0 719.0 8.0
3357.0 758.0 8.0
3395.0 714.0 8.0
3419.0 733.0 8.0
3429.0 701.0 8.0
3471.0 804.0 8.0
3477.0 724.0 8.0
3487.0 738.0 8.0
3487.0 709.0 8.0
3499.0 728.0 8.0
3499.0 687.0 8.0
3509.0 711.0 8.0
3509.0 718.0 8.0
3511.0 675.0 8.0
3533.0 686.0 8.0
3553.0 733.0 8.0
3553.0 703.0 8.0
3579.0 713.0 8.0
3583.0 861.0 8.0
3583.0 744.0 8.0
3603.0 769.0 8.0
3613.0 781.0 8.0
3617.0 707.0 8.0
3653.0 815.0 8.0
3655.0 815.0 8.0
3679.0 737.0 8.0
3701.0 655.0 8.0
3747.0 732.0 8.0
3747.0 776.0 8.0
3763.0 759.0 8.0
3775.0 759.0 8.0
3801.0 767.0 8.0
3805.0 739.0 8.0
3811.0 758.0 8.0
3831.0 739.0 8.0
3849.0 753.0 8.0
3855.0 772.0 8.0
3887.0 711.0 8.0
3899.0 773.0 8.0
3927.0 761.0 8.0
3947.0 830.0 8.0
3949.0 752.0 8.0
3955.0 845.0 8.0
4015.0 744.0 8.0
4033.0 815.0 8.0
4041.0 758.0 8.0
4047.0 761.0 8.0
4085.0 784.0 8.0
4139.0 729.0 8.0
4149.0 753.0 8.0
4155.0 855.0 8.0
4227.0 824.0 8.0
4293.0 846.0 8.0
4471.0 814.0 8.0
4701.0 842.0 8.0
4779.0 858.0 8.0
4987.0 854.0 8.0
5183.0 861.0 8.0
5193.0 800.0 8.0
6013.0 917.0 8.0
