rev1.1
469505.0 89875.0 8.0
474525.0 90720.0 8.0
477101.0 90987.0 8.0
478437.0 90476.0 8.0
479185.0 91150.0 8.0
479393.0 91199.0 8.0
479935.0 90147.0 8.0
481831.0 90993.0 8.0
485515.0 91649.0 8.0
486467.0 91433.0 8.0
487827.0 91507.0 8.0
490613.0 91373.0 8.0
495409.0 92773.0 8.0
495583.0 91743.0 8.0
497941.0 91455.0 8.0
498421.0 91366.0 8.0
498951.0 91971.0 8.0
499201.0 92096.0 8.0
499665.0 91762.0 8.0
500191.0 92056.0 8.0
503271.0 92726.0 8.0
504823.0 92982.0 8.0
506853.0 92058.0 8.0
507725.0 92395.0 8.0
509707.0 92822.0 8.0
510027.0 92971.0 8.0
510571.0 92219.0 8.0
511349.0 93252.0 8.0
511667.0 92204.0 8.0
511821.0 92809.0 8.0
512039.0 92793.0 8.0
512175.0 92715.0 8.0
512537.0 92985.0 8.0
513005.0 93157.0 8.0
513045.0 92847.0 8.0
514857.0 93231.0 8.0
515747.0 93593.0 8.0
516117.0 93366.0 8.0
516557.0 92496.0 8.0
516923.0 92879.0 8.0
517849.0 94317.0 8.0
517927.0 93489.0 8.0
519125.0 93840.0 8.0
519903.0 93081.0 8.0
520291.0 93463.0 8.0
522461.0 93688.0 8.0
524225.0 93844.0 8.0
524621.0 93817.0 8.0
525023.0 93552.0 8.0
525955.0 93554.0 8.0
528871.0 94008.0 8.0
529469.0 93974.0 8.0
530903.0 94210.0 8.0
532455.0 94760.0 8.0
534657.0 94504.0 8.0
535713.0 94437.0 8.0
536429.0 93980.0 8.0
537513.0 94336.0 8.0
537867.0 94528.0 8.0
539133.0 95391.0 8.0
540283.0 94471.0 8.0
540951.0 94471.0 8.0
540959.0 95286.0 8.0
541337.0 94913.0 8.0
541745.0 94891.0 8.0
543049.0 94899.0 8.0
543053.0 94181.0 8.0
546383.0 94685.0 8.0
548239.0 95630.0 8.0
549153.0 95751.0 8.0
549303.0 95106.0 8.0
550943.0 95500.0 8.0
552237.0 94997.0 8.0
559665.0 96110.0 8.0
560487.0 96086.0 8.0
562123.0 95786.0 8.0
564639.0 95679.0 8.0
565191.0 95758.0 8.0
565421.0 96286.0 8.0
567503.0 97073.0 8.0
568597.0 96751.0 8.0
569917.0 96598.0 8.0
570243.0 96598.0 8.0
572455.0 96072.0 8.0
576119.0 96430.0 8.0
578629.0 96934.0 8.0
579035.0 97584.0 8.0
584129.0 97645.0 8.0
586993.0 97738.0 8.0
587111.0 97608.0 8.0
588257.0 98130.0 8.0
591735.0 98568.0 8.0
608983.0 98786.0 8.0
610723.0 98732.0 8.0
623037.0 100162.0 8.0
626231.0 99896.0 8.0
638483.0 101159.0 8.0
643737.0 101467.0 8.0
646663.0 102817.0 8.0
711337.0 105408.0 8.0
