rev1.1
5519.0 1332.0 8.0
5621.0 1315.0 8.0
5667.0 1290.0 8.0
5763.0 1339.0 8.0
5857.0 1359.0 8.0
5863.0 1445.0 8.0
5867.0 1363.0 8.0
5895.0 1434.0 8.0
5923.0 1404.0 8.0
5965.0 1397.0 8.0
5991.0 1288.0 8.0
5991.0 1379.0 8.0
6035.0 1297.0 8.0
6037.0 1338.0 8.0
6133.0 1339.0 8.0
6139.0 1336.0 8.0
6147.0 1280.0 8.0
6149.0 1255.0 8.0
6159.0 1339.0 8.0
6257.0 1342.0 8.0
6361.0 1342.0 8.0
6361.0 1342.0 8.0
6387.0 1425.0 8.0
6417.0 1349.0 8.0
6441.0 1362.0 8.0
6471.0 1366.0 8.0
6495.0 1394.0 8.0
6539.0 1376.0 8.0
6545.0 1337.0 8.0
6553.0 1386.0 8.0
6553.0 1389.0 8.0
6557.0 1449.0 8.0
6637.0 1435.0 8.0
6689.0 1441.0 8.0
6767.0 1400.0 8.0
6769.0 1461.0 8.0
6785.0 1545.0 8.0
6787.0 1433.0 8.0
6817.0 1452.0 8.0
6841.0 1550.0 8.0
6905.0 1555.0 8.0
6905.0 1425.0 8.0
6971.0 1546.0 8.0
7001.0 1466.0 8.0
7007.0 1507.0 8.0
7041.0 1426.0 8.0
7067.0 1491.0 8.0
7069.0 1464.0 8.0
7105.0 1491.0 8.0
7171.0 1373.0 8.0
7191.0 1407.0 8.0
7197.0 1506.0 8.0
7209.0 1364.0 8.0
7253.0 1474.0 8.0
7287.0 1466.0 8.0
7301.0 1369.0 8.0
7315.0 1481.0 8.0
7319.0 1397.0 8.0
7361.0 1437.0 8.0
7375.0 1400.0 8.0
7377.0 1491.0 8.0
7409.0 1551.0 8.0
7427.0 1497.0 8.0
7435.0 1403.0 8.0
7469.0 1561.0 8.0
7505.0 1447.0 8.0
7509.0 1526.0 8.0
7525.0 1570.0 8.0
7527.0 1441.0 8.0
7587.0 1474.0 8.0
7629.0 1496.0 8.0
7645.0 1473.0 8.0
7667.0 1483.0 8.0
7669.0 1408.0 8.0
7683.0 1491.0 8.0
7699.0 1508.0 8.0
7709.0 1455.0 8.0
7753.0 1534.0 8.0
7763.0 1485.0 8.0
7765.0 1500.0 8.0
7811.0 1496.0 8.0
7921.0 1472.0 8.0
8057.0 1487.0 8.0
8065.0 1547.0 8.0
8079.0 1554.0 8.0
8079.0 1637.0 8.0
8097.0 1431.0 8.0
8199.0 1504.0 8.0
8209.0 1539.0 8.0
8239.0 1593.0 8.0
8313.0 1498.0 8.0
8367.0 1481.0 8.0
8391.0 1500.0 8.0
8569.0 1473.0 8.0
8633.0 1527.0 8.0
8681.0 1550.0 8.0
8705.0 1498.0 8.0
8893.0 1714.0 8.0
9855.0 1688.0 8.0
9871.0 1663.0 8.0
