rev1.1
11697.0 2716.0 8.0
12023.0 2743.0 8.0
12179.0 2567.0 8.0
12295.0 2726.0 8.0
12325.0 2679.0 8.0
12403.0 2696.0 8.0
12421.0 2696.0 8.0
12719.0 2850.0 8.0
12721.0 2746.0 8.0
12809.0 2799.0 8.0
13215.0 2862.0 8.0
13297.0 2928.0 8.0
13355.0 2648.0 8.0
13363.0 2755.0 8.0
13367.0 2830.0 8.0
13421.0 2752.0 8.0
13451.0 2618.0 8.0
13497.0 2779.0 8.0
13559.0 2845.0 8.0
13583.0 3004.0 8.0
13593.0 2817.0 8.0
13651.0 2820.0 8.0
13655.0 2905.0 8.0
13671.0 2902.0 8.0
13677.0 2889.0 8.0
13699.0 2854.0 8.0
13749.0 2787.0 8.0
13807.0 2742.0 8.0
13807.0 2903.0 8.0
13811.0 2881.0 8.0
13823.0 2842.0 8.0
13827.0 2774.0 8.0
13849.0 2835.0 8.0
13855.0 2801.0 8.0
13869.0 2879.0 8.0
13889.0 2811.0 8.0
13921.0 2781.0 8.0
13963.0 2821.0 8.0
13969.0 2982.0 8.0
14009.0 2804.0 8.0
14057.0 2728.0 8.0
14063.0 2966.0 8.0
14179.0 2829.0 8.0
14231.0 2805.0 8.0
14293.0 2930.0 8.0
14313.0 2774.0 8.0
14349.0 3058.0 8.0
14403.0 3169.0 8.0
14411.0 2951.0 8.0
14495.0 2811.0 8.0
14509.0 2793.0 8.0
14519.0 2773.0 8.0
14533.0 2909.0 8.0
14577.0 2916.0 8.0
14583.0 2902.0 8.0
14663.0 2857.0 8.0
14709.0 2861.0 8.0
14715.0 2894.0 8.0
14763.0 2803.0 8.0
14773.0 2881.0 8.0
14827.0 2916.0 8.0
14917.0 2944.0 8.0
15019.0 2970.0 8.0
15143.0 2920.0 8.0
15253.0 3097.0 8.0
15313.0 3030.0 8.0
15391.0 2997.0 8.0
15493.0 2894.0 8.0
15515.0 2987.0 8.0
15521.0 3040.0 8.0
15607.0 2930.0 8.0
15791.0 2912.0 8.0
15857.0 3130.0 8.0
15903.0 3102.0 8.0
15913.0 2871.0 8.0
15917.0 3018.0 8.0
15921.0 3054.0 8.0
16069.0 2885.0 8.0
16143.0 2973.0 8.0
16153.0 2942.0 8.0
16303.0 3049.0 8.0
16377.0 3090.0 8.0
16401.0 2892.0 8.0
16407.0 2943.0 8.0
16511.0 3068.0 8.0
16657.0 3056.0 8.0
16691.0 2981.0 8.0
16923.0 2997.0 8.0
16983.0 3184.0 8.0
17335.0 2949.0 8.0
17401.0 2773.0 8.0
17423.0 2970.0 8.0
17451.0 3071.0 8.0
17831.0 3158.0 8.0
17929.0 3031.0 8.0
18139.0 3075.0 8.0
18221.0 3059.0 8.0
18253.0 3250.0 8.0
18469.0 3191.0 8.0
19201.0 3228.0 8.0
