rev1.1
51817.0 10950.0 8.0
53069.0 10919.0 8.0
53231.0 10776.0 8.0
53395.0 11128.0 8.0
53637.0 10935.0 8.0
53873.0 11031.0 8.0
53879.0 10960.0 8.0
53997.0 11088.0 8.0
54331.0 10953.0 8.0
54483.0 11002.0 8.0
55091.0 10904.0 8.0
55117.0 11280.0 8.0
55119.0 11040.0 8.0
55407.0 11312.0 8.0
55463.0 11364.0 8.0
55493.0 11049.0 8.0
55589.0 11103.0 8.0
55629.0 11146.0 8.0
55807.0 11259.0 8.0
55855.0 11375.0 8.0
55923.0 11173.0 8.0
56181.0 11163.0 8.0
56325.0 10918.0 8.0
56365.0 11019.0 8.0
56511.0 11208.0 8.0
56553.0 11397.0 8.0
56769.0 11416.0 8.0
57471.0 10911.0 8.0
57501.0 11584.0 8.0
57539.0 11352.0 8.0
57593.0 11178.0 8.0
57953.0 11739.0 8.0
57969.0 11393.0 8.0
57971.0 11445.0 8.0
58001.0 11209.0 8.0
58019.0 11159.0 8.0
58161.0 11402.0 8.0
58381.0 11303.0 8.0
58399.0 11333.0 8.0
58525.0 11048.0 8.0
58929.0 11466.0 8.0
59387.0 11465.0 8.0
59501.0 11498.0 8.0
59683.0 11577.0 8.0
59771.0 11493.0 8.0
60003.0 11710.0 8.0
60013.0 11847.0 8.0
60265.0 11475.0 8.0
60395.0 11716.0 8.0
60535.0 11583.0 8.0
60563.0 11414.0 8.0
60749.0 11314.0 8.0
60791.0 11698.0 8.0
60805.0 11704.0 8.0
60897.0 11516.0 8.0
60933.0 11665.0 8.0
61059.0 11552.0 8.0
61231.0 11691.0 8.0
61437.0 11399.0 8.0
61449.0 11374.0 8.0
61493.0 11396.0 8.0
61585.0 11782.0 8.0
61659.0 11662.0 8.0
61751.0 11777.0 8.0
61909.0 11658.0 8.0
61949.0 11728.0 8.0
61979.0 11314.0 8.0
62179.0 11670.0 8.0
62255.0 11941.0 8.0
62593.0 11739.0 8.0
62647.0 11466.0 8.0
62951.0 12033.0 8.0
63223.0 11841.0 8.0
63435.0 11687.0 8.0
63821.0 11511.0 8.0
63979.0 11949.0 8.0
64193.0 11908.0 8.0
64349.0 11864.0 8.0
64359.0 11664.0 8.0
64783.0 12015.0 8.0
65179.0 11670.0 8.0
65197.0 11989.0 8.0
65325.0 11677.0 8.0
66717.0 11995.0 8.0
67129.0 11994.0 8.0
67265.0 11875.0 8.0
67279.0 11989.0 8.0
67429.0 12232.0 8.0
67641.0 11766.0 8.0
67789.0 12005.0 8.0
67903.0 12143.0 8.0
68239.0 11811.0 8.0
68575.0 12056.0 8.0
70277.0 12126.0 8.0
70795.0 12227.0 8.0
70985.0 12159.0 8.0
71605.0 12460.0 8.0
73365.0 12294.0 8.0
74695.0 12474.0 8.0
77721.0 12452.0 8.0
