rev1.1
24935.0 5588.0 8.0
25527.0 5422.0 8.0
25565.0 5561.0 8.0
25675.0 5444.0 8.0
25973.0 5492.0 8.0
26007.0 5456.0 8.0
26021.0 5625.0 8.0
26165.0 5478.0 8.0
26471.0 5451.0 8.0
26563.0 5567.0 8.0
26725.0 5710.0 8.0
26855.0 5549.0 8.0
27101.0 5462.0 8.0
27215.0 5588.0 8.0
27573.0 5714.0 8.0
27657.0 5747.0 8.0
27697.0 5471.0 8.0
27797.0 5673.0 8.0
27823.0 5628.0 8.0
27885.0 5638.0 8.0
27895.0 5644.0 8.0
27905.0 5653.0 8.0
27931.0 5612.0 8.0
27993.0 5694.0 8.0
27999.0 5686.0 8.0
28225.0 5794.0 8.0
28321.0 5616.0 8.0
28335.0 5620.0 8.0
28555.0 5642.0 8.0
28563.0 5736.0 8.0
28619.0 5521.0 8.0
28647.0 5835.0 8.0
28715.0 5727.0 8.0
28727.0 5811.0 8.0
28757.0 5546.0 8.0
28915.0 5632.0 8.0
29015.0 5801.0 8.0
29089.0 5550.0 8.0
29267.0 5752.0 8.0
29381.0 5758.0 8.0
29383.0 5788.0 8.0
29427.0 5794.0 8.0
29437.0 5740.0 8.0
29565.0 5857.0 8.0
29571.0 5851.0 8.0
29907.0 6106.0 8.0
29919.0 5637.0 8.0
30085.0 5901.0 8.0
30087.0 5825.0 8.0
30149.0 5906.0 8.0
30229.0 5906.0 8.0
30253.0 5998.0 8.0
30289.0 5689.0 8.0
30359.0 5836.0 8.0
30381.0 5817.0 8.0
30491.0 5815.0 8.0
30665.0 5806.0 8.0
30707.0 5837.0 8.0
30893.0 5777.0 8.0
31001.0 5775.0 8.0
31019.0 5854.0 8.0
31051.0 5723.0 8.0
31241.0 5879.0 8.0
31247.0 6220.0 8.0
31283.0 6022.0 8.0
31303.0 6032.0 8.0
31313.0 5780.0 8.0
31393.0 5775.0 8.0
31435.0 5987.0 8.0
31441.0 5722.0 8.0
31443.0 5846.0 8.0
31569.0 6057.0 8.0
31635.0 5887.0 8.0
31681.0 5822.0 8.0
31695.0 5779.0 8.0
31727.0 5982.0 8.0
31775.0 5973.0 8.0
31911.0 5895.0 8.0
32003.0 5996.0 8.0
32141.0 6034.0 8.0
32215.0 6021.0 8.0
32301.0 5695.0 8.0
32599.0 6307.0 8.0
32777.0 5937.0 8.0
33283.0 6151.0 8.0
33435.0 6072.0 8.0
33493.0 5984.0 8.0
33763.0 6001.0 8.0
33857.0 5924.0 8.0
33987.0 6095.0 8.0
34021.0 6050.0 8.0
34409.0 6207.0 8.0
34417.0 6061.0 8.0
34571.0 6258.0 8.0
34765.0 5934.0 8.0
35401.0 6153.0 8.0
36011.0 6388.0 8.0
38387.0 6494.0 8.0
39427.0 6551.0 8.0
40401.0 6466.0 8.0
