rev1.1
229903.0 45239.0 8.0
230035.0 45123.0 8.0
230381.0 44873.0 8.0
231033.0 44720.0 8.0
231083.0 45336.0 8.0
231151.0 44841.0 8.0
231777.0 44786.0 8.0
233339.0 45376.0 8.0
235203.0 44908.0 8.0
235673.0 45455.0 8.0
237123.0 45682.0 8.0
237251.0 45573.0 8.0
237367.0 45546.0 8.0
238135.0 45586.0 8.0
238707.0 45363.0 8.0
238941.0 45661.0 8.0
240039.0 45066.0 8.0
241627.0 45549.0 8.0
242483.0 45853.0 8.0
244023.0 46258.0 8.0
244419.0 46167.0 8.0
244557.0 46111.0 8.0
245305.0 45891.0 8.0
246525.0 46174.0 8.0
246529.0 45975.0 8.0
247401.0 45847.0 8.0
247745.0 46678.0 8.0
247953.0 46374.0 8.0
249251.0 46470.0 8.0
249533.0 46641.0 8.0
250003.0 45651.0 8.0
250057.0 45627.0 8.0
250835.0 45851.0 8.0
250949.0 45631.0 8.0
251375.0 45874.0 8.0
251501.0 46538.0 8.0
251723.0 46375.0 8.0
251777.0 46410.0 8.0
251917.0 46375.0 8.0
252139.0 46643.0 8.0
252539.0 46841.0 8.0
252617.0 46755.0 8.0
253565.0 46656.0 8.0
253783.0 46457.0 8.0
253961.0 45910.0 8.0
254429.0 46584.0 8.0
255007.0 46114.0 8.0
255143.0 46201.0 8.0
255779.0 47216.0 8.0
255947.0 46685.0 8.0
256551.0 46206.0 8.0
257833.0 46533.0 8.0
258997.0 47007.0 8.0
259089.0 46614.0 8.0
260679.0 46762.0 8.0
260679.0 46713.0 8.0
261471.0 46437.0 8.0
263027.0 47152.0 8.0
263573.0 46948.0 8.0
263617.0 46663.0 8.0
263735.0 47195.0 8.0
264705.0 46384.0 8.0
264757.0 46868.0 8.0
265351.0 47212.0 8.0
265511.0 47095.0 8.0
265775.0 47367.0 8.0
265871.0 47465.0 8.0
266035.0 47360.0 8.0
266273.0 46716.0 8.0
266447.0 47208.0 8.0
266575.0 46892.0 8.0
266995.0 47904.0 8.0
267571.0 48246.0 8.0
268385.0 47223.0 8.0
271909.0 47727.0 8.0
272529.0 48022.0 8.0
273441.0 47619.0 8.0
273485.0 47345.0 8.0
275371.0 47783.0 8.0
275745.0 48035.0 8.0
276605.0 47839.0 8.0
279343.0 48367.0 8.0
280285.0 47964.0 8.0
280577.0 47820.0 8.0
282193.0 48131.0 8.0
284849.0 48322.0 8.0
288449.0 48911.0 8.0
291897.0 48816.0 8.0
293777.0 49446.0 8.0
295311.0 48943.0 8.0
298211.0 49920.0 8.0
300165.0 48867.0 8.0
300265.0 50092.0 8.0
301177.0 49554.0 8.0
302339.0 49346.0 8.0
305509.0 49951.0 8.0
306919.0 50055.0 8.0
313057.0 50575.0 8.0
337669.0 51909.0 8.0
378691.0 53880.0 8.0
