rev1.1
9535.0 2004.0 14.0
9537.0 2037.0 14.0
9571.0 2095.0 14.0
9731.0 2131.0 14.0
9765.0 2067.0 14.0
9849.0 2058.0 14.0
9883.0 2097.0 14.0
9925.0 2052.0 14.0
9945.0 2035.0 14.0
9949.0 1944.0 14.0
9993.0 2050.0 14.0
10001.0 2144.0 14.0
10065.0 2021.0 14.0
10077.0 2127.0 14.0
10099.0 2015.0 14.0
10123.0 2199.0 14.0
10151.0 2076.0 14.0
10201.0 2052.0 14.0
10251.0 2105.0 14.0
10263.0 1970.0 14.0
10275.0 2140.0 14.0
10279.0 2025.0 14.0
10281.0 2032.0 14.0
10285.0 2109.0 14.0
10349.0 2042.0 14.0
10373.0 2037.0 14.0
10387.0 1955.0 14.0
10389.0 2089.0 14.0
10423.0 2102.0 14.0
10431.0 2143.0 14.0
10439.0 2085.0 14.0
10459.0 2110.0 14.0
10563.0 2069.0 14.0
10571.0 2096.0 14.0
10577.0 2133.0 14.0
10587.0 2170.0 14.0
10589.0 2150.0 14.0
10599.0 2119.0 14.0
10603.0 2069.0 14.0
10637.0 2104.0 14.0
10655.0 1983.0 14.0
10679.0 2101.0 14.0
10687.0 2083.0 14.0
10695.0 2048.0 14.0
10767.0 2068.0 14.0
10787.0 2051.0 14.0
10813.0 2087.0 14.0
10873.0 2056.0 14.0
10877.0 2148.0 14.0
10913.0 2075.0 14.0
10925.0 2034.0 14.0
10937.0 2080.0 14.0
10983.0 2253.0 14.0
11009.0 2085.0 14.0
11029.0 1998.0 14.0
11033.0 2128.0 14.0
11097.0 2082.0 14.0
11099.0 2111.0 14.0
11127.0 2086.0 14.0
11149.0 2128.0 14.0
11159.0 2120.0 14.0
11183.0 2045.0 14.0
11195.0 2084.0 14.0
11289.0 2144.0 14.0
11297.0 2158.0 14.0
11315.0 2246.0 14.0
11333.0 2125.0 14.0
11337.0 2071.0 14.0
11385.0 2254.0 14.0
11391.0 2128.0 14.0
11413.0 2150.0 14.0
11439.0 2234.0 14.0
11507.0 2094.0 14.0
11533.0 2198.0 14.0
11533.0 2089.0 14.0
11575.0 2115.0 14.0
11589.0 2110.0 14.0
11597.0 2051.0 14.0
11617.0 2107.0 14.0
11641.0 2093.0 14.0
11643.0 2037.0 14.0
11649.0 2151.0 14.0
11665.0 2092.0 14.0
11695.0 2055.0 14.0
11769.0 2206.0 14.0
11869.0 2060.0 14.0
11869.0 2016.0 14.0
11891.0 2077.0 14.0
11925.0 2167.0 14.0
11955.0 2126.0 14.0
11981.0 2076.0 14.0
12061.0 2188.0 14.0
12251.0 2124.0 14.0
12367.0 2194.0 14.0
12379.0 2129.0 14.0
12397.0 2219.0 14.0
12445.0 2210.0 14.0
12639.0 2184.0 14.0
12855.0 2135.0 14.0
12893.0 2149.0 14.0
