rev1.1
2073.0 488.0 14.0
2135.0 463.0 12.605798741586689
2145.0 482.0 13.950609550695104
2145.0 508.0 11.390625000000266
2173.0 502.0 10.292591572368584
2179.0 499.0 9.300406367130146
2181.0 537.0 11.390625000000215
2187.0 502.0 12.605798741586687
2225.0 536.0 11.390625000000355
2235.0 500.0 13.950609550695093
2243.0 556.0 14.0
2269.0 468.0 11.390625000000195
2271.0 491.0 11.390625000000226
2279.0 500.0 12.60579874158674
2281.0 504.0 13.950609550695193
2285.0 482.0 11.390625000000222
2295.0 522.0 10.29259157236869
2315.0 505.0 14.0
2331.0 523.0 14.0
2345.0 552.0 10.29259157236866
2351.0 555.0 14.0
2353.0 520.0 14.0
2377.0 480.0 14.0
2381.0 518.0 10.292591572368554
2393.0 510.0 14.0
2395.0 538.0 12.605798741586764
2399.0 558.0 10.292591572368634
2401.0 555.0 14.0
2419.0 502.0 14.0
2437.0 567.0 12.605798741586723
2447.0 503.0 14.0
2455.0 533.0 12.605798741586892
2459.0 591.0 14.0
2467.0 558.0 12.605798741586778
2471.0 515.0 14.0
2473.0 611.0 10.29259157236864
2479.0 570.0 14.0
2479.0 572.0 10.2925915723685
2479.0 550.0 14.0
2495.0 520.0 12.605798741586732
2497.0 520.0 14.0
2505.0 503.0 14.0
2505.0 493.0 14.0
2511.0 552.0 12.605798741586838
2513.0 524.0 14.0
2517.0 541.0 14.0
2539.0 540.0 14.0
2545.0 544.0 14.0
2545.0 491.0 14.0
2557.0 590.0 14.0
2557.0 577.0 13.950609550695171
2561.0 528.0 14.0
2565.0 559.0 11.390625000000158
2565.0 502.0 13.950609550695098
2567.0 484.0 14.0
2575.0 563.0 10.292591572368623
2581.0 517.0 14.0
2589.0 519.0 14.0
2603.0 539.0 13.950609550695049
2603.0 554.0 14.0
2605.0 508.0 14.0
2605.0 511.0 14.0
2607.0 495.0 14.0
2611.0 563.0 12.605798741586868
2619.0 530.0 13.950609550694944
2643.0 559.0 14.0
2649.0 532.0 14.0
2649.0 505.0 14.0
2679.0 496.0 14.0
2689.0 542.0 14.0
2693.0 519.0 12.605798741586666
2701.0 539.0 14.0
2705.0 524.0 14.0
2711.0 533.0 13.9506095506953
2725.0 544.0 14.0
2727.0 523.0 14.0
2747.0 554.0 14.0
2751.0 624.0 14.0
2755.0 564.0 14.0
2769.0 524.0 14.0
2793.0 533.0 14.0
2805.0 546.0 14.0
2823.0 578.0 14.0
2841.0 555.0 14.0
2843.0 571.0 14.0
2847.0 574.0 14.0
2855.0 505.0 14.0
2863.0 568.0 14.0
2905.0 523.0 14.0
2905.0 504.0 14.0
2917.0 597.0 14.0
2945.0 541.0 14.0
2949.0 516.0 14.0
2951.0 551.0 14.0
2989.0 569.0 14.0
3035.0 526.0 14.0
3049.0 523.0 14.0
3181.0 545.0 14.0
3225.0 565.0 14.0
3729.0 575.0 14.0
