rev1.1
83399.0 16584.0 14.0
86539.0 16635.0 14.0
86671.0 16320.0 14.0
86731.0 16499.0 14.0
86949.0 16676.0 14.0
87561.0 16464.0 14.0
87785.0 16537.0 14.0
88077.0 16736.0 14.0
88207.0 16626.0 14.0
88465.0 16572.0 14.0
88813.0 16705.0 14.0
89291.0 16617.0 14.0
89733.0 17069.0 14.0
89807.0 16571.0 14.0
89883.0 16677.0 14.0
90029.0 16801.0 14.0
90033.0 16763.0 14.0
90039.0 16665.0 14.0
90105.0 16801.0 14.0
90449.0 16542.0 14.0
90613.0 16649.0 14.0
90705.0 16985.0 14.0
90743.0 16834.0 14.0
91235.0 16843.0 14.0
91267.0 16502.0 14.0
91283.0 16649.0 14.0
91545.0 16773.0 14.0
91721.0 16913.0 14.0
91771.0 16872.0 14.0
91837.0 16596.0 14.0
91899.0 16634.0 14.0
92017.0 16659.0 14.0
92211.0 16860.0 14.0
92255.0 16599.0 14.0
92261.0 16768.0 14.0
92573.0 16692.0 14.0
92723.0 16685.0 14.0
92731.0 16604.0 14.0
92857.0 16572.0 14.0
93047.0 17136.0 14.0
93175.0 16801.0 14.0
93249.0 16836.0 14.0
93411.0 16658.0 14.0
93527.0 16950.0 14.0
93531.0 17219.0 14.0
93541.0 17172.0 14.0
93583.0 17029.0 14.0
93861.0 16943.0 14.0
93925.0 16928.0 14.0
94095.0 16706.0 14.0
94101.0 16521.0 14.0
94121.0 17054.0 14.0
94253.0 16527.0 14.0
94361.0 16604.0 14.0
94815.0 16762.0 14.0
94837.0 16670.0 14.0
95135.0 17149.0 14.0
95197.0 16937.0 14.0
95503.0 16817.0 14.0
95505.0 17037.0 14.0
95571.0 16860.0 14.0
95981.0 16842.0 14.0
96157.0 16915.0 14.0
96217.0 16930.0 14.0
96941.0 17048.0 14.0
97221.0 17002.0 14.0
97255.0 17085.0 14.0
97417.0 16955.0 14.0
97507.0 16894.0 14.0
97531.0 17150.0 14.0
97549.0 17046.0 14.0
97721.0 17014.0 14.0
98099.0 16789.0 14.0
98237.0 16978.0 14.0
98249.0 17483.0 14.0
98333.0 17006.0 14.0
98397.0 17028.0 14.0
98875.0 16855.0 14.0
98957.0 16684.0 14.0
99801.0 17057.0 14.0
100003.0 16993.0 14.0
100745.0 17290.0 14.0
100841.0 16867.0 14.0
101301.0 17272.0 14.0
101351.0 17323.0 14.0
101487.0 17066.0 14.0
101549.0 16915.0 14.0
101867.0 17137.0 14.0
102049.0 17245.0 14.0
102091.0 17104.0 14.0
102757.0 17118.0 14.0
103035.0 16957.0 14.0
103393.0 17014.0 14.0
103419.0 17077.0 14.0
103595.0 17183.0 14.0
103643.0 17171.0 14.0
104031.0 17135.0 14.0
106015.0 17602.0 14.0
112201.0 17531.0 14.0
114247.0 17711.0 14.0
