rev1.1
4715.0 1053.0 12.605798741586959
4743.0 1061.0 14.0
4789.0 1094.0 14.0
4793.0 1038.0 14.0
4817.0 1049.0 14.0
4819.0 1084.0 14.0
4829.0 968.0 14.0
4831.0 1038.0 14.0
4867.0 1073.0 13.95060955069499
4869.0 1002.0 14.0
4885.0 1080.0 14.0
4919.0 970.0 14.0
4919.0 1012.0 14.0
4929.0 1018.0 14.0
4939.0 955.0 14.0
4947.0 1014.0 14.0
4947.0 1021.0 14.0
4965.0 1032.0 14.0
4969.0 1053.0 14.0
4979.0 1009.0 14.0
4979.0 1031.0 14.0
5019.0 1064.0 14.0
5023.0 982.0 14.0
5023.0 1013.0 14.0
5051.0 965.0 14.0
5053.0 1062.0 14.0
5083.0 1012.0 14.0
5101.0 1040.0 14.0
5109.0 1042.0 14.0
5111.0 1044.0 14.0
5115.0 1034.0 14.0
5133.0 985.0 14.0
5135.0 1088.0 14.0
5135.0 1038.0 14.0
5139.0 1066.0 14.0
5147.0 1010.0 14.0
5159.0 1022.0 14.0
5171.0 986.0 14.0
5183.0 1070.0 14.0
5183.0 1029.0 14.0
5195.0 1060.0 14.0
5211.0 1081.0 14.0
5223.0 1052.0 14.0
5235.0 1098.0 14.0
5241.0 1003.0 14.0
5243.0 1040.0 14.0
5263.0 1075.0 14.0
5267.0 997.0 14.0
5277.0 1099.0 14.0
5307.0 1038.0 14.0
5309.0 1070.0 14.0
5313.0 1068.0 14.0
5315.0 1006.0 14.0
5333.0 1129.0 14.0
5333.0 1004.0 14.0
5357.0 1013.0 14.0
5363.0 1030.0 14.0
5365.0 1080.0 14.0
5365.0 1121.0 14.0
5371.0 1009.0 14.0
5373.0 997.0 14.0
5377.0 1031.0 14.0
5377.0 1016.0 14.0
5383.0 1004.0 14.0
5387.0 1113.0 14.0
5393.0 1077.0 14.0
5439.0 1052.0 14.0
5441.0 1090.0 14.0
5445.0 1130.0 14.0
5465.0 1100.0 14.0
5465.0 1091.0 14.0
5473.0 990.0 14.0
5477.0 1051.0 14.0
5519.0 995.0 14.0
5523.0 1092.0 14.0
5525.0 1129.0 14.0
5545.0 1069.0 14.0
5573.0 1101.0 14.0
5585.0 1029.0 14.0
5613.0 1057.0 14.0
5637.0 995.0 14.0
5669.0 1063.0 14.0
5709.0 1073.0 14.0
5743.0 1097.0 14.0
5743.0 1072.0 14.0
5753.0 1036.0 14.0
5769.0 1094.0 14.0
5773.0 1088.0 14.0
5809.0 1112.0 14.0
5863.0 1086.0 14.0
5883.0 1113.0 14.0
5899.0 1064.0 14.0
5921.0 1106.0 14.0
5973.0 1114.0 14.0
6043.0 1049.0 14.0
6053.0 1087.0 14.0
6307.0 1146.0 14.0
6601.0 1061.0 14.0
6881.0 1126.0 14.0
7039.0 1074.0 14.0
