rev1.1
177859.0 33159.0 14.0
178031.0 33182.0 14.0
180781.0 33194.0 14.0
180911.0 33257.0 14.0
181171.0 33474.0 14.0
182589.0 33599.0 14.0
182827.0 33007.0 14.0
182969.0 33368.0 14.0
183623.0 33349.0 14.0
183815.0 33676.0 14.0
183933.0 34064.0 14.0
184271.0 33482.0 14.0
184625.0 33219.0 14.0
184995.0 33864.0 14.0
185097.0 33765.0 14.0
185099.0 33652.0 14.0
185235.0 33458.0 14.0
185521.0 33547.0 14.0
185819.0 33848.0 14.0
186297.0 33287.0 14.0
186699.0 33565.0 14.0
186757.0 33923.0 14.0
186983.0 33297.0 14.0
186987.0 33635.0 14.0
187167.0 33403.0 14.0
187259.0 33740.0 14.0
187401.0 33520.0 14.0
187737.0 33761.0 14.0
187857.0 33435.0 14.0
187903.0 33290.0 14.0
188037.0 33533.0 14.0
188083.0 33528.0 14.0
188483.0 33757.0 14.0
188549.0 34058.0 14.0
188733.0 34020.0 14.0
188763.0 33880.0 14.0
189461.0 33867.0 14.0
189493.0 33400.0 14.0
189621.0 33330.0 14.0
189749.0 33503.0 14.0
189775.0 33866.0 14.0
189913.0 34023.0 14.0
189917.0 33860.0 14.0
190753.0 33646.0 14.0
191325.0 33420.0 14.0
191357.0 33800.0 14.0
192041.0 33610.0 14.0
192103.0 33914.0 14.0
192981.0 33719.0 14.0
193489.0 33627.0 14.0
193675.0 34095.0 14.0
193677.0 34140.0 14.0
193871.0 33816.0 14.0
194019.0 34079.0 14.0
194121.0 33765.0 14.0
194163.0 34059.0 14.0
194439.0 33941.0 14.0
195653.0 33898.0 14.0
195807.0 33869.0 14.0
195815.0 33758.0 14.0
196233.0 34083.0 14.0
196349.0 33803.0 14.0
196599.0 33968.0 14.0
196927.0 33988.0 14.0
196997.0 34028.0 14.0
197095.0 34112.0 14.0
197121.0 34048.0 14.0
197405.0 34070.0 14.0
197777.0 33921.0 14.0
198021.0 34103.0 14.0
198233.0 33902.0 14.0
198425.0 33969.0 14.0
198731.0 33819.0 14.0
198771.0 33795.0 14.0
199463.0 34141.0 14.0
199677.0 34252.0 14.0
199701.0 34041.0 14.0
199759.0 34087.0 14.0
200253.0 34430.0 14.0
200559.0 34063.0 14.0
200589.0 34004.0 14.0
200647.0 34279.0 14.0
201343.0 33765.0 14.0
202001.0 34232.0 14.0
202133.0 34261.0 14.0
202521.0 34222.0 14.0
203335.0 33989.0 14.0
203479.0 34370.0 14.0
204215.0 34553.0 14.0
204767.0 34296.0 14.0
205673.0 34492.0 14.0
206785.0 34400.0 14.0
209081.0 34646.0 14.0
210953.0 34432.0 14.0
212613.0 34871.0 14.0
216305.0 34311.0 14.0
216943.0 34732.0 14.0
217359.0 34820.0 14.0
221343.0 34883.0 14.0
232977.0 35448.0 14.0
