rev1.1
371939.0 67204.0 14.0
373069.0 67017.0 14.0
373685.0 67300.0 14.0
373835.0 67486.0 14.0
374709.0 66936.0 14.0
375237.0 67368.0 14.0
375451.0 67413.0 14.0
376951.0 67356.0 14.0
378085.0 67521.0 14.0
379123.0 67038.0 14.0
379763.0 67621.0 14.0
380007.0 67396.0 14.0
380395.0 67446.0 14.0
380765.0 67161.0 14.0
381543.0 67761.0 14.0
381809.0 67863.0 14.0
382057.0 67697.0 14.0
382791.0 67396.0 14.0
382923.0 67514.0 14.0
383599.0 67244.0 14.0
384127.0 67527.0 14.0
384203.0 67339.0 14.0
384703.0 67678.0 14.0
384709.0 67158.0 14.0
385295.0 67426.0 14.0
385397.0 67256.0 14.0
386187.0 67882.0 14.0
386711.0 67601.0 14.0
386767.0 67290.0 14.0
387829.0 68369.0 14.0
387935.0 67703.0 14.0
388173.0 67862.0 14.0
388851.0 67829.0 14.0
390269.0 68745.0 14.0
390527.0 67384.0 14.0
391555.0 67649.0 14.0
392003.0 67259.0 14.0
392077.0 67811.0 14.0
392131.0 68168.0 14.0
392263.0 68139.0 14.0
392465.0 67509.0 14.0
392753.0 67139.0 14.0
393111.0 67606.0 14.0
393565.0 68000.0 14.0
393585.0 67501.0 14.0
394075.0 68526.0 14.0
394835.0 68076.0 14.0
394871.0 67689.0 14.0
394989.0 68633.0 14.0
395709.0 67520.0 14.0
395911.0 67697.0 14.0
396289.0 67772.0 14.0
398459.0 68233.0 14.0
399883.0 68162.0 14.0
400023.0 67998.0 14.0
400627.0 68039.0 14.0
400973.0 67841.0 14.0
402207.0 68207.0 14.0
402711.0 68550.0 14.0
403033.0 68325.0 14.0
403421.0 68633.0 14.0
403627.0 68081.0 14.0
403677.0 68362.0 14.0
404203.0 68768.0 14.0
404823.0 67557.0 14.0
406701.0 68479.0 14.0
406751.0 68621.0 14.0
407235.0 67484.0 14.0
407621.0 68685.0 14.0
408151.0 68715.0 14.0
408523.0 68515.0 14.0
409219.0 68936.0 14.0
410007.0 68317.0 14.0
410201.0 68766.0 14.0
411331.0 68389.0 14.0
411403.0 68300.0 14.0
411695.0 68398.0 14.0
413189.0 68337.0 14.0
416871.0 68979.0 14.0
417743.0 68864.0 14.0
417875.0 68705.0 14.0
418009.0 68772.0 14.0
418641.0 68915.0 14.0
419535.0 68987.0 14.0
419945.0 68741.0 14.0
420429.0 68412.0 14.0
420713.0 69048.0 14.0
421913.0 68706.0 14.0
426645.0 69299.0 14.0
428613.0 68810.0 14.0
429793.0 69892.0 14.0
432557.0 69521.0 14.0
432599.0 69620.0 14.0
435259.0 69087.0 14.0
435517.0 69574.0 14.0
444683.0 69283.0 14.0
454763.0 69808.0 14.0
458949.0 70958.0 14.0
471589.0 70686.0 14.0
500455.0 71398.0 14.0
