rev1.1
19723.0 3983.0 14.0
19849.0 4088.0 14.0
20157.0 4081.0 14.0
20197.0 4039.0 14.0
20409.0 4150.0 14.0
20535.0 4071.0 14.0
20781.0 4110.0 14.0
21027.0 4204.0 14.0
21081.0 4057.0 14.0
21123.0 4201.0 14.0
21157.0 4154.0 14.0
21159.0 4080.0 14.0
21189.0 4219.0 14.0
21253.0 4096.0 14.0
21331.0 4180.0 14.0
21409.0 4156.0 14.0
21431.0 4179.0 14.0
21443.0 4160.0 14.0
21445.0 4072.0 14.0
21475.0 4082.0 14.0
21485.0 4197.0 14.0
21499.0 3952.0 14.0
21521.0 4113.0 14.0
21521.0 4147.0 14.0
21523.0 4070.0 14.0
21529.0 4042.0 14.0
21537.0 4157.0 14.0
21605.0 4219.0 14.0
21617.0 4082.0 14.0
21667.0 4125.0 14.0
21671.0 4131.0 14.0
21705.0 4147.0 14.0
21733.0 4275.0 14.0
21737.0 4072.0 14.0
21739.0 4179.0 14.0
21755.0 4214.0 14.0
21761.0 4167.0 14.0
21791.0 4126.0 14.0
21855.0 4195.0 14.0
21885.0 4171.0 14.0
21917.0 4259.0 14.0
21949.0 4059.0 14.0
21951.0 4291.0 14.0
21959.0 4187.0 14.0
22015.0 4176.0 14.0
22049.0 4090.0 14.0
22073.0 4137.0 14.0
22081.0 4189.0 14.0
22083.0 4158.0 14.0
22085.0 4107.0 14.0
22115.0 4129.0 14.0
22127.0 4091.0 14.0
22131.0 4192.0 14.0
22229.0 4216.0 14.0
22235.0 4252.0 14.0
22241.0 4198.0 14.0
22249.0 4159.0 14.0
22281.0 4233.0 14.0
22343.0 4071.0 14.0
22353.0 4177.0 14.0
22363.0 4214.0 14.0
22465.0 4273.0 14.0
22475.0 4117.0 14.0
22541.0 4215.0 14.0
22571.0 4249.0 14.0
22585.0 4207.0 14.0
22589.0 4308.0 14.0
22597.0 4335.0 14.0
22641.0 4206.0 14.0
22651.0 4243.0 14.0
22697.0 4199.0 14.0
22705.0 4187.0 14.0
22709.0 4303.0 14.0
22791.0 4206.0 14.0
22825.0 4247.0 14.0
22843.0 4239.0 14.0
22917.0 4239.0 14.0
22967.0 4211.0 14.0
23051.0 4301.0 14.0
23127.0 4095.0 14.0
23131.0 4280.0 14.0
23203.0 4104.0 14.0
23207.0 4207.0 14.0
23217.0 4178.0 14.0
23231.0 4288.0 14.0
23279.0 4216.0 14.0
23281.0 4332.0 14.0
23333.0 4137.0 14.0
23359.0 4180.0 14.0
23453.0 4059.0 14.0
23573.0 4243.0 14.0
23701.0 4162.0 14.0
23737.0 4184.0 14.0
23785.0 4178.0 14.0
23801.0 4228.0 14.0
24095.0 4308.0 14.0
24615.0 4277.0 14.0
24745.0 4382.0 14.0
25043.0 4346.0 14.0
26333.0 4376.0 14.0
