rev1.1
764105.0 134456.0 14.0
766553.0 135630.0 14.0
768251.0 135022.0 14.0
770329.0 134565.0 14.0
775709.0 135198.0 14.0
776903.0 135202.0 14.0
778665.0 135459.0 14.0
779447.0 135355.0 14.0
780387.0 135672.0 14.0
780393.0 136141.0 14.0
782011.0 135475.0 14.0
783193.0 136137.0 14.0
783351.0 135769.0 14.0
784723.0 135742.0 14.0
789681.0 135393.0 14.0
790241.0 136499.0 14.0
790515.0 135727.0 14.0
791585.0 136301.0 14.0
791811.0 135641.0 14.0
792905.0 136571.0 14.0
793171.0 136015.0 14.0
793467.0 135891.0 14.0
794957.0 136587.0 14.0
795179.0 136083.0 14.0
795805.0 135636.0 14.0
797541.0 136536.0 14.0
798501.0 136446.0 14.0
800259.0 135978.0 14.0
800669.0 136977.0 14.0
801347.0 136078.0 14.0
801441.0 136231.0 14.0
802195.0 136316.0 14.0
803377.0 137166.0 14.0
805047.0 136487.0 14.0
805131.0 136001.0 14.0
805383.0 135452.0 14.0
805727.0 136457.0 14.0
806001.0 135877.0 14.0
806201.0 136487.0 14.0
806441.0 136745.0 14.0
807063.0 136792.0 14.0
810781.0 136805.0 14.0
811703.0 136818.0 14.0
813919.0 136486.0 14.0
813929.0 136921.0 14.0
813969.0 137144.0 14.0
818443.0 137676.0 14.0
819319.0 137617.0 14.0
820007.0 136799.0 14.0
820313.0 137033.0 14.0
821007.0 137155.0 14.0
821635.0 136944.0 14.0
822073.0 137211.0 14.0
822665.0 136960.0 14.0
822999.0 136603.0 14.0
823539.0 137844.0 14.0
824717.0 137528.0 14.0
824731.0 137030.0 14.0
824755.0 136932.0 14.0
826297.0 136714.0 14.0
827143.0 137190.0 14.0
827549.0 137373.0 14.0
827775.0 137388.0 14.0
828535.0 137106.0 14.0
828961.0 137630.0 14.0
829157.0 137490.0 14.0
829445.0 137657.0 14.0
832141.0 137137.0 14.0
833917.0 136908.0 14.0
834719.0 138030.0 14.0
835615.0 136910.0 14.0
837419.0 137624.0 14.0
838819.0 137124.0 14.0
842555.0 137707.0 14.0
843595.0 137960.0 14.0
845639.0 137922.0 14.0
845991.0 137779.0 14.0
846139.0 137496.0 14.0
846247.0 137907.0 14.0
847267.0 138176.0 14.0
849971.0 138520.0 14.0
856145.0 138973.0 14.0
856279.0 137277.0 14.0
857287.0 138530.0 14.0
858291.0 138389.0 14.0
859443.0 138895.0 14.0
859543.0 138609.0 14.0
865361.0 138097.0 14.0
867157.0 139197.0 14.0
867925.0 138733.0 14.0
869367.0 138599.0 14.0
876613.0 138516.0 14.0
878075.0 139344.0 14.0
902313.0 139885.0 14.0
905843.0 139239.0 14.0
941089.0 141506.0 14.0
952039.0 141655.0 14.0
962601.0 143068.0 14.0
989331.0 142856.0 14.0
1030365.0 145026.0 14.0
