rev1.1
41973.0 8221.0 14.0
42049.0 8164.0 14.0
42197.0 8239.0 14.0
42337.0 8164.0 14.0
42407.0 8300.0 14.0
42705.0 8329.0 14.0
42709.0 8282.0 14.0
42927.0 8377.0 14.0
43041.0 8375.0 14.0
43171.0 8058.0 14.0
43313.0 8423.0 14.0
43383.0 8245.0 14.0
43455.0 8396.0 14.0
43625.0 8363.0 14.0
43751.0 8241.0 14.0
43801.0 8337.0 14.0
44119.0 8214.0 14.0
44119.0 8342.0 14.0
44123.0 8425.0 14.0
44127.0 8341.0 14.0
44185.0 8214.0 14.0
44357.0 8310.0 14.0
44479.0 8312.0 14.0
44495.0 8175.0 14.0
44665.0 8461.0 14.0
44715.0 8363.0 14.0
44871.0 8452.0 14.0
44993.0 8269.0 14.0
45005.0 8409.0 14.0
45105.0 8287.0 14.0
45169.0 8407.0 14.0
45227.0 8348.0 14.0
45349.0 8427.0 14.0
45397.0 8092.0 14.0
45431.0 8274.0 14.0
45443.0 8314.0 14.0
45449.0 8384.0 14.0
45457.0 8394.0 14.0
45531.0 8393.0 14.0
45691.0 8242.0 14.0
45739.0 8441.0 14.0
45739.0 8206.0 14.0
45759.0 8440.0 14.0
45775.0 8349.0 14.0
45783.0 8404.0 14.0
45853.0 8345.0 14.0
46023.0 8449.0 14.0
46031.0 8444.0 14.0
46051.0 8452.0 14.0
46101.0 8551.0 14.0
46167.0 8352.0 14.0
46207.0 8430.0 14.0
46233.0 8429.0 14.0
46247.0 8390.0 14.0
46279.0 8450.0 14.0
46285.0 8521.0 14.0
46515.0 8203.0 14.0
46517.0 8589.0 14.0
46531.0 8394.0 14.0
46571.0 8510.0 14.0
46635.0 8379.0 14.0
46721.0 8548.0 14.0
46729.0 8278.0 14.0
46729.0 8475.0 14.0
46737.0 8270.0 14.0
46785.0 8261.0 14.0
46813.0 8470.0 14.0
46851.0 8467.0 14.0
46943.0 8319.0 14.0
47001.0 8337.0 14.0
47047.0 8454.0 14.0
47121.0 8558.0 14.0
47147.0 8500.0 14.0
47311.0 8642.0 14.0
47319.0 8431.0 14.0
47443.0 8384.0 14.0
47465.0 8241.0 14.0
47555.0 8359.0 14.0
47703.0 8328.0 14.0
47725.0 8416.0 14.0
47739.0 8510.0 14.0
47775.0 8474.0 14.0
48013.0 8534.0 14.0
48039.0 8594.0 14.0
48405.0 8558.0 14.0
49255.0 8487.0 14.0
49389.0 8443.0 14.0
50101.0 8466.0 14.0
50129.0 8364.0 14.0
50171.0 8501.0 14.0
50183.0 8369.0 14.0
50259.0 8750.0 14.0
50289.0 8462.0 14.0
50555.0 8522.0 14.0
50685.0 8459.0 14.0
50785.0 8514.0 14.0
50837.0 8553.0 14.0
50869.0 8647.0 14.0
51827.0 8597.0 14.0
53521.0 8678.0 14.0
