rev1.1
907.0 257.0 6.8617277149123606
911.0 236.0 11.3906250000001
939.0 237.0 6.861727714912301
941.0 258.0 6.861727714912315
949.0 253.0 11.390625000000133
959.0 254.0 6.861727714912323
967.0 242.0 11.390625000000101
983.0 237.0 10.292591572368504
985.0 261.0 8.403865827724427
997.0 236.0 10.292591572368464
999.0 261.0 8.40386582772441
1001.0 251.0 9.30040636712997
1011.0 224.0 8.403865827724454
1011.0 262.0 10.292591572368506
1017.0 259.0 9.300406367129982
1023.0 264.0 11.39062500000013
1039.0 255.0 13.950609550694914
1045.0 277.0 6.861727714912357
1051.0 238.0 8.403865827724472
1055.0 273.0 8.403865827724397
1057.0 271.0 12.60579874158661
1059.0 236.0 11.390625000000094
1083.0 271.0 8.40386582772441
1087.0 258.0 10.292591572368472
1091.0 249.0 9.300406367130002
1097.0 263.0 8.403865827724367
1105.0 264.0 10.292591572368497
1107.0 277.0 13.950609550695011
1117.0 262.0 10.292591572368508
1137.0 256.0 8.403865827724454
1147.0 255.0 10.292591572368433
1149.0 287.0 10.292591572368543
1151.0 250.0 9.30040636712996
1155.0 256.0 13.950609550694944
1155.0 260.0 13.95060955069495
1165.0 251.0 10.292591572368508
1165.0 245.0 12.605798741586607
1167.0 273.0 14.0
1169.0 270.0 12.605798741586634
1173.0 285.0 11.3906250000001
1179.0 272.0 9.300406367129963
1193.0 257.0 12.605798741586637
1193.0 266.0 10.29259157236858
1195.0 275.0 13.950609550694992
1205.0 270.0 12.60579874158662
1209.0 275.0 9.300406367130002
1211.0 308.0 9.300406367130035
1217.0 274.0 10.29259157236858
1219.0 262.0 13.950609550695061
1221.0 276.0 14.0
1223.0 265.0 14.0
1225.0 267.0 14.0
1227.0 252.0 9.300406367130018
1233.0 290.0 14.0
1243.0 236.0 14.0
1247.0 316.0 8.40386582772443
1255.0 256.0 10.292591572368478
1261.0 318.0 14.0
1275.0 279.0 10.292591572368455
1275.0 280.0 14.0
1285.0 245.0 12.60579874158659
1289.0 283.0 11.390625000000176
1295.0 322.0 14.0
1301.0 282.0 14.0
1301.0 263.0 14.0
1303.0 291.0 10.29259157236858
1309.0 239.0 14.0
1315.0 300.0 12.605798741586687
1317.0 295.0 11.390625000000194
1317.0 248.0 10.292591572368483
1327.0 275.0 11.390625000000053
1331.0 304.0 13.95060955069513
1331.0 281.0 14.0
1335.0 278.0 12.605798741586707
1347.0 256.0 12.605798741586652
1349.0 271.0 14.0
1349.0 272.0 13.950609550695019
1353.0 255.0 14.0
1367.0 265.0 14.0
1381.0 263.0 14.0
1391.0 262.0 13.950609550694951
1393.0 268.0 14.0
1397.0 275.0 14.0
1409.0 277.0 13.95060955069501
1415.0 285.0 14.0
1433.0 285.0 14.0
1437.0 290.0 14.0
1445.0 265.0 14.0
1465.0 294.0 11.390625000000217
1473.0 286.0 13.950609550695049
1481.0 239.0 14.0
1511.0 310.0 13.950609550694928
1537.0 250.0 14.0
1557.0 297.0 12.605798741586606
1563.0 294.0 14.0
1573.0 274.0 14.0
1605.0 245.0 14.0
1613.0 251.0 14.0
1635.0 320.0 14.0
1689.0 261.0 14.0
