rev1.1
107073.0 21089.0 14.0
107407.0 21611.0 14.0
107571.0 21335.0 14.0
108047.0 21277.0 14.0
108805.0 21409.0 14.0
108925.0 21528.0 14.0
109925.0 21693.0 14.0
109957.0 21186.0 14.0
110133.0 20862.0 14.0
111217.0 21421.0 14.0
111503.0 21670.0 14.0
111509.0 21467.0 14.0
111579.0 21094.0 14.0
111733.0 21573.0 14.0
112019.0 21486.0 14.0
112337.0 21559.0 14.0
112465.0 21266.0 14.0
112529.0 21287.0 14.0
112589.0 21532.0 14.0
112679.0 21715.0 14.0
112711.0 21488.0 14.0
113047.0 21067.0 14.0
113711.0 21663.0 14.0
114007.0 21644.0 14.0
114097.0 21573.0 14.0
114563.0 21842.0 14.0
114727.0 21417.0 14.0
114879.0 20797.0 14.0
115227.0 21684.0 14.0
115711.0 21699.0 14.0
115829.0 21726.0 14.0
115943.0 21703.0 14.0
116019.0 21705.0 14.0
116041.0 22027.0 14.0
116081.0 21781.0 14.0
116115.0 21323.0 14.0
116165.0 21561.0 14.0
116191.0 21338.0 14.0
116999.0 21445.0 14.0
117025.0 21462.0 14.0
117129.0 21510.0 14.0
117147.0 21314.0 14.0
117461.0 21532.0 14.0
117461.0 21249.0 14.0
117629.0 21918.0 14.0
117745.0 21543.0 14.0
117867.0 21313.0 14.0
118077.0 21626.0 14.0
118433.0 21591.0 14.0
118493.0 21509.0 14.0
118673.0 21754.0 14.0
118739.0 21689.0 14.0
118775.0 21401.0 14.0
118903.0 21237.0 14.0
119163.0 21512.0 14.0
119235.0 21141.0 14.0
119301.0 21441.0 14.0
119471.0 21596.0 14.0
119673.0 21880.0 14.0
119713.0 21716.0 14.0
119785.0 21536.0 14.0
119833.0 21740.0 14.0
119901.0 22148.0 14.0
119947.0 21439.0 14.0
120035.0 21511.0 14.0
120069.0 21281.0 14.0
120225.0 21499.0 14.0
120457.0 21794.0 14.0
120629.0 21827.0 14.0
120811.0 21832.0 14.0
122121.0 21538.0 14.0
122719.0 22358.0 14.0
123395.0 22196.0 14.0
123673.0 21864.0 14.0
123807.0 21758.0 14.0
124019.0 21835.0 14.0
124491.0 21909.0 14.0
125327.0 21859.0 14.0
125409.0 21394.0 14.0
126001.0 21597.0 14.0
126281.0 21951.0 14.0
127717.0 21816.0 14.0
128089.0 21930.0 14.0
128765.0 22046.0 14.0
128861.0 21488.0 14.0
128985.0 22180.0 14.0
129635.0 22043.0 14.0
130877.0 21986.0 14.0
131111.0 22122.0 14.0
132451.0 22190.0 14.0
133725.0 22349.0 14.0
134109.0 22500.0 14.0
137639.0 22168.0 14.0
138841.0 22226.0 14.0
139059.0 22151.0 14.0
142181.0 22432.0 14.0
151029.0 22493.0 14.0
155231.0 23146.0 14.0
161153.0 23199.0 14.0
169335.0 23376.0 14.0
