rev1.1
5643.0 1290.0 14.0
5645.0 1294.0 14.0
5761.0 1291.0 14.0
5785.0 1265.0 14.0
5881.0 1302.0 14.0
5961.0 1181.0 14.0
6017.0 1397.0 14.0
6037.0 1391.0 14.0
6071.0 1378.0 14.0
6089.0 1296.0 14.0
6093.0 1279.0 14.0
6273.0 1393.0 14.0
6329.0 1331.0 14.0
6347.0 1270.0 14.0
6353.0 1356.0 14.0
6383.0 1346.0 14.0
6391.0 1319.0 14.0
6433.0 1270.0 14.0
6467.0 1351.0 14.0
6499.0 1391.0 14.0
6543.0 1361.0 14.0
6547.0 1269.0 14.0
6555.0 1376.0 14.0
6589.0 1390.0 14.0
6627.0 1350.0 14.0
6647.0 1418.0 14.0
6657.0 1274.0 14.0
6663.0 1345.0 14.0
6673.0 1324.0 14.0
6685.0 1405.0 14.0
6697.0 1308.0 14.0
6711.0 1332.0 14.0
6737.0 1325.0 14.0
6757.0 1496.0 14.0
6781.0 1430.0 14.0
6793.0 1344.0 14.0
6837.0 1383.0 14.0
6837.0 1321.0 14.0
6841.0 1362.0 14.0
6853.0 1419.0 14.0
6867.0 1393.0 14.0
6881.0 1436.0 14.0
6907.0 1344.0 14.0
6917.0 1341.0 14.0
6945.0 1320.0 14.0
6951.0 1400.0 14.0
6959.0 1277.0 14.0
6961.0 1431.0 14.0
6961.0 1430.0 14.0
6995.0 1461.0 14.0
7007.0 1435.0 14.0
7043.0 1372.0 14.0
7051.0 1422.0 14.0
7051.0 1446.0 14.0
7069.0 1365.0 14.0
7071.0 1483.0 14.0
7083.0 1356.0 14.0
7155.0 1378.0 14.0
7173.0 1396.0 14.0
7175.0 1263.0 14.0
7175.0 1477.0 14.0
7191.0 1461.0 14.0
7209.0 1415.0 14.0
7231.0 1433.0 14.0
7235.0 1444.0 14.0
7285.0 1386.0 14.0
7295.0 1299.0 14.0
7299.0 1404.0 14.0
7299.0 1486.0 14.0
7307.0 1353.0 14.0
7311.0 1349.0 14.0
7337.0 1385.0 14.0
7445.0 1451.0 14.0
7471.0 1352.0 14.0
7495.0 1391.0 14.0
7525.0 1286.0 14.0
7541.0 1566.0 14.0
7583.0 1420.0 14.0
7645.0 1332.0 14.0
7659.0 1382.0 14.0
7709.0 1372.0 14.0
7813.0 1493.0 14.0
7847.0 1435.0 14.0
7851.0 1452.0 14.0
7903.0 1351.0 14.0
7927.0 1345.0 14.0
8079.0 1486.0 14.0
8157.0 1394.0 14.0
8301.0 1493.0 14.0
8303.0 1389.0 14.0
8361.0 1436.0 14.0
8403.0 1514.0 14.0
8467.0 1378.0 14.0
8519.0 1328.0 14.0
8539.0 1492.0 14.0
8635.0 1458.0 14.0
8801.0 1481.0 14.0
8831.0 1589.0 14.0
10359.0 1497.0 14.0
13473.0 1713.0 14.0
