rev1.1
215887.0 42691.0 14.0
217427.0 42422.0 14.0
219105.0 42228.0 14.0
219535.0 41805.0 14.0
220015.0 42361.0 14.0
222671.0 43210.0 14.0
222927.0 42194.0 14.0
223625.0 43233.0 14.0
223811.0 42860.0 14.0
223909.0 42573.0 14.0
225351.0 42079.0 14.0
226145.0 42173.0 14.0
226189.0 42714.0 14.0
226287.0 42346.0 14.0
227247.0 41917.0 14.0
227415.0 42942.0 14.0
227505.0 42544.0 14.0
229325.0 42531.0 14.0
230033.0 43163.0 14.0
230053.0 43030.0 14.0
230575.0 42458.0 14.0
230621.0 42565.0 14.0
230825.0 42512.0 14.0
231127.0 43085.0 14.0
232205.0 43256.0 14.0
232767.0 42690.0 14.0
232877.0 42670.0 14.0
234151.0 42891.0 14.0
234407.0 42622.0 14.0
234413.0 43194.0 14.0
234663.0 42926.0 14.0
235123.0 42838.0 14.0
235499.0 42935.0 14.0
235595.0 42936.0 14.0
236013.0 42804.0 14.0
236733.0 42986.0 14.0
237027.0 42709.0 14.0
237683.0 43482.0 14.0
238185.0 42836.0 14.0
238585.0 42725.0 14.0
238819.0 42536.0 14.0
239315.0 43083.0 14.0
239635.0 42980.0 14.0
239705.0 43618.0 14.0
239859.0 43182.0 14.0
240317.0 43412.0 14.0
240871.0 43234.0 14.0
241009.0 43598.0 14.0
241363.0 43679.0 14.0
241563.0 44033.0 14.0
241919.0 43069.0 14.0
242193.0 43044.0 14.0
242349.0 43155.0 14.0
242485.0 43079.0 14.0
243475.0 43048.0 14.0
243669.0 43831.0 14.0
243951.0 43229.0 14.0
244895.0 43424.0 14.0
244937.0 43434.0 14.0
245315.0 43090.0 14.0
245459.0 43956.0 14.0
245617.0 43020.0 14.0
246015.0 43476.0 14.0
246267.0 43492.0 14.0
246353.0 42729.0 14.0
246585.0 43192.0 14.0
247055.0 42909.0 14.0
247117.0 43097.0 14.0
248301.0 43632.0 14.0
248755.0 43759.0 14.0
250349.0 42984.0 14.0
251361.0 42781.0 14.0
251419.0 43960.0 14.0
251797.0 43534.0 14.0
252405.0 43518.0 14.0
252481.0 44197.0 14.0
252689.0 43191.0 14.0
254059.0 43525.0 14.0
254259.0 43831.0 14.0
255631.0 44192.0 14.0
258839.0 43164.0 14.0
259103.0 44004.0 14.0
259357.0 43612.0 14.0
261169.0 43459.0 14.0
263325.0 43880.0 14.0
263615.0 44286.0 14.0
264125.0 43073.0 14.0
264857.0 43738.0 14.0
270271.0 44744.0 14.0
270553.0 44008.0 14.0
271313.0 43422.0 14.0
271693.0 44592.0 14.0
273021.0 44178.0 14.0
273117.0 44227.0 14.0
277337.0 44427.0 14.0
279019.0 44895.0 14.0
285843.0 44726.0 14.0
286205.0 44876.0 14.0
300991.0 44728.0 14.0
314223.0 45670.0 14.0
