rev1.1
24033.0 4913.0 14.0
25863.0 5452.0 14.0
25885.0 5258.0 14.0
26031.0 5331.0 14.0
26059.0 5456.0 14.0
26289.0 5416.0 14.0
26429.0 5443.0 14.0
26711.0 5345.0 14.0
26729.0 5372.0 14.0
26763.0 5560.0 14.0
26773.0 5495.0 14.0
26883.0 5529.0 14.0
26949.0 5526.0 14.0
27025.0 5393.0 14.0
27043.0 5310.0 14.0
27069.0 5197.0 14.0
27081.0 5330.0 14.0
27103.0 5344.0 14.0
27133.0 5471.0 14.0
27229.0 5577.0 14.0
27247.0 5245.0 14.0
27267.0 5350.0 14.0
27363.0 5249.0 14.0
27379.0 5444.0 14.0
27507.0 5590.0 14.0
27537.0 5388.0 14.0
27551.0 5649.0 14.0
27745.0 5167.0 14.0
27761.0 5349.0 14.0
27921.0 5499.0 14.0
28033.0 5258.0 14.0
28093.0 5333.0 14.0
28263.0 5673.0 14.0
28271.0 5532.0 14.0
28407.0 5260.0 14.0
28579.0 5419.0 14.0
28621.0 5747.0 14.0
28657.0 5327.0 14.0
28703.0 5442.0 14.0
28747.0 5570.0 14.0
28769.0 5325.0 14.0
28831.0 5535.0 14.0
28961.0 5532.0 14.0
29047.0 5301.0 14.0
29061.0 5387.0 14.0
29117.0 5368.0 14.0
29309.0 5460.0 14.0
29321.0 5418.0 14.0
29389.0 5712.0 14.0
29483.0 5509.0 14.0
29495.0 5471.0 14.0
29525.0 5440.0 14.0
29641.0 5560.0 14.0
29653.0 5669.0 14.0
29717.0 5672.0 14.0
29739.0 5349.0 14.0
29833.0 5535.0 14.0
29893.0 5554.0 14.0
30147.0 5726.0 14.0
30167.0 5294.0 14.0
30213.0 5398.0 14.0
30229.0 5398.0 14.0
30247.0 5725.0 14.0
30295.0 5442.0 14.0
30313.0 5338.0 14.0
30349.0 5618.0 14.0
30377.0 5671.0 14.0
30773.0 5653.0 14.0
30965.0 5414.0 14.0
30971.0 5327.0 14.0
31055.0 5458.0 14.0
31087.0 5553.0 14.0
31109.0 5494.0 14.0
31111.0 5432.0 14.0
31157.0 5717.0 14.0
31173.0 5647.0 14.0
31175.0 5451.0 14.0
31237.0 5659.0 14.0
31293.0 5607.0 14.0
31425.0 5668.0 14.0
31471.0 5426.0 14.0
31513.0 5578.0 14.0
31695.0 5659.0 14.0
31735.0 5520.0 14.0
31815.0 5317.0 14.0
31849.0 5701.0 14.0
31859.0 5691.0 14.0
32029.0 5762.0 14.0
32167.0 5473.0 14.0
32381.0 5496.0 14.0
32433.0 5815.0 14.0
32629.0 5662.0 14.0
32843.0 5505.0 14.0
33543.0 5510.0 14.0
33891.0 5764.0 14.0
34565.0 5620.0 14.0
34799.0 5719.0 14.0
35567.0 5628.0 14.0
36367.0 5980.0 14.0
38983.0 5838.0 14.0
