rev1.1
12167.0 2410.0 14.0
12275.0 2732.0 14.0
12385.0 2596.0 14.0
12637.0 2547.0 14.0
12727.0 2710.0 14.0
12731.0 2617.0 14.0
12743.0 2392.0 14.0
12769.0 2905.0 14.0
12871.0 2741.0 14.0
12885.0 2753.0 14.0
12901.0 2478.0 14.0
12937.0 2703.0 14.0
12941.0 2683.0 14.0
12951.0 2686.0 14.0
12997.0 2795.0 14.0
13175.0 2826.0 14.0
13203.0 2629.0 14.0
13249.0 2741.0 14.0
13269.0 2727.0 14.0
13281.0 2519.0 14.0
13313.0 2780.0 14.0
13407.0 2695.0 14.0
13411.0 2697.0 14.0
13441.0 2829.0 14.0
13499.0 2804.0 14.0
13565.0 2623.0 14.0
13635.0 2828.0 14.0
13655.0 2811.0 14.0
13681.0 2704.0 14.0
13683.0 2752.0 14.0
13721.0 2657.0 14.0
13723.0 2569.0 14.0
13743.0 2796.0 14.0
13853.0 2718.0 14.0
13965.0 2727.0 14.0
13991.0 2632.0 14.0
14003.0 2783.0 14.0
14003.0 2748.0 14.0
14023.0 2534.0 14.0
14105.0 2750.0 14.0
14141.0 2473.0 14.0
14159.0 2919.0 14.0
14201.0 2917.0 14.0
14235.0 2505.0 14.0
14255.0 2992.0 14.0
14275.0 2727.0 14.0
14307.0 2813.0 14.0
14351.0 2805.0 14.0
14351.0 2815.0 14.0
14401.0 2505.0 14.0
14427.0 2708.0 14.0
14543.0 2791.0 14.0
14549.0 2558.0 14.0
14573.0 2534.0 14.0
14597.0 2587.0 14.0
14651.0 2767.0 14.0
14699.0 2762.0 14.0
14719.0 2744.0 14.0
14779.0 2815.0 14.0
14779.0 2840.0 14.0
14867.0 2727.0 14.0
14901.0 2642.0 14.0
14911.0 2729.0 14.0
14949.0 2870.0 14.0
15007.0 2728.0 14.0
15037.0 2708.0 14.0
15053.0 2876.0 14.0
15091.0 2927.0 14.0
15091.0 2762.0 14.0
15119.0 2791.0 14.0
15129.0 2821.0 14.0
15131.0 2661.0 14.0
15273.0 2673.0 14.0
15327.0 2829.0 14.0
15445.0 2741.0 14.0
15487.0 2786.0 14.0
15505.0 2759.0 14.0
15507.0 2849.0 14.0
15667.0 2778.0 14.0
15773.0 2730.0 14.0
15777.0 2732.0 14.0
15781.0 2714.0 14.0
15819.0 2863.0 14.0
16051.0 2767.0 14.0
16077.0 2764.0 14.0
16209.0 2855.0 14.0
16369.0 2754.0 14.0
16387.0 2858.0 14.0
16399.0 2785.0 14.0
16459.0 2851.0 14.0
16487.0 2826.0 14.0
16621.0 2800.0 14.0
16717.0 2889.0 14.0
17083.0 2787.0 14.0
17203.0 2794.0 14.0
17259.0 2854.0 14.0
17293.0 2874.0 14.0
17909.0 2958.0 14.0
20427.0 3121.0 14.0
21015.0 3014.0 14.0
