rev1.1
2291.0 594.0 14.0
2527.0 601.0 14.0
2535.0 608.0 14.0
2725.0 693.0 12.60579874158661
2733.0 690.0 13.950609550694915
2751.0 609.0 14.0
2763.0 620.0 14.0
2783.0 612.0 14.0
2807.0 676.0 14.0
2809.0 671.0 14.0
2809.0 622.0 14.0
2825.0 660.0 10.292591572368575
2871.0 604.0 14.0
2905.0 673.0 10.292591572368494
2913.0 685.0 14.0
2921.0 651.0 14.0
2923.0 659.0 10.292591572368675
2925.0 654.0 11.390625000000302
2977.0 691.0 10.292591572368625
2985.0 655.0 14.0
2989.0 626.0 14.0
3005.0 689.0 12.605798741586742
3037.0 710.0 14.0
3039.0 675.0 14.0
3063.0 707.0 12.605798741586876
3093.0 608.0 14.0
3115.0 609.0 14.0
3135.0 703.0 12.605798741586726
3139.0 668.0 14.0
3175.0 714.0 14.0
3235.0 690.0 13.950609550695336
3243.0 680.0 14.0
3249.0 668.0 14.0
3261.0 738.0 14.0
3265.0 692.0 14.0
3279.0 711.0 14.0
3283.0 715.0 14.0
3297.0 694.0 13.950609550695257
3319.0 678.0 14.0
3359.0 686.0 14.0
3377.0 692.0 14.0
3379.0 648.0 14.0
3407.0 657.0 14.0
3441.0 801.0 14.0
3445.0 738.0 14.0
3447.0 679.0 14.0
3453.0 680.0 14.0
3453.0 743.0 14.0
3481.0 696.0 14.0
3503.0 755.0 13.95060955069535
3541.0 707.0 14.0
3557.0 752.0 14.0
3593.0 767.0 14.0
3597.0 725.0 14.0
3607.0 828.0 14.0
3623.0 684.0 14.0
3625.0 823.0 14.0
3641.0 657.0 14.0
3657.0 808.0 14.0
3661.0 692.0 14.0
3663.0 666.0 14.0
3695.0 718.0 14.0
3701.0 743.0 14.0
3721.0 685.0 14.0
3731.0 778.0 14.0
3763.0 694.0 14.0
3775.0 800.0 14.0
3777.0 764.0 14.0
3777.0 716.0 14.0
3799.0 706.0 14.0
3813.0 666.0 14.0
3825.0 759.0 14.0
3837.0 779.0 14.0
3871.0 704.0 14.0
3881.0 673.0 14.0
3909.0 690.0 14.0
3915.0 673.0 14.0
3923.0 725.0 14.0
3931.0 757.0 14.0
3931.0 709.0 14.0
3959.0 681.0 14.0
3981.0 690.0 14.0
4003.0 749.0 14.0
4037.0 798.0 14.0
4039.0 729.0 14.0
4093.0 735.0 14.0
4101.0 799.0 14.0
4171.0 731.0 14.0
4205.0 753.0 14.0
4249.0 835.0 14.0
4263.0 733.0 14.0
4305.0 698.0 14.0
4519.0 745.0 14.0
4571.0 832.0 14.0
4599.0 756.0 14.0
4627.0 765.0 14.0
4701.0 702.0 14.0
4749.0 805.0 14.0
5697.0 824.0 14.0
6963.0 833.0 14.0
