rev1.1
50885.0 10454.0 14.0
51787.0 10082.0 14.0
51819.0 10335.0 14.0
52009.0 11021.0 14.0
52245.0 10450.0 14.0
52303.0 10337.0 14.0
53217.0 10615.0 14.0
53857.0 10856.0 14.0
53869.0 10512.0 14.0
54047.0 10582.0 14.0
54073.0 10895.0 14.0
54369.0 10703.0 14.0
54425.0 10349.0 14.0
54433.0 10703.0 14.0
54477.0 10223.0 14.0
54501.0 10818.0 14.0
54657.0 10716.0 14.0
54661.0 10339.0 14.0
54689.0 10639.0 14.0
54759.0 10770.0 14.0
54947.0 11111.0 14.0
55093.0 10849.0 14.0
55175.0 10695.0 14.0
55345.0 10902.0 14.0
55563.0 10704.0 14.0
55651.0 10872.0 14.0
56453.0 10962.0 14.0
56613.0 10660.0 14.0
56639.0 10500.0 14.0
56789.0 10606.0 14.0
56799.0 11242.0 14.0
57019.0 10930.0 14.0
57113.0 10827.0 14.0
57187.0 10855.0 14.0
57297.0 10793.0 14.0
57501.0 10759.0 14.0
57633.0 10340.0 14.0
57699.0 10646.0 14.0
57741.0 11310.0 14.0
57785.0 10599.0 14.0
57797.0 10823.0 14.0
57807.0 10934.0 14.0
57811.0 10805.0 14.0
57887.0 11075.0 14.0
57923.0 10691.0 14.0
58221.0 10767.0 14.0
58429.0 10715.0 14.0
58431.0 10910.0 14.0
58551.0 11095.0 14.0
58553.0 11008.0 14.0
58615.0 10670.0 14.0
58729.0 10825.0 14.0
58757.0 10597.0 14.0
58955.0 10942.0 14.0
59035.0 10615.0 14.0
59057.0 10880.0 14.0
59269.0 11172.0 14.0
59397.0 10800.0 14.0
59437.0 10776.0 14.0
59553.0 10822.0 14.0
59817.0 11117.0 14.0
60005.0 10724.0 14.0
60253.0 10985.0 14.0
60305.0 10674.0 14.0
60359.0 10761.0 14.0
60443.0 10708.0 14.0
60819.0 10710.0 14.0
61433.0 11121.0 14.0
61643.0 11116.0 14.0
61977.0 11136.0 14.0
62131.0 11093.0 14.0
62279.0 11038.0 14.0
62389.0 11090.0 14.0
62533.0 10935.0 14.0
62575.0 11238.0 14.0
62695.0 10696.0 14.0
62831.0 10691.0 14.0
63185.0 10896.0 14.0
63209.0 11180.0 14.0
63327.0 10807.0 14.0
63361.0 10735.0 14.0
63387.0 10880.0 14.0
63521.0 11238.0 14.0
63571.0 11306.0 14.0
64025.0 10886.0 14.0
64029.0 10891.0 14.0
64307.0 11215.0 14.0
65297.0 11367.0 14.0
65753.0 11280.0 14.0
65945.0 10986.0 14.0
66417.0 11196.0 14.0
66603.0 11443.0 14.0
66833.0 11606.0 14.0
66871.0 10979.0 14.0
68323.0 10982.0 14.0
69549.0 11491.0 14.0
70025.0 11447.0 14.0
71399.0 11301.0 14.0
76985.0 11874.0 14.0
84539.0 12057.0 14.0
