rev1.1
995.0 285.0 9.300406367129977
1177.0 328.0 9.30040636712992
1183.0 295.0 9.300406367129959
1241.0 299.0 12.605798741586629
1269.0 320.0 13.950609550695
1289.0 326.0 10.292591572368535
1315.0 317.0 7.593750000000056
1331.0 331.0 9.300406367130075
1359.0 347.0 7.593750000000142
1361.0 322.0 9.300406367130051
1367.0 305.0 14.0
1371.0 327.0 8.403865827724394
1375.0 322.0 10.292591572368535
1379.0 299.0 11.39062500000019
1381.0 339.0 8.403865827724413
1395.0 273.0 12.605798741586648
1413.0 278.0 14.0
1431.0 306.0 10.292591572368547
1447.0 385.0 9.300406367130032
1463.0 313.0 6.861727714912342
1495.0 372.0 7.593750000000092
1527.0 333.0 13.950609550695107
1531.0 365.0 10.292591572368583
1541.0 302.0 14.0
1549.0 330.0 14.0
1551.0 333.0 9.300406367130076
1599.0 368.0 12.605798741586653
1601.0 378.0 8.403865827724399
1619.0 325.0 14.0
1629.0 365.0 10.292591572368568
1633.0 423.0 14.0
1635.0 315.0 11.390625000000053
1635.0 387.0 11.390625000000187
1641.0 370.0 14.0
1647.0 399.0 12.605798741586668
1655.0 332.0 14.0
1657.0 325.0 14.0
1663.0 399.0 12.605798741586671
1693.0 377.0 13.950609550695017
1697.0 346.0 14.0
1713.0 367.0 10.292591572368524
1715.0 354.0 12.605798741586668
1725.0 352.0 14.0
1727.0 436.0 11.390625000000172
1745.0 327.0 14.0
1761.0 361.0 10.292591572368481
1763.0 331.0 14.0
1795.0 356.0 14.0
1795.0 412.0 9.300406367129991
1817.0 383.0 12.605798741586629
1823.0 379.0 13.950609550695118
1831.0 410.0 8.403865827724516
1831.0 375.0 14.0
1847.0 390.0 14.0
1851.0 392.0 14.0
1861.0 349.0 14.0
1865.0 377.0 14.0
1867.0 338.0 14.0
1871.0 377.0 13.950609550695034
1875.0 390.0 14.0
1883.0 391.0 13.950609550695189
1895.0 347.0 12.60579874158675
1901.0 357.0 14.0
1907.0 358.0 14.0
1911.0 330.0 14.0
1915.0 323.0 14.0
1945.0 361.0 14.0
1947.0 392.0 14.0
1947.0 404.0 14.0
1957.0 315.0 14.0
1957.0 386.0 10.292591572368494
1959.0 425.0 14.0
1977.0 364.0 14.0
1983.0 383.0 14.0
1987.0 330.0 14.0
1991.0 424.0 11.390625000000318
2021.0 335.0 14.0
2039.0 441.0 10.292591572368636
2049.0 376.0 14.0
2057.0 434.0 14.0
2063.0 405.0 14.0
2113.0 407.0 14.0
2133.0 431.0 13.950609550695216
2155.0 391.0 14.0
2171.0 333.0 14.0
2187.0 355.0 14.0
2191.0 426.0 14.0
2215.0 403.0 14.0
2221.0 401.0 14.0
2225.0 391.0 14.0
2227.0 399.0 14.0
2329.0 459.0 14.0
2403.0 376.0 14.0
2465.0 408.0 14.0
2465.0 379.0 14.0
2571.0 406.0 14.0
2643.0 425.0 14.0
2719.0 442.0 14.0
2817.0 403.0 14.0
3103.0 403.0 14.0
