rev1.1
450233.0 84535.0 14.0
459953.0 85258.0 14.0
460509.0 84867.0 14.0
462357.0 84471.0 14.0
462889.0 85290.0 14.0
463087.0 84948.0 14.0
464725.0 85822.0 14.0
465563.0 86035.0 14.0
466623.0 85211.0 14.0
467033.0 85403.0 14.0
467071.0 85017.0 14.0
467593.0 84829.0 14.0
467881.0 86307.0 14.0
468099.0 86170.0 14.0
468127.0 86176.0 14.0
468929.0 85136.0 14.0
470627.0 85019.0 14.0
473513.0 84685.0 14.0
473613.0 85302.0 14.0
474661.0 86290.0 14.0
476097.0 85758.0 14.0
477285.0 85401.0 14.0
477443.0 86018.0 14.0
478477.0 85513.0 14.0
478565.0 85666.0 14.0
479971.0 85645.0 14.0
479975.0 86733.0 14.0
480973.0 86876.0 14.0
481891.0 86289.0 14.0
481929.0 85635.0 14.0
483165.0 86729.0 14.0
483185.0 86409.0 14.0
484335.0 86596.0 14.0
484703.0 85382.0 14.0
484941.0 85820.0 14.0
485201.0 85874.0 14.0
485919.0 85377.0 14.0
486449.0 86031.0 14.0
486663.0 86070.0 14.0
486879.0 86233.0 14.0
487073.0 86888.0 14.0
488087.0 86224.0 14.0
488591.0 85878.0 14.0
489255.0 85993.0 14.0
490023.0 86627.0 14.0
490067.0 86430.0 14.0
490183.0 85884.0 14.0
490437.0 86142.0 14.0
491807.0 86271.0 14.0
494051.0 86775.0 14.0
495525.0 86448.0 14.0
495625.0 86096.0 14.0
497015.0 86264.0 14.0
497217.0 85856.0 14.0
497273.0 85727.0 14.0
497787.0 85191.0 14.0
497815.0 86468.0 14.0
498957.0 87219.0 14.0
499095.0 86175.0 14.0
499455.0 86823.0 14.0
501999.0 87223.0 14.0
502653.0 86297.0 14.0
502697.0 86199.0 14.0
505449.0 86719.0 14.0
507205.0 87510.0 14.0
507225.0 85508.0 14.0
507965.0 87537.0 14.0
509069.0 87380.0 14.0
509997.0 87098.0 14.0
511129.0 86625.0 14.0
511505.0 87215.0 14.0
511561.0 86877.0 14.0
512383.0 85772.0 14.0
515755.0 86382.0 14.0
520031.0 87530.0 14.0
520625.0 87740.0 14.0
521539.0 87117.0 14.0
524457.0 87505.0 14.0
524653.0 87306.0 14.0
526701.0 87170.0 14.0
527107.0 87606.0 14.0
528727.0 87544.0 14.0
529269.0 87792.0 14.0
531223.0 87988.0 14.0
531833.0 88992.0 14.0
536443.0 88136.0 14.0
540111.0 88049.0 14.0
540975.0 88464.0 14.0
541857.0 88915.0 14.0
545707.0 88049.0 14.0
548493.0 89183.0 14.0
550645.0 89562.0 14.0
552817.0 88812.0 14.0
552921.0 88411.0 14.0
558417.0 88031.0 14.0
559315.0 88930.0 14.0
570701.0 88772.0 14.0
576549.0 88509.0 14.0
591985.0 89931.0 14.0
606139.0 89973.0 14.0
