rev1.1
908701.0 168292.0 14.0
916381.0 169532.0 14.0
929289.0 170565.0 14.0
932527.0 170138.0 14.0
934069.0 171375.0 14.0
939737.0 171856.0 14.0
941439.0 169227.0 14.0
950071.0 170199.0 14.0
952543.0 170205.0 14.0
953159.0 170458.0 14.0
954029.0 169900.0 14.0
961623.0 170596.0 14.0
962669.0 170454.0 14.0
963259.0 171061.0 14.0
963435.0 170517.0 14.0
967641.0 170265.0 14.0
969357.0 171184.0 14.0
969577.0 172126.0 14.0
969723.0 170996.0 14.0
974271.0 171906.0 14.0
975161.0 170609.0 14.0
979265.0 171698.0 14.0
979551.0 171169.0 14.0
981605.0 171534.0 14.0
988071.0 171940.0 14.0
988235.0 172392.0 14.0
988361.0 172361.0 14.0
989995.0 172097.0 14.0
990857.0 172264.0 14.0
992929.0 172520.0 14.0
993181.0 171462.0 14.0
993221.0 172193.0 14.0
994155.0 172480.0 14.0
996895.0 171786.0 14.0
997219.0 171850.0 14.0
997979.0 171524.0 14.0
999731.0 172321.0 14.0
1002339.0 171440.0 14.0
1003567.0 171903.0 14.0
1004815.0 172419.0 14.0
1005807.0 174466.0 14.0
1006309.0 172039.0 14.0
1006397.0 172842.0 14.0
1007077.0 173624.0 14.0
1012979.0 171748.0 14.0
1016571.0 173171.0 14.0
1017113.0 173038.0 14.0
1017603.0 171904.0 14.0
1018373.0 173566.0 14.0
1018555.0 172518.0 14.0
1020013.0 172328.0 14.0
1021375.0 173436.0 14.0
1022191.0 174415.0 14.0
1022751.0 173560.0 14.0
1024181.0 172922.0 14.0
1024727.0 172743.0 14.0
1025097.0 173897.0 14.0
1025431.0 173291.0 14.0
1027257.0 172711.0 14.0
1027701.0 174347.0 14.0
1028337.0 174473.0 14.0
1030509.0 173818.0 14.0
1036153.0 173966.0 14.0
1040685.0 174719.0 14.0
1041713.0 173261.0 14.0
1042617.0 173908.0 14.0
1042705.0 174485.0 14.0
1043095.0 173840.0 14.0
1043309.0 173290.0 14.0
1043503.0 173941.0 14.0
1050051.0 174924.0 14.0
1050949.0 174069.0 14.0
1052845.0 175067.0 14.0
1052977.0 174376.0 14.0
1059659.0 174231.0 14.0
1059841.0 175995.0 14.0
1068869.0 174934.0 14.0
1070763.0 176595.0 14.0
1072587.0 174316.0 14.0
1078789.0 175959.0 14.0
1081101.0 176185.0 14.0
1081735.0 174254.0 14.0
1092611.0 175244.0 14.0
1094759.0 176642.0 14.0
1100185.0 174742.0 14.0
1105661.0 176859.0 14.0
1105965.0 175015.0 14.0
1108425.0 175810.0 14.0
1109711.0 175621.0 14.0
1115427.0 177705.0 14.0
1116649.0 176248.0 14.0
1119217.0 178141.0 14.0
1123427.0 175185.0 14.0
1124605.0 177494.0 14.0
1132021.0 175816.0 14.0
1149703.0 178090.0 14.0
1187913.0 178324.0 14.0
1192901.0 179676.0 14.0
1202587.0 179701.0 14.0
1230091.0 180977.0 14.0
