rev1.1
400565.0 114141.0 2.0
414599.0 117752.0 2.0
416217.0 117977.0 2.0
417127.0 118467.0 2.0
420381.0 119079.0 2.0
424987.0 120073.0 2.0
429287.0 121351.0 2.0
432721.0 122146.0 2.0
434047.0 122543.0 2.0
435329.0 122778.0 2.0
436629.0 123063.0 2.0
441937.0 124346.0 2.0
442241.0 124520.0 2.0
442515.0 124631.0 2.0
446897.0 125761.0 2.0
448297.0 125964.0 2.0
450169.0 126462.0 2.0
454561.0 127641.0 2.0
454603.0 127775.0 2.0
457681.0 128439.0 2.0
458555.0 128579.0 2.0
460545.0 129306.0 2.0
461161.0 129254.0 2.0
463287.0 129785.0 2.0
467777.0 130891.0 2.0
470613.0 131604.0 2.0
470633.0 131515.0 2.0
471855.0 132046.0 2.0
477021.0 133334.0 2.0
478797.0 133600.0 2.0
478865.0 133667.0 2.0
479121.0 133756.0 2.0
482831.0 134837.0 2.0
483111.0 134650.0 2.0
483281.0 134864.0 2.0
484531.0 135255.0 2.0
487225.0 135780.0 2.0
489851.0 136491.0 2.0
490147.0 136335.0 2.0
490169.0 136395.0 2.0
490647.0 136694.0 2.0
491911.0 136794.0 2.0
495073.0 137655.0 2.0
495617.0 137781.0 2.0
498095.0 138452.0 2.0
499527.0 138749.0 2.0
504673.0 139956.0 2.0
505793.0 140434.0 2.0
512699.0 141885.0 2.0
514263.0 142526.0 2.0
515647.0 142660.0 2.0
515863.0 142875.0 2.0
516369.0 143006.0 2.0
516683.0 143063.0 2.0
518173.0 143479.0 2.0
519327.0 143742.0 2.0
519609.0 143874.0 2.0
520795.0 144206.0 2.0
521959.0 144370.0 2.0
522047.0 144601.0 2.0
522271.0 144418.0 2.0
522563.0 144452.0 2.0
522953.0 144670.0 2.0
523777.0 145025.0 2.0
525993.0 145639.0 2.0
531423.0 146767.0 2.0
535407.0 147849.0 2.0
537723.0 148265.0 2.0
537833.0 148517.0 2.0
538081.0 148585.0 2.0
538469.0 148629.0 2.0
539495.0 148943.0 2.0
539873.0 148758.0 2.0
540569.0 149063.0 2.0
540573.0 149120.0 2.0
540837.0 149272.0 2.0
541147.0 149237.0 2.0
541499.0 149091.0 2.0
541821.0 149425.0 2.0
544205.0 149981.0 2.0
545747.0 150250.0 2.0
547097.0 150728.0 2.0
547459.0 150886.0 2.0
552179.0 151908.0 2.0
553401.0 152316.0 2.0
556473.0 153168.0 2.0
565011.0 155264.0 2.0
567015.0 155599.0 2.0
567335.0 155832.0 2.0
569681.0 156544.0 2.0
576145.0 158022.0 2.0
579187.0 158814.0 2.0
587591.0 160992.0 2.0
596025.0 162966.0 2.0
596877.0 163233.0 2.0
610387.0 166735.0 2.0
613611.0 167409.0 2.0
633543.0 172322.0 2.0
697723.0 188427.0 2.0
699327.0 188859.0 2.0
