rev1.1
1205.0 392.0 2.0
1241.0 428.0 2.0
1247.0 432.0 2.0
1265.0 434.0 2.0
1319.0 437.0 2.0
1339.0 433.0 2.0
1391.0 453.0 2.0
1407.0 462.0 2.0
1419.0 459.0 2.0
1423.0 457.0 2.0
1423.0 458.0 2.0
1427.0 476.0 2.0
1449.0 450.0 2.0
1449.0 475.0 2.0
1449.0 465.0 2.0
1463.0 468.0 2.0
1465.0 490.0 2.0
1493.0 482.0 2.0
1507.0 504.0 2.0
1519.0 497.0 2.0
1523.0 490.0 2.0
1547.0 495.0 2.0
1551.0 510.0 2.0
1575.0 507.0 2.0
1597.0 502.0 2.0
1613.0 514.0 2.0
1639.0 513.0 2.0
1645.0 536.0 2.0
1659.0 514.0 2.0
1661.0 530.0 2.0
1669.0 544.0 2.0
1675.0 532.0 2.0
1679.0 543.0 2.0
1693.0 536.0 2.0
1699.0 538.0 2.0
1703.0 519.0 2.0
1711.0 544.0 2.0
1729.0 549.0 2.0
1755.0 544.0 2.0
1757.0 555.0 2.0
1761.0 555.0 2.0
1769.0 560.0 2.0
1779.0 563.0 2.0
1803.0 563.0 2.0
1819.0 550.0 2.0
1821.0 562.0 2.0
1831.0 575.0 2.0
1837.0 579.0 2.0
1839.0 559.0 2.0
1845.0 574.0 2.0
1845.0 570.0 2.0
1859.0 574.0 2.0
1859.0 579.0 2.0
1875.0 571.0 2.0
1877.0 580.0 2.0
1897.0 581.0 2.0
1899.0 588.0 2.0
1905.0 589.0 2.0
1915.0 592.0 2.0
1941.0 598.0 2.0
1959.0 604.0 2.0
1981.0 616.0 2.0
1995.0 607.0 2.0
2005.0 618.0 2.0
2019.0 624.0 2.0
2041.0 617.0 2.0
2043.0 641.0 2.0
2057.0 627.0 2.0
2073.0 632.0 2.0
2097.0 644.0 2.0
2119.0 635.0 2.0
2127.0 642.0 2.0
2149.0 661.0 2.0
2157.0 660.0 2.0
2159.0 659.0 2.0
2161.0 644.0 2.0
2209.0 678.0 2.0
2271.0 684.0 2.0
2337.0 694.0 2.0
2419.0 717.0 2.0
2443.0 730.0 2.0
2443.0 719.0 2.0
2453.0 726.0 2.0
2511.0 733.0 2.0
2593.0 766.0 2.0
2595.0 746.0 2.0
2613.0 777.0 2.0
2617.0 765.0 2.0
2655.0 783.0 2.0
2689.0 787.0 2.0
2909.0 824.0 2.0
2947.0 846.0 2.0
2973.0 852.0 2.0
2989.0 853.0 2.0
3165.0 914.0 2.0
3251.0 941.0 2.0
3293.0 943.0 2.0
3345.0 937.0 2.0
3345.0 932.0 2.0
3387.0 960.0 2.0
