rev1.1
6919.0 2159.0 2.0
6955.0 2157.0 2.0
6971.0 2178.0 2.0
7009.0 2179.0 2.0
7237.0 2208.0 2.0
7285.0 2283.0 2.0
7339.0 2277.0 2.0
7369.0 2234.0 2.0
7407.0 2310.0 2.0
7455.0 2283.0 2.0
7551.0 2299.0 2.0
7821.0 2401.0 2.0
7857.0 2401.0 2.0
7961.0 2435.0 2.0
7973.0 2402.0 2.0
7989.0 2449.0 2.0
8153.0 2496.0 2.0
8161.0 2494.0 2.0
8191.0 2517.0 2.0
8297.0 2509.0 2.0
8429.0 2551.0 2.0
8517.0 2551.0 2.0
8547.0 2573.0 2.0
8633.0 2568.0 2.0
8799.0 2640.0 2.0
8883.0 2630.0 2.0
8887.0 2671.0 2.0
8973.0 2709.0 2.0
8985.0 2680.0 2.0
9029.0 2705.0 2.0
9065.0 2721.0 2.0
9077.0 2682.0 2.0
9083.0 2690.0 2.0
9117.0 2706.0 2.0
9165.0 2767.0 2.0
9265.0 2732.0 2.0
9359.0 2748.0 2.0
9609.0 2830.0 2.0
9635.0 2841.0 2.0
9641.0 2807.0 2.0
9673.0 2866.0 2.0
9759.0 2878.0 2.0
9841.0 2899.0 2.0
9955.0 2909.0 2.0
9991.0 2918.0 2.0
10027.0 2955.0 2.0
10107.0 2953.0 2.0
10131.0 2968.0 2.0
10191.0 2986.0 2.0
10201.0 3004.0 2.0
10215.0 2973.0 2.0
10223.0 3034.0 2.0
10253.0 3022.0 2.0
10259.0 2981.0 2.0
10311.0 3018.0 2.0
10341.0 3057.0 2.0
10349.0 3046.0 2.0
10361.0 3020.0 2.0
10425.0 3028.0 2.0
10441.0 3056.0 2.0
10463.0 3042.0 2.0
10523.0 3052.0 2.0
10555.0 3063.0 2.0
10571.0 3061.0 2.0
10721.0 3122.0 2.0
10761.0 3138.0 2.0
10863.0 3152.0 2.0
11013.0 3195.0 2.0
11093.0 3231.0 2.0
11181.0 3218.0 2.0
11343.0 3274.0 2.0
11365.0 3306.0 2.0
11367.0 3285.0 2.0
11369.0 3282.0 2.0
11383.0 3294.0 2.0
11495.0 3307.0 2.0
11515.0 3318.0 2.0
11547.0 3312.0 2.0
11735.0 3346.0 2.0
11773.0 3365.0 2.0
12493.0 3537.0 2.0
12619.0 3574.0 2.0
12639.0 3598.0 2.0
12675.0 3606.0 2.0
12989.0 3672.0 2.0
13285.0 3752.0 2.0
13507.0 3820.0 2.0
13635.0 3835.0 2.0
13765.0 3862.0 2.0
13823.0 3901.0 2.0
13865.0 3884.0 2.0
14001.0 3934.0 2.0
14487.0 4059.0 2.0
14815.0 4134.0 2.0
15011.0 4200.0 2.0
15577.0 4320.0 2.0
15591.0 4345.0 2.0
17011.0 4692.0 2.0
18197.0 4970.0 2.0
19853.0 5421.0 2.0
