rev1.1
185417.0 53340.0 2.0
189219.0 54275.0 2.0
192183.0 55192.0 2.0
192723.0 55170.0 2.0
193665.0 55401.0 2.0
194809.0 55571.0 2.0
196465.0 56174.0 2.0
198027.0 56428.0 2.0
198647.0 56590.0 2.0
200049.0 56976.0 2.0
200169.0 57003.0 2.0
202021.0 57345.0 2.0
202025.0 57526.0 2.0
202917.0 57810.0 2.0
202935.0 57776.0 2.0
203565.0 57885.0 2.0
205323.0 58314.0 2.0
205919.0 58619.0 2.0
205949.0 58435.0 2.0
209235.0 59256.0 2.0
209687.0 59480.0 2.0
209981.0 59434.0 2.0
210319.0 59571.0 2.0
214229.0 60563.0 2.0
214547.0 60590.0 2.0
214569.0 60644.0 2.0
216135.0 61036.0 2.0
217465.0 61286.0 2.0
219613.0 61818.0 2.0
221001.0 62315.0 2.0
222967.0 62682.0 2.0
223291.0 62717.0 2.0
223671.0 62815.0 2.0
224135.0 62905.0 2.0
225995.0 63439.0 2.0
226485.0 63550.0 2.0
226497.0 63482.0 2.0
226713.0 63822.0 2.0
227097.0 63672.0 2.0
227487.0 63840.0 2.0
227827.0 64050.0 2.0
228441.0 64156.0 2.0
230211.0 64477.0 2.0
230455.0 64676.0 2.0
231801.0 64822.0 2.0
232201.0 65143.0 2.0
232237.0 65163.0 2.0
232861.0 65293.0 2.0
236475.0 66014.0 2.0
237339.0 66307.0 2.0
238687.0 66740.0 2.0
240083.0 66988.0 2.0
240227.0 67101.0 2.0
241273.0 67215.0 2.0
241793.0 67358.0 2.0
241891.0 67428.0 2.0
243651.0 67841.0 2.0
243699.0 67941.0 2.0
244863.0 68017.0 2.0
244957.0 68091.0 2.0
245663.0 68463.0 2.0
246245.0 68385.0 2.0
246551.0 68628.0 2.0
247865.0 69061.0 2.0
248717.0 69257.0 2.0
249179.0 69198.0 2.0
251431.0 69907.0 2.0
251523.0 69871.0 2.0
253667.0 70404.0 2.0
254065.0 70438.0 2.0
254073.0 70468.0 2.0
254911.0 70682.0 2.0
255987.0 71050.0 2.0
255989.0 70961.0 2.0
258539.0 71573.0 2.0
259259.0 71838.0 2.0
259699.0 71909.0 2.0
261549.0 72428.0 2.0
261677.0 72304.0 2.0
261695.0 72434.0 2.0
263545.0 72907.0 2.0
264539.0 73134.0 2.0
266523.0 73640.0 2.0
266947.0 73790.0 2.0
272735.0 75233.0 2.0
280763.0 77268.0 2.0
281277.0 77365.0 2.0
281707.0 77639.0 2.0
281795.0 77481.0 2.0
283735.0 77872.0 2.0
288057.0 79027.0 2.0
291207.0 79741.0 2.0
292541.0 80087.0 2.0
293167.0 80289.0 2.0
296339.0 81061.0 2.0
297171.0 81358.0 2.0
303139.0 82681.0 2.0
313939.0 85413.0 2.0
326775.0 88662.0 2.0
343569.0 92983.0 2.0
