rev1.1
35579.0 10660.0 2.0
35881.0 10697.0 2.0
36291.0 10781.0 2.0
37707.0 11218.0 2.0
38257.0 11301.0 2.0
38941.0 11459.0 2.0
39285.0 11517.0 2.0
39445.0 11553.0 2.0
39847.0 11700.0 2.0
40031.0 11737.0 2.0
40381.0 11780.0 2.0
40509.0 11879.0 2.0
40665.0 11898.0 2.0
40885.0 11984.0 2.0
40967.0 11994.0 2.0
41039.0 11982.0 2.0
41081.0 12017.0 2.0
41541.0 12136.0 2.0
41703.0 12151.0 2.0
42025.0 12307.0 2.0
42225.0 12316.0 2.0
42561.0 12376.0 2.0
42705.0 12414.0 2.0
43117.0 12472.0 2.0
43159.0 12592.0 2.0
43423.0 12577.0 2.0
43797.0 12745.0 2.0
44553.0 12872.0 2.0
44743.0 12928.0 2.0
44973.0 13020.0 2.0
45013.0 13028.0 2.0
45329.0 13094.0 2.0
45511.0 13103.0 2.0
45563.0 13151.0 2.0
45627.0 13150.0 2.0
45751.0 13134.0 2.0
45913.0 13309.0 2.0
45975.0 13227.0 2.0
45981.0 13268.0 2.0
45991.0 13190.0 2.0
46283.0 13406.0 2.0
46563.0 13415.0 2.0
46569.0 13350.0 2.0
46583.0 13424.0 2.0
46671.0 13406.0 2.0
46713.0 13354.0 2.0
46885.0 13521.0 2.0
47103.0 13521.0 2.0
47597.0 13669.0 2.0
47599.0 13635.0 2.0
47603.0 13637.0 2.0
47709.0 13612.0 2.0
47875.0 13719.0 2.0
47897.0 13704.0 2.0
47977.0 13754.0 2.0
48171.0 13747.0 2.0
48383.0 13801.0 2.0
48685.0 13965.0 2.0
49817.0 14217.0 2.0
49989.0 14240.0 2.0
50445.0 14380.0 2.0
50971.0 14500.0 2.0
51177.0 14490.0 2.0
51371.0 14530.0 2.0
51635.0 14607.0 2.0
52401.0 14871.0 2.0
52715.0 14973.0 2.0
52831.0 14955.0 2.0
53163.0 15076.0 2.0
53407.0 15135.0 2.0
53425.0 15131.0 2.0
53611.0 15150.0 2.0
53769.0 15241.0 2.0
53847.0 15222.0 2.0
54033.0 15230.0 2.0
54511.0 15372.0 2.0
54545.0 15456.0 2.0
54571.0 15397.0 2.0
54763.0 15444.0 2.0
54811.0 15485.0 2.0
55211.0 15529.0 2.0
55245.0 15547.0 2.0
55493.0 15606.0 2.0
56287.0 15804.0 2.0
56453.0 15888.0 2.0
56979.0 16001.0 2.0
57397.0 16115.0 2.0
58487.0 16375.0 2.0
58489.0 16472.0 2.0
58685.0 16404.0 2.0
59401.0 16603.0 2.0
59453.0 16633.0 2.0
59597.0 16729.0 2.0
62525.0 17361.0 2.0
64595.0 17911.0 2.0
66281.0 18390.0 2.0
74067.0 20325.0 2.0
76317.0 20890.0 2.0
87351.0 23577.0 2.0
89445.0 24107.0 2.0
