rev1.1
81675.0 23914.0 2.0
81889.0 23923.0 2.0
84853.0 24673.0 2.0
85379.0 24752.0 2.0
85707.0 24900.0 2.0
85883.0 25017.0 2.0
86185.0 24909.0 2.0
87589.0 25391.0 2.0
87835.0 25416.0 2.0
88347.0 25561.0 2.0
88397.0 25605.0 2.0
90197.0 26041.0 2.0
91307.0 26259.0 2.0
91975.0 26417.0 2.0
92281.0 26605.0 2.0
93237.0 26685.0 2.0
93283.0 26791.0 2.0
93731.0 26841.0 2.0
95637.0 27357.0 2.0
95811.0 27470.0 2.0
95997.0 27468.0 2.0
96071.0 27547.0 2.0
96245.0 27588.0 2.0
96371.0 27498.0 2.0
96759.0 27637.0 2.0
97285.0 27780.0 2.0
97305.0 27883.0 2.0
97369.0 27946.0 2.0
98407.0 28079.0 2.0
98451.0 28116.0 2.0
98851.0 28240.0 2.0
98869.0 28270.0 2.0
98923.0 28222.0 2.0
99243.0 28359.0 2.0
99469.0 28503.0 2.0
99797.0 28445.0 2.0
99807.0 28465.0 2.0
100267.0 28478.0 2.0
100541.0 28642.0 2.0
100889.0 28685.0 2.0
101913.0 29012.0 2.0
102639.0 29184.0 2.0
102795.0 29119.0 2.0
102849.0 29246.0 2.0
102909.0 29191.0 2.0
103415.0 29275.0 2.0
103421.0 29323.0 2.0
103447.0 29381.0 2.0
104477.0 29539.0 2.0
104627.0 29666.0 2.0
104771.0 29639.0 2.0
105303.0 29764.0 2.0
105327.0 29856.0 2.0
105733.0 29886.0 2.0
105931.0 29997.0 2.0
105941.0 29971.0 2.0
107001.0 30228.0 2.0
107399.0 30333.0 2.0
108499.0 30608.0 2.0
109249.0 30835.0 2.0
110557.0 31152.0 2.0
110829.0 31195.0 2.0
111367.0 31340.0 2.0
111651.0 31463.0 2.0
112519.0 31545.0 2.0
112523.0 31575.0 2.0
112941.0 31716.0 2.0
115205.0 32228.0 2.0
115265.0 32298.0 2.0
115553.0 32426.0 2.0
115719.0 32438.0 2.0
115875.0 32414.0 2.0
115969.0 32477.0 2.0
116205.0 32529.0 2.0
116871.0 32674.0 2.0
118013.0 32948.0 2.0
120061.0 33465.0 2.0
121981.0 34108.0 2.0
122767.0 34198.0 2.0
122993.0 34263.0 2.0
124847.0 34693.0 2.0
126775.0 35195.0 2.0
127757.0 35408.0 2.0
128107.0 35551.0 2.0
129845.0 35954.0 2.0
132011.0 36519.0 2.0
132433.0 36476.0 2.0
134637.0 37076.0 2.0
135781.0 37441.0 2.0
136091.0 37545.0 2.0
136349.0 37580.0 2.0
138591.0 38192.0 2.0
139163.0 38222.0 2.0
140261.0 38664.0 2.0
140549.0 38630.0 2.0
142841.0 39124.0 2.0
148889.0 40629.0 2.0
155613.0 42475.0 2.0
163333.0 44404.0 2.0
168659.0 45695.0 2.0
