rev1.1
3039.0 967.0 2.0
3043.0 975.0 2.0
3097.0 993.0 2.0
3213.0 1002.0 2.0
3213.0 1010.0 2.0
3303.0 1047.0 2.0
3317.0 1061.0 2.0
3329.0 1065.0 2.0
3429.0 1091.0 2.0
3501.0 1071.0 2.0
3581.0 1142.0 2.0
3635.0 1109.0 2.0
3639.0 1139.0 2.0
3641.0 1149.0 2.0
3665.0 1139.0 2.0
3675.0 1140.0 2.0
3677.0 1126.0 2.0
3683.0 1149.0 2.0
3687.0 1135.0 2.0
3751.0 1183.0 2.0
3799.0 1181.0 2.0
3841.0 1169.0 2.0
3849.0 1167.0 2.0
3853.0 1191.0 2.0
3899.0 1186.0 2.0
3933.0 1211.0 2.0
3941.0 1208.0 2.0
3943.0 1207.0 2.0
3983.0 1233.0 2.0
4011.0 1231.0 2.0
4045.0 1222.0 2.0
4101.0 1256.0 2.0
4103.0 1236.0 2.0
4125.0 1253.0 2.0
4137.0 1256.0 2.0
4151.0 1286.0 2.0
4153.0 1254.0 2.0
4159.0 1257.0 2.0
4159.0 1275.0 2.0
4219.0 1269.0 2.0
4303.0 1292.0 2.0
4347.0 1289.0 2.0
4371.0 1295.0 2.0
4373.0 1295.0 2.0
4399.0 1311.0 2.0
4455.0 1305.0 2.0
4455.0 1305.0 2.0
4467.0 1338.0 2.0
4471.0 1345.0 2.0
4477.0 1352.0 2.0
4485.0 1364.0 2.0
4485.0 1346.0 2.0
4499.0 1347.0 2.0
4547.0 1367.0 2.0
4557.0 1359.0 2.0
4565.0 1344.0 2.0
4577.0 1361.0 2.0
4589.0 1366.0 2.0
4591.0 1370.0 2.0
4609.0 1371.0 2.0
4619.0 1379.0 2.0
4627.0 1402.0 2.0
4677.0 1403.0 2.0
4713.0 1397.0 2.0
4733.0 1411.0 2.0
4739.0 1378.0 2.0
4743.0 1401.0 2.0
4749.0 1414.0 2.0
4809.0 1428.0 2.0
4855.0 1446.0 2.0
4889.0 1430.0 2.0
4889.0 1453.0 2.0
4905.0 1451.0 2.0
4981.0 1472.0 2.0
5031.0 1495.0 2.0
5081.0 1494.0 2.0
5089.0 1474.0 2.0
5153.0 1512.0 2.0
5173.0 1517.0 2.0
5199.0 1521.0 2.0
5251.0 1536.0 2.0
5297.0 1536.0 2.0
5329.0 1554.0 2.0
5419.0 1584.0 2.0
5469.0 1570.0 2.0
5553.0 1626.0 2.0
5599.0 1630.0 2.0
5683.0 1644.0 2.0
5727.0 1617.0 2.0
5749.0 1682.0 2.0
5757.0 1647.0 2.0
5955.0 1716.0 2.0
5979.0 1714.0 2.0
6099.0 1729.0 2.0
6299.0 1788.0 2.0
6339.0 1801.0 2.0
6795.0 1910.0 2.0
6947.0 1982.0 2.0
7085.0 1978.0 2.0
7699.0 2163.0 2.0
