rev1.1
886231.0 249645.0 2.0
901565.0 253182.0 2.0
917405.0 257717.0 2.0
921217.0 258253.0 2.0
927491.0 259788.0 2.0
929101.0 260186.0 2.0
934243.0 261384.0 2.0
935369.0 261821.0 2.0
936775.0 262114.0 2.0
943015.0 263760.0 2.0
943253.0 263608.0 2.0
950819.0 265781.0 2.0
952323.0 266310.0 2.0
961947.0 268573.0 2.0
964363.0 268968.0 2.0
965641.0 269418.0 2.0
971637.0 271077.0 2.0
977955.0 272479.0 2.0
979405.0 272855.0 2.0
981495.0 273131.0 2.0
987237.0 274787.0 2.0
990381.0 275560.0 2.0
999981.0 277671.0 2.0
1003079.0 278586.0 2.0
1003877.0 278863.0 2.0
1005931.0 279425.0 2.0
1006913.0 279524.0 2.0
1008917.0 280266.0 2.0
1009461.0 280239.0 2.0
1009859.0 280559.0 2.0
1011327.0 280744.0 2.0
1012987.0 281337.0 2.0
1015133.0 281590.0 2.0
1018659.0 282472.0 2.0
1020879.0 283163.0 2.0
1022229.0 283615.0 2.0
1031393.0 285810.0 2.0
1032947.0 286271.0 2.0
1042609.0 288257.0 2.0
1045551.0 289407.0 2.0
1047811.0 289914.0 2.0
1048645.0 290094.0 2.0
1049489.0 290295.0 2.0
1050237.0 290637.0 2.0
1050675.0 290417.0 2.0
1056167.0 291899.0 2.0
1058889.0 292441.0 2.0
1060213.0 292899.0 2.0
1061307.0 293446.0 2.0
1067039.0 294652.0 2.0
1074243.0 296445.0 2.0
1074305.0 296444.0 2.0
1081927.0 298222.0 2.0
1089595.0 300347.0 2.0
1096771.0 302122.0 2.0
1099393.0 302952.0 2.0
1101373.0 303378.0 2.0
1101563.0 303628.0 2.0
1108391.0 304778.0 2.0
1110277.0 305535.0 2.0
1112257.0 305848.0 2.0
1118513.0 307495.0 2.0
1121565.0 308178.0 2.0
1123541.0 309083.0 2.0
1126331.0 309634.0 2.0
1133579.0 311454.0 2.0
1136593.0 311917.0 2.0
1140353.0 312941.0 2.0
1150323.0 315606.0 2.0
1150645.0 315474.0 2.0
1152229.0 315726.0 2.0
1157097.0 317188.0 2.0
1162303.0 318471.0 2.0
1171263.0 320708.0 2.0
1177263.0 322179.0 2.0
1181187.0 323157.0 2.0
1181257.0 322989.0 2.0
1181499.0 323054.0 2.0
1184875.0 324165.0 2.0
1185141.0 324056.0 2.0
1188899.0 325417.0 2.0
1192899.0 326266.0 2.0
1193547.0 326323.0 2.0
1207709.0 330010.0 2.0
1212121.0 331010.0 2.0
1213995.0 331317.0 2.0
1229805.0 335012.0 2.0
1236199.0 336896.0 2.0
1239175.0 337819.0 2.0
1247659.0 339764.0 2.0
1248361.0 339882.0 2.0
1259787.0 342697.0 2.0
1263187.0 343555.0 2.0
1303665.0 354037.0 2.0
1307957.0 354924.0 2.0
1313699.0 356037.0 2.0
1330983.0 360745.0 2.0
1345067.0 364027.0 2.0
1351025.0 365576.0 2.0
1749823.0 465223.0 2.0
