rev1.1
16081.0 4882.0 2.0
16383.0 5038.0 2.0
17133.0 5159.0 2.0
17143.0 5140.0 2.0
17437.0 5206.0 2.0
17671.0 5224.0 2.0
17753.0 5309.0 2.0
17897.0 5376.0 2.0
17955.0 5379.0 2.0
18089.0 5399.0 2.0
18351.0 5394.0 2.0
18399.0 5474.0 2.0
18505.0 5487.0 2.0
18609.0 5503.0 2.0
18629.0 5559.0 2.0
18777.0 5546.0 2.0
18871.0 5587.0 2.0
18883.0 5594.0 2.0
18925.0 5570.0 2.0
18941.0 5605.0 2.0
18993.0 5600.0 2.0
19085.0 5646.0 2.0
19127.0 5649.0 2.0
19229.0 5683.0 2.0
19259.0 5743.0 2.0
19377.0 5710.0 2.0
19483.0 5730.0 2.0
19629.0 5764.0 2.0
19801.0 5817.0 2.0
19955.0 5902.0 2.0
20123.0 5927.0 2.0
20139.0 5949.0 2.0
20203.0 5923.0 2.0
20319.0 5959.0 2.0
20353.0 5990.0 2.0
20425.0 5972.0 2.0
20447.0 6016.0 2.0
20517.0 5998.0 2.0
20559.0 6036.0 2.0
20581.0 6018.0 2.0
20697.0 6071.0 2.0
20721.0 6112.0 2.0
20855.0 6081.0 2.0
20907.0 6094.0 2.0
20951.0 6120.0 2.0
20955.0 6087.0 2.0
21149.0 6190.0 2.0
21161.0 6187.0 2.0
21181.0 6149.0 2.0
21409.0 6175.0 2.0
21473.0 6219.0 2.0
21589.0 6288.0 2.0
21619.0 6281.0 2.0
21691.0 6253.0 2.0
21815.0 6314.0 2.0
21879.0 6364.0 2.0
22043.0 6431.0 2.0
22087.0 6402.0 2.0
22119.0 6411.0 2.0
22415.0 6533.0 2.0
22417.0 6472.0 2.0
22503.0 6504.0 2.0
22639.0 6591.0 2.0
23179.0 6654.0 2.0
23199.0 6692.0 2.0
23251.0 6674.0 2.0
23307.0 6727.0 2.0
23447.0 6732.0 2.0
23851.0 6847.0 2.0
23851.0 6809.0 2.0
24179.0 6907.0 2.0
24275.0 6957.0 2.0
24321.0 6955.0 2.0
24379.0 6995.0 2.0
24609.0 6992.0 2.0
24771.0 7053.0 2.0
24815.0 7076.0 2.0
24865.0 7105.0 2.0
24879.0 7084.0 2.0
25123.0 7175.0 2.0
25261.0 7209.0 2.0
25795.0 7335.0 2.0
25903.0 7381.0 2.0
26005.0 7390.0 2.0
26053.0 7382.0 2.0
26087.0 7391.0 2.0
26297.0 7480.0 2.0
26499.0 7486.0 2.0
27161.0 7607.0 2.0
27467.0 7746.0 2.0
27673.0 7737.0 2.0
31023.0 8619.0 2.0
31459.0 8762.0 2.0
32267.0 8933.0 2.0
33605.0 9319.0 2.0
33751.0 9293.0 2.0
33971.0 9378.0 2.0
34181.0 9406.0 2.0
36005.0 9873.0 2.0
36241.0 9947.0 2.0
