rev1.1
1830507.0 513606.0 2.0
1921431.0 536278.0 2.0
1944961.0 542004.0 2.0
1951395.0 543547.0 2.0
1978771.0 550891.0 2.0
1980303.0 550783.0 2.0
1986009.0 552191.0 2.0
2007167.0 558199.0 2.0
2021965.0 561184.0 2.0
2024165.0 561935.0 2.0
2040439.0 565977.0 2.0
2048535.0 567706.0 2.0
2053575.0 569334.0 2.0
2054299.0 569280.0 2.0
2055149.0 569395.0 2.0
2064707.0 572049.0 2.0
2081881.0 576267.0 2.0
2083753.0 576913.0 2.0
2090953.0 578910.0 2.0
2091277.0 578438.0 2.0
2092985.0 578979.0 2.0
2093209.0 579277.0 2.0
2095445.0 579483.0 2.0
2095743.0 579919.0 2.0
2097115.0 580123.0 2.0
2103905.0 581618.0 2.0
2106895.0 582507.0 2.0
2118829.0 585086.0 2.0
2126119.0 587037.0 2.0
2127655.0 587876.0 2.0
2128399.0 587798.0 2.0
2133719.0 588918.0 2.0
2138641.0 590145.0 2.0
2157899.0 595244.0 2.0
2166957.0 597477.0 2.0
2180487.0 601199.0 2.0
2192909.0 604136.0 2.0
2193277.0 604265.0 2.0
2194465.0 604583.0 2.0
2195453.0 604926.0 2.0
2195915.0 605196.0 2.0
2202279.0 606888.0 2.0
2209031.0 608471.0 2.0
2212193.0 609049.0 2.0
2220105.0 610687.0 2.0
2226345.0 612214.0 2.0
2231321.0 613433.0 2.0
2244513.0 617279.0 2.0
2266327.0 622416.0 2.0
2266465.0 622581.0 2.0
2276845.0 625275.0 2.0
2280307.0 625858.0 2.0
2290999.0 628823.0 2.0
2292625.0 628926.0 2.0
2295857.0 629941.0 2.0
2304081.0 631796.0 2.0
2316357.0 635096.0 2.0
2336945.0 640229.0 2.0
2343013.0 641287.0 2.0
2350303.0 643447.0 2.0
2360925.0 646444.0 2.0
2394135.0 654273.0 2.0
2396447.0 655230.0 2.0
2405843.0 657440.0 2.0
2414807.0 659409.0 2.0
2427943.0 663258.0 2.0
2433355.0 664620.0 2.0
2437417.0 665318.0 2.0
2443671.0 666423.0 2.0
2463401.0 672312.0 2.0
2471703.0 673667.0 2.0
2472239.0 673812.0 2.0
2473903.0 674439.0 2.0
2498165.0 680151.0 2.0
2499537.0 680625.0 2.0
2501661.0 681468.0 2.0
2502671.0 681762.0 2.0
2504521.0 681891.0 2.0
2504825.0 682400.0 2.0
2509967.0 683400.0 2.0
2525977.0 686860.0 2.0
2538819.0 690455.0 2.0
2557759.0 695157.0 2.0
2564005.0 696755.0 2.0
2568677.0 697964.0 2.0
2599393.0 705777.0 2.0
2614567.0 709467.0 2.0
2659063.0 720870.0 2.0
2665867.0 722599.0 2.0
2678723.0 725473.0 2.0
2713183.0 733850.0 2.0
2722167.0 736572.0 2.0
2794791.0 754706.0 2.0
2847785.0 767722.0 2.0
2849527.0 767832.0 2.0
2853027.0 768541.0 2.0
2999629.0 805828.0 2.0
3010127.0 808285.0 2.0
3041949.0 816321.0 2.0
3375729.0 899760.0 2.0
