rev1.1
2993.0 1030.0 2.0
3563.0 1179.0 2.0
3637.0 1228.0 2.0
3639.0 1170.0 2.0
3739.0 1213.0 2.0
3747.0 1199.0 2.0
3773.0 1220.0 2.0
3793.0 1233.0 2.0
3801.0 1219.0 2.0
3811.0 1254.0 2.0
3849.0 1262.0 2.0
3853.0 1283.0 2.0
3959.0 1287.0 2.0
3969.0 1285.0 2.0
3987.0 1301.0 2.0
4015.0 1296.0 2.0
4035.0 1329.0 2.0
4139.0 1345.0 2.0
4141.0 1363.0 2.0
4243.0 1345.0 2.0
4267.0 1358.0 2.0
4313.0 1360.0 2.0
4329.0 1410.0 2.0
4363.0 1376.0 2.0
4391.0 1347.0 2.0
4423.0 1421.0 2.0
4533.0 1402.0 2.0
4535.0 1421.0 2.0
4545.0 1397.0 2.0
4565.0 1442.0 2.0
4581.0 1440.0 2.0
4599.0 1470.0 2.0
4611.0 1411.0 2.0
4641.0 1494.0 2.0
4649.0 1406.0 2.0
4665.0 1452.0 2.0
4667.0 1448.0 2.0
4677.0 1471.0 2.0
4677.0 1484.0 2.0
4711.0 1466.0 2.0
4755.0 1496.0 2.0
4759.0 1457.0 2.0
4765.0 1500.0 2.0
4771.0 1502.0 2.0
4825.0 1499.0 2.0
4847.0 1472.0 2.0
4881.0 1468.0 2.0
4917.0 1517.0 2.0
4969.0 1545.0 2.0
4969.0 1577.0 2.0
5003.0 1562.0 2.0
5039.0 1557.0 2.0
5063.0 1589.0 2.0
5073.0 1593.0 2.0
5075.0 1566.0 2.0
5121.0 1591.0 2.0
5153.0 1586.0 2.0
5157.0 1524.0 2.0
5209.0 1660.0 2.0
5257.0 1585.0 2.0
5275.0 1649.0 2.0
5299.0 1629.0 2.0
5311.0 1641.0 2.0
5313.0 1608.0 2.0
5355.0 1650.0 2.0
5355.0 1656.0 2.0
5357.0 1648.0 2.0
5415.0 1627.0 2.0
5437.0 1631.0 2.0
5447.0 1637.0 2.0
5545.0 1684.0 2.0
5545.0 1679.0 2.0
5551.0 1663.0 2.0
5561.0 1679.0 2.0
5605.0 1687.0 2.0
5657.0 1734.0 2.0
5727.0 1765.0 2.0
5781.0 1796.0 2.0
5781.0 1758.0 2.0
5797.0 1758.0 2.0
5919.0 1772.0 2.0
5951.0 1768.0 2.0
5981.0 1799.0 2.0
5997.0 1808.0 2.0
6005.0 1804.0 2.0
6049.0 1794.0 2.0
6101.0 1837.0 2.0
6171.0 1844.0 2.0
6615.0 1958.0 2.0
6659.0 1998.0 2.0
6667.0 1951.0 2.0
6669.0 1978.0 2.0
6855.0 1997.0 2.0
6869.0 2027.0 2.0
6951.0 2030.0 2.0
6957.0 2050.0 2.0
7057.0 2102.0 2.0
7363.0 2169.0 2.0
7527.0 2170.0 2.0
7585.0 2204.0 2.0
