rev1.1
88563.0 26551.0 2.0
88757.0 26686.0 2.0
90197.0 27083.0 2.0
90569.0 27095.0 2.0
91353.0 27433.0 2.0
92465.0 27626.0 2.0
92837.0 27795.0 2.0
93217.0 27890.0 2.0
94467.0 27967.0 2.0
94989.0 28310.0 2.0
96083.0 28496.0 2.0
96109.0 28526.0 2.0
96627.0 28760.0 2.0
97179.0 28767.0 2.0
97397.0 28779.0 2.0
97541.0 28922.0 2.0
97987.0 28872.0 2.0
98383.0 29168.0 2.0
98695.0 29317.0 2.0
98877.0 28997.0 2.0
99745.0 29564.0 2.0
100583.0 29657.0 2.0
100683.0 29706.0 2.0
100801.0 29728.0 2.0
101105.0 29751.0 2.0
101107.0 29790.0 2.0
102219.0 29982.0 2.0
102445.0 30145.0 2.0
103107.0 30394.0 2.0
103237.0 30450.0 2.0
104037.0 30429.0 2.0
104175.0 30537.0 2.0
104465.0 30542.0 2.0
104923.0 30712.0 2.0
105021.0 30904.0 2.0
105179.0 30736.0 2.0
105821.0 31038.0 2.0
105961.0 30957.0 2.0
106235.0 30995.0 2.0
107111.0 31292.0 2.0
107409.0 31395.0 2.0
107527.0 31509.0 2.0
107549.0 31441.0 2.0
108343.0 31554.0 2.0
108923.0 31744.0 2.0
109219.0 31802.0 2.0
109257.0 31936.0 2.0
109359.0 31773.0 2.0
109415.0 31972.0 2.0
110133.0 32110.0 2.0
110325.0 31889.0 2.0
110513.0 32091.0 2.0
110857.0 32289.0 2.0
110901.0 32374.0 2.0
110971.0 32219.0 2.0
111101.0 32178.0 2.0
111133.0 32286.0 2.0
111897.0 32434.0 2.0
112325.0 32414.0 2.0
112539.0 32451.0 2.0
113113.0 32708.0 2.0
113769.0 32905.0 2.0
113879.0 33098.0 2.0
114437.0 33232.0 2.0
116005.0 33364.0 2.0
116535.0 33606.0 2.0
116543.0 33583.0 2.0
116587.0 33661.0 2.0
117033.0 33780.0 2.0
117083.0 33756.0 2.0
117809.0 33797.0 2.0
117933.0 34055.0 2.0
118779.0 34289.0 2.0
119163.0 34227.0 2.0
119877.0 34557.0 2.0
120805.0 34704.0 2.0
121263.0 34938.0 2.0
121771.0 34903.0 2.0
123083.0 35029.0 2.0
123621.0 35465.0 2.0
124159.0 35434.0 2.0
124457.0 35536.0 2.0
125491.0 35780.0 2.0
125919.0 36035.0 2.0
126095.0 35954.0 2.0
130395.0 37196.0 2.0
130703.0 37149.0 2.0
132535.0 37537.0 2.0
132661.0 37763.0 2.0
132973.0 37756.0 2.0
135401.0 38339.0 2.0
135675.0 38456.0 2.0
135883.0 38512.0 2.0
139427.0 39320.0 2.0
139553.0 39406.0 2.0
140273.0 39600.0 2.0
144147.0 40586.0 2.0
148443.0 41497.0 2.0
151477.0 42271.0 2.0
170067.0 46997.0 2.0
