rev1.1
38943.0 11990.0 2.0
39069.0 12136.0 2.0
39611.0 12154.0 2.0
40029.0 12306.0 2.0
40139.0 12327.0 2.0
40281.0 12314.0 2.0
40299.0 12286.0 2.0
40317.0 12324.0 2.0
41603.0 12740.0 2.0
42101.0 12822.0 2.0
42149.0 12713.0 2.0
43135.0 13031.0 2.0
43467.0 13182.0 2.0
43517.0 13191.0 2.0
43861.0 13170.0 2.0
44207.0 13439.0 2.0
45087.0 13608.0 2.0
45097.0 13552.0 2.0
45165.0 13494.0 2.0
45175.0 13492.0 2.0
45263.0 13583.0 2.0
45323.0 13640.0 2.0
45925.0 13738.0 2.0
45993.0 13722.0 2.0
46067.0 13777.0 2.0
46103.0 13751.0 2.0
46483.0 13803.0 2.0
46759.0 13989.0 2.0
46931.0 14067.0 2.0
47173.0 14093.0 2.0
47257.0 14196.0 2.0
47671.0 14224.0 2.0
47781.0 14391.0 2.0
47925.0 14238.0 2.0
48035.0 14285.0 2.0
48623.0 14419.0 2.0
49327.0 14627.0 2.0
49359.0 14641.0 2.0
49515.0 14597.0 2.0
49667.0 14737.0 2.0
49841.0 14705.0 2.0
49863.0 14789.0 2.0
49989.0 14782.0 2.0
50047.0 14717.0 2.0
50515.0 14897.0 2.0
50517.0 14827.0 2.0
50707.0 14928.0 2.0
50741.0 15076.0 2.0
51491.0 15179.0 2.0
52099.0 15317.0 2.0
52459.0 15387.0 2.0
52551.0 15382.0 2.0
52643.0 15413.0 2.0
52709.0 15504.0 2.0
52797.0 15532.0 2.0
52895.0 15570.0 2.0
53055.0 15539.0 2.0
53077.0 15681.0 2.0
53147.0 15639.0 2.0
53459.0 15640.0 2.0
53645.0 15648.0 2.0
53663.0 15762.0 2.0
53673.0 15755.0 2.0
53777.0 15917.0 2.0
53939.0 15762.0 2.0
54163.0 15849.0 2.0
54253.0 15872.0 2.0
54857.0 16000.0 2.0
55041.0 15896.0 2.0
55143.0 16099.0 2.0
55675.0 16329.0 2.0
55799.0 16276.0 2.0
55971.0 16206.0 2.0
56177.0 16350.0 2.0
57095.0 16557.0 2.0
57399.0 16679.0 2.0
57515.0 16696.0 2.0
57711.0 16729.0 2.0
58043.0 16746.0 2.0
58869.0 17085.0 2.0
59005.0 17086.0 2.0
59889.0 17330.0 2.0
59995.0 17136.0 2.0
60035.0 17264.0 2.0
60419.0 17258.0 2.0
60531.0 17359.0 2.0
60661.0 17507.0 2.0
60745.0 17508.0 2.0
66819.0 19009.0 2.0
67081.0 18945.0 2.0
67281.0 19123.0 2.0
67607.0 19171.0 2.0
68375.0 19377.0 2.0
68461.0 19298.0 2.0
69395.0 19684.0 2.0
70591.0 19810.0 2.0
70659.0 19916.0 2.0
71847.0 20254.0 2.0
73227.0 20550.0 2.0
73575.0 20672.0 2.0
