rev1.1
8761.0 2768.0 2.0
8985.0 2803.0 2.0
9027.0 2784.0 2.0
9039.0 2841.0 2.0
9105.0 2852.0 2.0
9281.0 2913.0 2.0
9307.0 2881.0 2.0
9317.0 2900.0 2.0
9447.0 2949.0 2.0
9481.0 2907.0 2.0
9579.0 2995.0 2.0
9665.0 3023.0 2.0
9671.0 3003.0 2.0
9689.0 3006.0 2.0
9755.0 2953.0 2.0
9819.0 3021.0 2.0
9837.0 2990.0 2.0
9927.0 3057.0 2.0
9933.0 3023.0 2.0
9935.0 3105.0 2.0
9971.0 3088.0 2.0
9975.0 3092.0 2.0
10049.0 3100.0 2.0
10061.0 3092.0 2.0
10113.0 3125.0 2.0
10211.0 3128.0 2.0
10261.0 3104.0 2.0
10273.0 3160.0 2.0
10323.0 3116.0 2.0
10333.0 3090.0 2.0
10433.0 3174.0 2.0
10481.0 3171.0 2.0
10533.0 3213.0 2.0
10581.0 3217.0 2.0
10583.0 3184.0 2.0
10609.0 3208.0 2.0
10641.0 3250.0 2.0
10657.0 3240.0 2.0
10707.0 3282.0 2.0
10781.0 3274.0 2.0
10787.0 3289.0 2.0
10871.0 3308.0 2.0
10901.0 3302.0 2.0
10929.0 3309.0 2.0
10961.0 3349.0 2.0
10993.0 3307.0 2.0
11131.0 3347.0 2.0
11345.0 3500.0 2.0
11381.0 3358.0 2.0
11433.0 3474.0 2.0
11513.0 3485.0 2.0
11575.0 3460.0 2.0
11613.0 3481.0 2.0
11627.0 3471.0 2.0
11697.0 3583.0 2.0
11811.0 3540.0 2.0
11885.0 3503.0 2.0
12061.0 3620.0 2.0
12127.0 3623.0 2.0
12127.0 3619.0 2.0
12193.0 3612.0 2.0
12259.0 3680.0 2.0
12261.0 3641.0 2.0
12271.0 3641.0 2.0
12273.0 3632.0 2.0
12299.0 3637.0 2.0
12323.0 3707.0 2.0
12371.0 3667.0 2.0
12491.0 3755.0 2.0
12499.0 3775.0 2.0
12517.0 3756.0 2.0
12519.0 3650.0 2.0
12531.0 3723.0 2.0
12547.0 3711.0 2.0
12629.0 3681.0 2.0
12653.0 3699.0 2.0
12673.0 3767.0 2.0
12679.0 3807.0 2.0
12719.0 3746.0 2.0
12755.0 3789.0 2.0
12761.0 3797.0 2.0
12979.0 3865.0 2.0
12985.0 3851.0 2.0
13027.0 3847.0 2.0
13131.0 3876.0 2.0
13185.0 3833.0 2.0
13269.0 3879.0 2.0
13331.0 3864.0 2.0
13645.0 4023.0 2.0
13647.0 3948.0 2.0
13723.0 4038.0 2.0
13729.0 4005.0 2.0
13869.0 4064.0 2.0
14237.0 4126.0 2.0
14283.0 4125.0 2.0
14395.0 4186.0 2.0
14641.0 4197.0 2.0
14715.0 4321.0 2.0
16025.0 4603.0 2.0
17891.0 5065.0 2.0
