rev1.1
940263.0 270694.0 2.0
940661.0 270617.0 2.0
954867.0 274630.0 2.0
977825.0 279944.0 2.0
977833.0 279850.0 2.0
985317.0 282066.0 2.0
985897.0 281883.0 2.0
990327.0 283151.0 2.0
991993.0 283226.0 2.0
996265.0 284741.0 2.0
998159.0 284935.0 2.0
1005605.0 286854.0 2.0
1007565.0 287483.0 2.0
1008479.0 287677.0 2.0
1009401.0 287601.0 2.0
1015149.0 289858.0 2.0
1017963.0 290023.0 2.0
1018597.0 289704.0 2.0
1021575.0 291257.0 2.0
1023115.0 291362.0 2.0
1025985.0 291867.0 2.0
1030077.0 292584.0 2.0
1036551.0 294800.0 2.0
1040173.0 295876.0 2.0
1046273.0 296886.0 2.0
1048641.0 297679.0 2.0
1050807.0 298207.0 2.0
1054939.0 299302.0 2.0
1056027.0 300039.0 2.0
1057965.0 299903.0 2.0
1061427.0 300563.0 2.0
1061673.0 301389.0 2.0
1062067.0 301281.0 2.0
1062257.0 301274.0 2.0
1067549.0 302208.0 2.0
1068055.0 302816.0 2.0
1073635.0 303740.0 2.0
1074257.0 304065.0 2.0
1075147.0 304304.0 2.0
1081175.0 305877.0 2.0
1083903.0 306769.0 2.0
1084479.0 306854.0 2.0
1086595.0 307527.0 2.0
1088987.0 307503.0 2.0
1090333.0 308024.0 2.0
1096605.0 309761.0 2.0
1097155.0 309418.0 2.0
1097721.0 309854.0 2.0
1098303.0 310126.0 2.0
1100745.0 310554.0 2.0
1101731.0 311361.0 2.0
1102459.0 311231.0 2.0
1104015.0 311680.0 2.0
1104409.0 312038.0 2.0
1109437.0 312821.0 2.0
1109925.0 313165.0 2.0
1113661.0 313883.0 2.0
1116337.0 314372.0 2.0
1116341.0 314997.0 2.0
1117621.0 315018.0 2.0
1118455.0 315534.0 2.0
1120637.0 315749.0 2.0
1124189.0 316562.0 2.0
1138543.0 320061.0 2.0
1143951.0 321377.0 2.0
1155707.0 324659.0 2.0
1169497.0 327932.0 2.0
1186611.0 332402.0 2.0
1190827.0 333311.0 2.0
1191341.0 333330.0 2.0
1192265.0 333486.0 2.0
1196913.0 334776.0 2.0
1204365.0 336523.0 2.0
1206053.0 336841.0 2.0
1220669.0 340853.0 2.0
1226809.0 342446.0 2.0
1231119.0 343525.0 2.0
1238887.0 345262.0 2.0
1241897.0 345805.0 2.0
1242739.0 346235.0 2.0
1243321.0 346024.0 2.0
1247325.0 347682.0 2.0
1247375.0 347333.0 2.0
1249091.0 347705.0 2.0
1257447.0 349825.0 2.0
1262783.0 351335.0 2.0
1267137.0 352477.0 2.0
1279651.0 355646.0 2.0
1288195.0 357405.0 2.0
1290331.0 358310.0 2.0
1300583.0 360334.0 2.0
1307729.0 361893.0 2.0
1314397.0 363783.0 2.0
1319797.0 365562.0 2.0
1343455.0 371604.0 2.0
1357937.0 374628.0 2.0
1435411.0 394385.0 2.0
1446451.0 397512.0 2.0
1458907.0 400493.0 2.0
1579787.0 430570.0 2.0
