rev1.1
1922057.0 550872.0 2.0
1937235.0 554928.0 2.0
1948279.0 557887.0 2.0
1955673.0 559945.0 2.0
1971009.0 563673.0 2.0
1978063.0 565367.0 2.0
2012937.0 574358.0 2.0
2017513.0 575339.0 2.0
2072903.0 588533.0 2.0
2077045.0 590481.0 2.0
2077135.0 589912.0 2.0
2078061.0 590824.0 2.0
2090369.0 593038.0 2.0
2091285.0 593411.0 2.0
2111321.0 598404.0 2.0
2127751.0 602798.0 2.0
2136013.0 604625.0 2.0
2138651.0 605462.0 2.0
2149503.0 608505.0 2.0
2160631.0 610815.0 2.0
2165473.0 612386.0 2.0
2169149.0 613054.0 2.0
2171455.0 613989.0 2.0
2177025.0 614740.0 2.0
2185389.0 616922.0 2.0
2186435.0 617406.0 2.0
2210183.0 623136.0 2.0
2215469.0 624637.0 2.0
2225975.0 626725.0 2.0
2228001.0 627465.0 2.0
2230537.0 627925.0 2.0
2231095.0 628299.0 2.0
2238075.0 630218.0 2.0
2241199.0 630846.0 2.0
2245277.0 631841.0 2.0
2251409.0 633621.0 2.0
2251947.0 633793.0 2.0
2253177.0 634493.0 2.0
2272419.0 639419.0 2.0
2274931.0 639158.0 2.0
2279513.0 640450.0 2.0
2291481.0 643527.0 2.0
2291813.0 643373.0 2.0
2313819.0 649015.0 2.0
2314573.0 649030.0 2.0
2316207.0 650064.0 2.0
2317399.0 649351.0 2.0
2328263.0 652625.0 2.0
2332785.0 654641.0 2.0
2342349.0 656381.0 2.0
2348335.0 658130.0 2.0
2355167.0 659372.0 2.0
2358753.0 660131.0 2.0
2362029.0 660878.0 2.0
2362821.0 660735.0 2.0
2363229.0 661435.0 2.0
2376451.0 664221.0 2.0
2384471.0 667173.0 2.0
2386931.0 667831.0 2.0
2391179.0 668719.0 2.0
2391697.0 668356.0 2.0
2393409.0 669352.0 2.0
2393839.0 669767.0 2.0
2396171.0 669748.0 2.0
2401505.0 670818.0 2.0
2416569.0 674659.0 2.0
2423063.0 676102.0 2.0
2429917.0 678123.0 2.0
2433337.0 678429.0 2.0
2445685.0 681651.0 2.0
2451173.0 683012.0 2.0
2452013.0 683644.0 2.0
2459373.0 685466.0 2.0
2476053.0 689619.0 2.0
2482019.0 691569.0 2.0
2484759.0 691526.0 2.0
2486725.0 692822.0 2.0
2504259.0 697138.0 2.0
2520981.0 700847.0 2.0
2538655.0 705321.0 2.0
2569875.0 712833.0 2.0
2593445.0 718952.0 2.0
2602085.0 721024.0 2.0
2609961.0 722988.0 2.0
2615529.0 724612.0 2.0
2635553.0 729853.0 2.0
2647117.0 732488.0 2.0
2654783.0 734129.0 2.0
2667753.0 738025.0 2.0
2677099.0 740015.0 2.0
2677431.0 740114.0 2.0
2710403.0 748344.0 2.0
2714187.0 749265.0 2.0
2793411.0 769362.0 2.0
2796687.0 769996.0 2.0
2822511.0 776761.0 2.0
2831465.0 778736.0 2.0
2989979.0 818001.0 2.0
2995539.0 819472.0 2.0
2995547.0 819881.0 2.0
