rev1.1
17107.0 5344.0 2.0
17201.0 5355.0 2.0
17363.0 5459.0 2.0
18923.0 5796.0 2.0
18997.0 5953.0 2.0
19293.0 5885.0 2.0
19373.0 6015.0 2.0
19525.0 6041.0 2.0
19567.0 6026.0 2.0
19579.0 6089.0 2.0
19625.0 6087.0 2.0
19697.0 6101.0 2.0
19721.0 6075.0 2.0
19927.0 6111.0 2.0
20075.0 6161.0 2.0
20169.0 6223.0 2.0
20575.0 6331.0 2.0
20587.0 6275.0 2.0
20631.0 6313.0 2.0
20633.0 6291.0 2.0
20725.0 6316.0 2.0
20837.0 6392.0 2.0
20931.0 6371.0 2.0
20941.0 6406.0 2.0
20987.0 6261.0 2.0
21071.0 6419.0 2.0
21083.0 6397.0 2.0
21113.0 6427.0 2.0
21165.0 6473.0 2.0
21229.0 6375.0 2.0
21477.0 6476.0 2.0
21501.0 6466.0 2.0
21717.0 6649.0 2.0
21959.0 6652.0 2.0
22099.0 6612.0 2.0
22569.0 6826.0 2.0
22667.0 6788.0 2.0
22719.0 6852.0 2.0
22793.0 6898.0 2.0
22855.0 6751.0 2.0
22857.0 6837.0 2.0
22963.0 6852.0 2.0
22995.0 6944.0 2.0
23021.0 6888.0 2.0
23143.0 6977.0 2.0
23227.0 6903.0 2.0
23249.0 6893.0 2.0
23313.0 7058.0 2.0
23419.0 7013.0 2.0
23795.0 7129.0 2.0
23803.0 7178.0 2.0
23871.0 7068.0 2.0
23981.0 7102.0 2.0
23993.0 7123.0 2.0
24153.0 7227.0 2.0
24193.0 7260.0 2.0
24237.0 7194.0 2.0
24333.0 7333.0 2.0
24387.0 7247.0 2.0
24413.0 7208.0 2.0
24509.0 7194.0 2.0
24515.0 7229.0 2.0
24591.0 7265.0 2.0
24813.0 7334.0 2.0
24939.0 7371.0 2.0
25279.0 7456.0 2.0
25303.0 7514.0 2.0
25385.0 7459.0 2.0
25431.0 7423.0 2.0
25451.0 7509.0 2.0
25515.0 7565.0 2.0
25755.0 7530.0 2.0
26145.0 7689.0 2.0
26455.0 7706.0 2.0
26477.0 7677.0 2.0
26657.0 7864.0 2.0
26739.0 7920.0 2.0
27019.0 7956.0 2.0
27141.0 7970.0 2.0
27237.0 7984.0 2.0
27291.0 7987.0 2.0
27315.0 7975.0 2.0
27587.0 8042.0 2.0
27705.0 8175.0 2.0
27721.0 8090.0 2.0
27907.0 8163.0 2.0
27943.0 8041.0 2.0
28121.0 8231.0 2.0
28377.0 8235.0 2.0
28549.0 8331.0 2.0
28565.0 8421.0 2.0
29101.0 8519.0 2.0
29419.0 8432.0 2.0
30199.0 8755.0 2.0
31085.0 8879.0 2.0
31429.0 9078.0 2.0
38067.0 10687.0 2.0
39529.0 11002.0 2.0
43617.0 12045.0 2.0
45183.0 12452.0 2.0
