rev1.1
182481.0 54536.0 2.0
187699.0 56061.0 2.0
189573.0 56457.0 2.0
191991.0 56896.0 2.0
195907.0 57843.0 2.0
200373.0 59147.0 2.0
203615.0 59655.0 2.0
206487.0 60546.0 2.0
207421.0 60690.0 2.0
207981.0 60724.0 2.0
209077.0 61206.0 2.0
209559.0 61216.0 2.0
210771.0 61822.0 2.0
211159.0 61906.0 2.0
211571.0 61882.0 2.0
212495.0 62324.0 2.0
212661.0 62200.0 2.0
212839.0 62057.0 2.0
213811.0 62424.0 2.0
215243.0 62796.0 2.0
217471.0 63268.0 2.0
217745.0 63431.0 2.0
218057.0 63409.0 2.0
218219.0 63423.0 2.0
220161.0 64223.0 2.0
221019.0 64328.0 2.0
221343.0 64464.0 2.0
221643.0 64317.0 2.0
221883.0 64403.0 2.0
222059.0 64641.0 2.0
222197.0 64474.0 2.0
222249.0 64512.0 2.0
223465.0 64726.0 2.0
224229.0 65014.0 2.0
224491.0 65194.0 2.0
224613.0 65247.0 2.0
225535.0 65450.0 2.0
225587.0 65295.0 2.0
226535.0 65780.0 2.0
229807.0 66212.0 2.0
230585.0 66694.0 2.0
230905.0 66558.0 2.0
232121.0 66998.0 2.0
233909.0 67219.0 2.0
234925.0 67763.0 2.0
235041.0 67675.0 2.0
235555.0 67871.0 2.0
235557.0 67966.0 2.0
237421.0 68356.0 2.0
239337.0 68565.0 2.0
240083.0 69002.0 2.0
241373.0 69287.0 2.0
243605.0 69880.0 2.0
244347.0 70010.0 2.0
246939.0 70565.0 2.0
249829.0 71567.0 2.0
250113.0 71480.0 2.0
250999.0 71750.0 2.0
252333.0 71949.0 2.0
252387.0 72336.0 2.0
252419.0 71916.0 2.0
254081.0 72461.0 2.0
255011.0 72693.0 2.0
256453.0 72966.0 2.0
257093.0 73238.0 2.0
257115.0 73382.0 2.0
257451.0 73329.0 2.0
258357.0 73505.0 2.0
259299.0 73789.0 2.0
260661.0 73920.0 2.0
263303.0 74455.0 2.0
263711.0 75004.0 2.0
264293.0 74968.0 2.0
264543.0 75199.0 2.0
265661.0 75366.0 2.0
266347.0 75659.0 2.0
267077.0 75645.0 2.0
273229.0 77380.0 2.0
273681.0 77474.0 2.0
275799.0 78069.0 2.0
278327.0 78433.0 2.0
278897.0 78714.0 2.0
283577.0 79780.0 2.0
283609.0 79937.0 2.0
285079.0 80275.0 2.0
286587.0 80741.0 2.0
292121.0 82002.0 2.0
293857.0 82462.0 2.0
299179.0 83538.0 2.0
301087.0 84239.0 2.0
311587.0 86971.0 2.0
312657.0 87182.0 2.0
324349.0 90034.0 2.0
324955.0 90025.0 2.0
325325.0 90340.0 2.0
328269.0 91140.0 2.0
334143.0 92321.0 2.0
340257.0 93866.0 2.0
371769.0 101886.0 2.0
387953.0 106207.0 2.0
