rev1.1
421319.0 123034.0 2.0
424537.0 124092.0 2.0
424899.0 124164.0 2.0
431653.0 125982.0 2.0
439277.0 127652.0 2.0
443739.0 128874.0 2.0
444799.0 128876.0 2.0
445721.0 128970.0 2.0
451149.0 130699.0 2.0
453195.0 131109.0 2.0
457863.0 132165.0 2.0
457959.0 132452.0 2.0
458001.0 132201.0 2.0
458459.0 132397.0 2.0
458607.0 132258.0 2.0
459545.0 133152.0 2.0
460447.0 132861.0 2.0
460647.0 132960.0 2.0
468593.0 135142.0 2.0
469583.0 135062.0 2.0
469709.0 135139.0 2.0
470087.0 135264.0 2.0
472331.0 135948.0 2.0
473703.0 136305.0 2.0
475981.0 136673.0 2.0
476537.0 137135.0 2.0
478055.0 137279.0 2.0
479873.0 137884.0 2.0
480021.0 137584.0 2.0
481067.0 137899.0 2.0
481139.0 138467.0 2.0
481149.0 137933.0 2.0
486159.0 139499.0 2.0
488251.0 139801.0 2.0
489133.0 140179.0 2.0
489529.0 140232.0 2.0
491107.0 140517.0 2.0
491317.0 140517.0 2.0
491839.0 140823.0 2.0
492227.0 140767.0 2.0
494105.0 141534.0 2.0
497595.0 142187.0 2.0
499053.0 142458.0 2.0
500655.0 143044.0 2.0
501647.0 142931.0 2.0
502753.0 143630.0 2.0
503279.0 143725.0 2.0
504517.0 143925.0 2.0
505157.0 144115.0 2.0
509853.0 145345.0 2.0
509877.0 145055.0 2.0
510289.0 145480.0 2.0
511823.0 145936.0 2.0
512533.0 145823.0 2.0
515143.0 146556.0 2.0
520599.0 147846.0 2.0
521971.0 148265.0 2.0
522397.0 148082.0 2.0
522479.0 148235.0 2.0
524165.0 149220.0 2.0
525561.0 148963.0 2.0
527471.0 149685.0 2.0
527567.0 149755.0 2.0
527725.0 149875.0 2.0
528855.0 150045.0 2.0
529981.0 150595.0 2.0
530177.0 150507.0 2.0
532747.0 150845.0 2.0
532895.0 150720.0 2.0
533589.0 151244.0 2.0
536247.0 151843.0 2.0
538141.0 152528.0 2.0
539097.0 152873.0 2.0
541331.0 153213.0 2.0
546039.0 154411.0 2.0
548999.0 154924.0 2.0
551973.0 155869.0 2.0
553145.0 156318.0 2.0
562331.0 158407.0 2.0
564673.0 159044.0 2.0
570831.0 160441.0 2.0
576479.0 161954.0 2.0
576849.0 162132.0 2.0
577501.0 162129.0 2.0
580449.0 162856.0 2.0
581665.0 163053.0 2.0
584861.0 164226.0 2.0
586061.0 164495.0 2.0
602625.0 168275.0 2.0
605593.0 169015.0 2.0
612175.0 171033.0 2.0
616807.0 172271.0 2.0
624427.0 173805.0 2.0
626639.0 174423.0 2.0
634669.0 176988.0 2.0
640651.0 178046.0 2.0
643877.0 178698.0 2.0
646543.0 179526.0 2.0
652715.0 181296.0 2.0
669815.0 185414.0 2.0
