rev1.1
1497.0 507.0 2.0
1555.0 532.0 2.0
1565.0 527.0 2.0
1599.0 542.0 2.0
1623.0 536.0 2.0
1687.0 548.0 2.0
1723.0 583.0 2.0
1743.0 594.0 2.0
1783.0 592.0 2.0
1789.0 586.0 2.0
1813.0 604.0 2.0
1815.0 602.0 2.0
1861.0 617.0 2.0
1867.0 591.0 2.0
1875.0 590.0 2.0
1891.0 611.0 2.0
1905.0 633.0 2.0
1943.0 620.0 2.0
1945.0 628.0 2.0
1957.0 636.0 2.0
1965.0 637.0 2.0
1999.0 644.0 2.0
2011.0 673.0 2.0
2025.0 686.0 2.0
2041.0 660.0 2.0
2109.0 662.0 2.0
2135.0 658.0 2.0
2151.0 678.0 2.0
2155.0 664.0 2.0
2163.0 705.0 2.0
2165.0 685.0 2.0
2175.0 696.0 2.0
2203.0 708.0 2.0
2245.0 697.0 2.0
2263.0 716.0 2.0
2269.0 728.0 2.0
2285.0 717.0 2.0
2289.0 724.0 2.0
2295.0 739.0 2.0
2303.0 696.0 2.0
2321.0 706.0 2.0
2321.0 700.0 2.0
2333.0 721.0 2.0
2353.0 731.0 2.0
2363.0 736.0 2.0
2369.0 728.0 2.0
2377.0 731.0 2.0
2383.0 755.0 2.0
2403.0 724.0 2.0
2417.0 770.0 2.0
2427.0 776.0 2.0
2455.0 798.0 2.0
2459.0 772.0 2.0
2469.0 725.0 2.0
2471.0 759.0 2.0
2503.0 795.0 2.0
2521.0 780.0 2.0
2553.0 781.0 2.0
2579.0 799.0 2.0
2583.0 796.0 2.0
2617.0 820.0 2.0
2645.0 819.0 2.0
2645.0 825.0 2.0
2647.0 810.0 2.0
2673.0 821.0 2.0
2689.0 809.0 2.0
2707.0 810.0 2.0
2711.0 839.0 2.0
2713.0 820.0 2.0
2717.0 833.0 2.0
2719.0 846.0 2.0
2729.0 818.0 2.0
2737.0 837.0 2.0
2753.0 858.0 2.0
2763.0 857.0 2.0
2765.0 849.0 2.0
2781.0 840.0 2.0
2795.0 884.0 2.0
2853.0 902.0 2.0
2911.0 883.0 2.0
2917.0 879.0 2.0
2925.0 868.0 2.0
2945.0 916.0 2.0
2961.0 895.0 2.0
3037.0 924.0 2.0
3065.0 933.0 2.0
3091.0 959.0 2.0
3149.0 955.0 2.0
3151.0 950.0 2.0
3185.0 961.0 2.0
3205.0 969.0 2.0
3213.0 936.0 2.0
3243.0 963.0 2.0
3301.0 967.0 2.0
3405.0 1011.0 2.0
3431.0 1006.0 2.0
3559.0 1064.0 2.0
3573.0 1039.0 2.0
3597.0 1071.0 2.0
3895.0 1111.0 2.0
