rev7.1
270260.0 11749.0 4.0
293328.0 4802.0 2.0
327056.0 7475.0 3.0
341221.0 4362.0 1.0
342318.0 8074.0 4.0
344224.0 8295.0 3.0
356318.0 5339.0 3.0
380925.0 8455.0 3.0
383348.0 5634.0 2.0
384883.0 10093.0 6.0
404005.0 9410.0 4.0
411447.0 9727.0 2.0
414827.0 3533.0 2.0
421923.0 6374.0 3.0
422749.0 9228.0 2.0
434217.0 7219.0 2.0
436515.0 4130.0 2.0
439900.0 9332.0 4.0
445402.0 6026.0 4.0
445626.0 5502.0 3.0
450023.0 5827.0 3.0
452906.0 11531.0 6.0
455757.0 11179.0 6.0
455889.0 5634.0 4.0
456804.0 11388.0 3.0
460851.0 3250.0 2.0
461237.0 4123.0 3.0
462678.0 11871.0 5.0
465171.0 6287.0 4.0
471713.0 11397.0 5.0
476053.0 6437.0 3.0
490228.0 7403.0 4.0
493005.0 11448.0 6.0
494882.0 6551.0 3.0
494981.0 10008.0 5.0
496619.0 7931.0 4.0
497262.0 3963.0 3.0
497797.0 9919.0 5.0
498213.0 8543.0 5.0
498975.0 11812.0 4.0
502551.0 10266.0 5.0
505603.0 10809.0 5.0
507743.0 7900.0 2.0
508821.0 7429.0 3.0
509644.0 6055.0 2.0
510293.0 8985.0 4.0
512284.0 9700.0 5.0
514536.0 5712.0 1.0
516113.0 6132.0 4.0
517846.0 7848.0 4.0
518650.0 10533.0 3.0
519857.0 5740.0 5.0
522995.0 8207.0 3.0
527581.0 7373.0 4.0
531858.0 10432.0 3.0
532423.0 5911.0 2.0
533208.0 6609.0 5.0
546148.0 8825.0 5.0
546739.0 8951.0 3.0
550795.0 8159.0 4.0
554423.0 9316.0 4.0
555807.0 7269.0 3.0
558298.0 8330.0 6.0
558549.0 7715.0 3.0
561958.0 11376.0 4.0
565510.0 6921.0 5.0
569428.0 10828.0 6.0
570122.0 8966.0 5.0
574537.0 12658.0 4.0
575114.0 4606.0 6.0
577650.0 9812.0 4.0
589706.0 6111.0 3.0
591059.0 7884.0 2.0
599863.0 11939.0 5.0
601705.0 5126.0 4.0
607037.0 9056.0 4.0
613907.0 8992.0 6.0
614562.0 10792.0 6.0
615565.0 11096.0 4.0
620074.0 3888.0 3.0
624823.0 11361.0 5.0
628607.0 8448.0 3.0
637623.0 11676.0 3.0
640353.0 10921.0 4.0
641671.0 13486.0 5.0
648500.0 6531.0 3.0
651348.0 6871.0 3.0
666114.0 7538.0 3.0
667984.0 3165.0 2.0
670199.0 9294.0 3.0
681032.0 9544.0 4.0
712249.0 5007.0 2.0
723990.0 6667.0 2.0
747297.0 6876.0 4.0
766155.0 8585.0 5.0
792584.0 11593.0 4.0
811252.0 8138.0 4.0
838914.0 9990.0 4.0
845322.0 8817.0 4.0
900070.0 7051.0 3.0
