rev0
1.3274942E7
1.3948108E7
1.39499E7
1.4163384E7
1.4200701E7
1.4422372E7
1.4519307E7
1.4661027E7
1.468098E7
1.4849675E7
1.4918968E7
1.527354E7
1.5276182E7
1.5288345E7
1.5293302E7
1.5340593E7
1.537088E7
1.5643672E7
1.5646871E7
1.5646877E7
1.5678224E7
1.5699572E7
1.572658E7
1.5743962E7
1.5766249E7
1.5821743E7
1.5832696E7
1.5834792E7
1.5854228E7
1.5943718E7
1.5967814E7
1.5994761E7
1.6120335E7
1.6171112E7
1.6189667E7
1.6191608E7
1.6360812E7
1.6370692E7
1.6432357E7
1.645398E7
1.6457538E7
1.6513878E7
1.6526239E7
1.6540665E7
1.6561325E7
1.660929E7
1.6609332E7
1.6620157E7
1.6679623E7
1.6714401E7
1.6718464E7
1.6752547E7
1.6811893E7
1.6833813E7
1.6893555E7
1.6928531E7
1.7005625E7
1.7030295E7
1.7065878E7
1.7065936E7
1.7181049E7
1.7381566E7
1.7412966E7
1.7535081E7
1.7614956E7
1.7667615E7
1.7678838E7
1.7716665E7
1.7781946E7
1.7882195E7
1.794138E7
1.7975046E7
1.8019924E7
1.803544E7
1.817523E7
1.8188822E7
1.8263264E7
1.8271433E7
1.8586674E7
1.867573E7
1.8718939E7
1.8814061E7
1.884683E7
1.9009818E7
1.9022461E7
1.9112761E7
1.9132703E7
1.925734E7
1.927422E7
1.9298789E7
1.9317295E7
1.9479968E7
2.0213047E7
2.0243096E7
2.0547011E7
2.0678602E7
2.1079172E7
2.1473841E7
2.1548064E7
2.1724113E7
