rev7
1.6258359E7 359442.0 9.0
1.838674E7 247258.0 8.0
1.9238437E7 169960.0 5.0
2.0727793E7 338029.0 11.0
2.0813239E7 415850.0 14.0
2.0827689E7 272595.0 5.0
2.1354782E7 202609.0 6.0
2.1450702E7 156085.0 6.0
2.1559322E7 209844.0 8.0
2.1572288E7 380805.0 9.0
2.1836176E7 323604.0 10.0
2.1994434E7 225286.0 10.0
2.2236819E7 137163.0 4.0
2.2255048E7 237157.0 5.0
2.2606325E7 174919.0 5.0
2.2626327E7 321949.0 8.0
2.2957206E7 131268.0 8.0
2.3058029E7 151544.0 7.0
2.3093643E7 204363.0 10.0
2.3413629E7 244493.0 4.0
2.3534453E7 267598.0 8.0
2.3655672E7 234812.0 5.0
2.3656675E7 374666.0 7.0
2.3952994E7 309845.0 8.0
2.4079563E7 319504.0 11.0
2.4332627E7 171452.0 7.0
2.4463459E7 181851.0 4.0
2.4525915E7 297871.0 8.0
2.4555127E7 218081.0 5.0
2.4617404E7 285549.0 10.0
2.4796636E7 298594.0 15.0
2.4859419E7 312916.0 10.0
2.501561E7 365351.0 7.0
2.5102218E7 227075.0 7.0
2.5105428E7 337768.0 7.0
2.520045E7 222284.0 9.0
2.5564851E7 334041.0 9.0
2.5730091E7 277653.0 4.0
2.5841214E7 206873.0 7.0
2.6097347E7 276809.0 8.0
2.6233564E7 312643.0 9.0
2.6297722E7 179912.0 5.0
2.6364182E7 169684.0 5.0
2.6547969E7 229238.0 8.0
2.6623584E7 337091.0 6.0
2.7034154E7 280117.0 10.0
2.7120694E7 246644.0 7.0
2.7333222E7 214373.0 5.0
2.737305E7 234600.0 6.0
2.7525239E7 293772.0 8.0
2.7555425E7 258141.0 7.0
2.7867577E7 266158.0 8.0
2.7965178E7 318601.0 13.0
2.8034105E7 261385.0 12.0
2.807163E7 187806.0 5.0
2.8110494E7 407086.0 9.0
2.8198863E7 252692.0 9.0
2.8437467E7 245899.0 9.0
2.8658405E7 200622.0 6.0
2.8736198E7 324761.0 8.0
2.8742589E7 217694.0 7.0
2.8772092E7 238369.0 5.0
2.9011044E7 226650.0 7.0
2.9126949E7 360804.0 8.0
2.9167316E7 345971.0 9.0
2.9275318E7 228954.0 7.0
2.9347713E7 207340.0 6.0
2.9448168E7 258065.0 6.0
2.9485684E7 344231.0 7.0
2.9485793E7 200608.0 6.0
2.9846432E7 172160.0 2.0
2.9963252E7 178241.0 9.0
3.0058148E7 275057.0 8.0
3.0140999E7 287491.0 10.0
3.0314204E7 247372.0 7.0
3.0884581E7 309898.0 9.0
3.0928627E7 255999.0 7.0
3.094649E7 217784.0 5.0
3.1008636E7 296155.0 7.0
3.1029859E7 263055.0 7.0
3.1543275E7 291446.0 11.0
3.1581581E7 246285.0 8.0
3.1808758E7 187275.0 5.0
3.1863175E7 247389.0 6.0
3.2120697E7 211718.0 7.0
3.2243767E7 169526.0 7.0
3.233E7 368900.0 7.0
3.2356942E7 131865.0 6.0
3.2425489E7 348500.0 10.0
3.2741541E7 252834.0 7.0
3.3256138E7 205491.0 7.0
3.333738E7 240625.0 8.0
3.3914983E7 200420.0 7.0
3.4334722E7 273512.0 8.0
3.4952009E7 183348.0 3.0
3.4971534E7 303473.0 9.0
3.5147473E7 188478.0 4.0
3.7273493E7 220582.0 6.0
3.7699031E7 216463.0 9.0
4.1645555E7 322503.0 7.0
