rev7
2.74742716E8 2410298.0 12.0
2.84697443E8 2799200.0 15.0
2.85698042E8 2369622.0 9.0
2.95591599E8 2557894.0 11.0
2.95954075E8 2985461.0 13.0
2.97797469E8 2357808.0 11.0
3.01923229E8 2508583.0 15.0
3.0603694E8 2406767.0 13.0
3.06039E8 2652324.0 17.0
3.15722714E8 2320219.0 8.0
3.20692761E8 2438108.0 11.0
3.24659567E8 1936370.0 11.0
3.2561839E8 2737153.0 9.0
3.26249532E8 2414547.0 10.0
3.2716957E8 3190579.0 13.0
3.27487856E8 2631068.0 13.0
3.28025758E8 3114620.0 15.0
3.30004674E8 2561537.0 14.0
3.30032057E8 1816377.0 10.0
3.31982436E8 2535567.0 11.0
3.32002293E8 2780967.0 13.0
3.36122664E8 2063315.0 8.0
3.38286428E8 2731044.0 10.0
3.42427118E8 2234633.0 15.0
3.42686841E8 2235866.0 11.0
3.43897145E8 2058201.0 11.0
3.43988383E8 2642068.0 11.0
3.44136867E8 2825917.0 15.0
3.44945228E8 2722067.0 11.0
3.46514982E8 3098952.0 15.0
3.46647574E8 2775283.0 11.0
3.47035122E8 2617428.0 14.0
3.48578656E8 2205539.0 11.0
3.49364297E8 2272038.0 10.0
3.52356693E8 2040791.0 9.0
3.52624905E8 2187811.0 11.0
3.54191458E8 2561864.0 16.0
3.56625049E8 2668893.0 12.0
3.56866609E8 2398087.0 12.0
3.57427835E8 2461052.0 12.0
3.57703025E8 2437552.0 10.0
3.58178686E8 2340432.0 10.0
3.58813961E8 2444172.0 12.0
3.58937631E8 2097941.0 9.0
3.5922717E8 2036225.0 13.0
3.59379226E8 2607654.0 19.0
3.61317619E8 2576761.0 12.0
3.61388501E8 1598055.0 6.0
3.62366739E8 2469936.0 10.0
3.62651297E8 2652821.0 11.0
3.62716731E8 2461403.0 15.0
3.62891439E8 2429691.0 14.0
3.62994367E8 2119030.0 7.0
3.63505323E8 3284897.0 16.0
3.64299669E8 2831341.0 10.0
3.71015658E8 2766907.0 15.0
3.72788917E8 2699347.0 13.0
3.74517609E8 3112481.0 12.0
3.802362E8 1744131.0 8.0
3.80877428E8 1723536.0 12.0
3.83057203E8 2710913.0 16.0
3.85558455E8 2485701.0 14.0
3.86104447E8 3169767.0 17.0
3.8825445E8 1655872.0 9.0
3.88538276E8 1762523.0 9.0
3.89910013E8 2219509.0 16.0
3.90147167E8 2903041.0 14.0
3.9072416E8 2729492.0 10.0
3.93096519E8 2606306.0 9.0
3.93778911E8 2218824.0 9.0
3.94377582E8 2726992.0 14.0
3.94469573E8 2052219.0 10.0
3.95818732E8 2680123.0 15.0
3.96391249E8 1883590.0 10.0
3.97710657E8 2538185.0 10.0
3.98195359E8 2063717.0 9.0
3.99321697E8 3483117.0 14.0
4.0502161E8 2422449.0 8.0
4.0574716E8 2726806.0 14.0
4.08184629E8 2183360.0 12.0
4.10982913E8 2515305.0 9.0
4.12946359E8 2864692.0 15.0
4.13367509E8 2185666.0 12.0
4.17416965E8 2514960.0 11.0
4.18291276E8 2287113.0 12.0
4.21262214E8 2636154.0 10.0
4.23127036E8 2499892.0 15.0
4.25458962E8 2243181.0 12.0
4.25570549E8 2230877.0 12.0
4.28906815E8 2499687.0 11.0
4.30328846E8 2352007.0 12.0
4.31743962E8 2920896.0 15.0
4.33683756E8 2562368.0 15.0
4.36808653E8 2336125.0 11.0
4.40065745E8 3097446.0 11.0
4.41005114E8 2356083.0 9.0
4.42213372E8 2077148.0 10.0
4.55562186E8 2195348.0 10.0
4.58964038E8 2450767.0 10.0
4.70569245E8 2931462.0 17.0
