rev7.1
2405073.0 26858.0 1.0
2631270.0 26336.0 4.0
2651823.0 65666.0 6.0
2767349.0 32881.0 3.0
2866660.0 62046.0 6.0
2873281.0 64138.0 7.0
2904275.0 45031.0 4.0
2923853.0 34449.0 4.0
2945601.0 40740.0 2.0
2946768.0 45025.0 6.0
2949933.0 54912.0 6.0
2991424.0 47607.0 6.0
3013261.0 26643.0 2.0
3024792.0 26012.0 2.0
3060002.0 50130.0 6.0
3068832.0 25298.0 4.0
3095522.0 57553.0 6.0
3131673.0 48100.0 6.0
3147789.0 45060.0 4.0
3153670.0 53735.0 5.0
3173364.0 76616.0 9.0
3190396.0 51850.0 6.0
3226863.0 31971.0 4.0
3280795.0 34832.0 5.0
3308829.0 34140.0 4.0
3331958.0 51583.0 8.0
3335964.0 46439.0 6.0
3336579.0 37498.0 5.0
3344150.0 44754.0 7.0
3354477.0 33770.0 5.0
3360691.0 23627.0 3.0
3364541.0 82237.0 8.0
3366465.0 64543.0 4.0
3391459.0 55861.0 6.0
3436350.0 54657.0 6.0
3445424.0 45293.0 4.0
3450637.0 48697.0 7.0
3459836.0 36985.0 5.0
3460730.0 40748.0 4.0
3508013.0 22537.0 3.0
3527175.0 53980.0 5.0
3579833.0 52161.0 7.0
3586278.0 36470.0 3.0
3599666.0 56373.0 8.0
3604300.0 65615.0 6.0
3614525.0 26089.0 3.0
3630239.0 38366.0 5.0
3634550.0 54938.0 9.0
3647360.0 56556.0 7.0
3654074.0 63207.0 8.0
3665386.0 38061.0 2.0
3667317.0 53358.0 4.0
3684309.0 44071.0 4.0
3705560.0 37531.0 6.0
3712757.0 50714.0 6.0
3744358.0 53550.0 7.0
3749115.0 43125.0 4.0
3767475.0 43268.0 4.0
3773092.0 44131.0 7.0
3782208.0 33399.0 3.0
3795546.0 50705.0 5.0
3823685.0 40781.0 5.0
3839602.0 59805.0 9.0
3868025.0 70292.0 8.0
3880401.0 45964.0 4.0
3885844.0 40580.0 5.0
3927450.0 35468.0 5.0
3936385.0 54915.0 7.0
3943757.0 59065.0 6.0
3945978.0 53023.0 4.0
3991707.0 56271.0 5.0
4040184.0 30912.0 4.0
4081126.0 25130.0 6.0
4087989.0 29910.0 6.0
4101950.0 54525.0 6.0
4134451.0 34070.0 3.0
4149501.0 38969.0 5.0
4209183.0 32745.0 6.0
4252992.0 55872.0 5.0
4255805.0 51809.0 6.0
4258084.0 37683.0 3.0
4261843.0 30252.0 4.0
4272294.0 57663.0 8.0
4296388.0 56338.0 6.0
4301606.0 64705.0 5.0
4302844.0 34190.0 4.0
4325669.0 37712.0 5.0
4463057.0 31368.0 3.0
4503959.0 53691.0 9.0
4555944.0 35745.0 2.0
4583500.0 20587.0 1.0
4605393.0 40213.0 7.0
4615053.0 44635.0 4.0
4630671.0 32623.0 3.0
4727261.0 51294.0 7.0
4789027.0 37681.0 5.0
5088298.0 52380.0 5.0
5111433.0 27359.0 5.0
5155772.0 42415.0 6.0
5187187.0 29552.0 3.0
