rev6
3.6207622E7 501179.0 9.0
3.806525E7 466833.0 11.0
3.8269299E7 455752.0 6.0
3.8270075E7 529737.0 7.0
3.8309024E7 418204.0 9.0
3.9313491E7 335615.0 7.0
3.9610633E7 468400.0 8.0
4.0045301E7 530283.0 8.0
4.0375215E7 477407.0 10.0
4.0803815E7 336470.0 7.0
4.1032284E7 325983.0 7.0
4.1038293E7 460591.0 7.0
4.1378672E7 581608.0 11.0
4.2017543E7 446135.0 11.0
4.257667E7 685222.0 10.0
4.2585505E7 471464.0 7.0
4.2852891E7 447282.0 6.0
4.3074298E7 422884.0 10.0
4.3410609E7 464223.0 6.0
4.3468357E7 495389.0 12.0
4.3596921E7 401900.0 6.0
4.3597484E7 679539.0 11.0
4.4072284E7 429016.0 8.0
4.4342239E7 323625.0 6.0
4.4542242E7 379647.0 10.0
4.4774066E7 440579.0 7.0
4.5218691E7 399182.0 8.0
4.5374376E7 473651.0 7.0
4.5381905E7 254872.0 4.0
4.617585E7 558930.0 9.0
4.6308233E7 274880.0 7.0
4.6362234E7 469128.0 11.0
4.6413338E7 409864.0 9.0
4.6496376E7 401532.0 9.0
4.6496925E7 502116.0 9.0
4.6619357E7 476970.0 8.0
4.6694377E7 479417.0 14.0
4.682343E7 485583.0 10.0
4.7072335E7 378564.0 8.0
4.7569124E7 478684.0 7.0
4.7774249E7 376717.0 7.0
4.8145196E7 323671.0 10.0
4.8153248E7 447505.0 10.0
4.8598425E7 375659.0 8.0
4.8865419E7 352904.0 8.0
4.9037018E7 438235.0 7.0
4.9293883E7 308188.0 5.0
4.938276E7 516010.0 6.0
4.9657472E7 338455.0 5.0
4.9736796E7 520402.0 6.0
4.9767991E7 502935.0 9.0
4.9803484E7 507300.0 6.0
4.9854255E7 403527.0 8.0
4.9910629E7 602494.0 9.0
4.9950977E7 320810.0 7.0
5.0091203E7 420517.0 8.0
5.0368201E7 392901.0 10.0
5.0540751E7 414427.0 7.0
5.1403069E7 298029.0 11.0
5.1514659E7 429560.0 12.0
5.153451E7 352246.0 6.0
5.1567664E7 373939.0 9.0
5.1832646E7 361898.0 8.0
5.185842E7 245651.0 7.0
5.3035286E7 530309.0 7.0
5.3092648E7 328344.0 4.0
5.3117704E7 649257.0 12.0
5.4009155E7 402436.0 10.0
5.4123134E7 400411.0 6.0
5.4497807E7 448943.0 7.0
5.4673676E7 539887.0 11.0
5.4728849E7 477791.0 10.0
5.477116E7 452527.0 9.0
5.5407253E7 450979.0 7.0
5.5466869E7 337875.0 7.0
5.595467E7 567476.0 10.0
5.6232984E7 624388.0 13.0
5.6390109E7 466633.0 8.0
5.6463531E7 483781.0 8.0
5.6977634E7 445015.0 9.0
5.7135967E7 540466.0 8.0
5.7468714E7 441632.0 7.0
5.7687501E7 373795.0 5.0
5.7693611E7 622169.0 10.0
5.7964787E7 389344.0 7.0
5.8932685E7 403757.0 8.0
5.932754E7 418857.0 7.0
5.9617432E7 424310.0 5.0
5.982482E7 296375.0 8.0
6.0369804E7 405216.0 9.0
6.0511056E7 424868.0 11.0
6.0991889E7 431942.0 11.0
6.3997299E7 447307.0 7.0
6.4728783E7 372388.0 6.0
6.639161E7 506346.0 6.0
6.8391281E7 405451.0 6.0
6.8821542E7 284536.0 6.0
6.9544939E7 237532.0 4.0
7.1576666E7 329541.0 7.0
7.2095264E7 469623.0 12.0
