rev2
2272345.0 3.0 1.0
2408748.0 1.0 1.0
2409923.0 2.0 1.0
2473627.0 1.0 1.0
2510106.0 1.0 1.0
2640429.0 6.0 1.0
2647617.0 1.0 1.0
2661527.0 1.0 1.0
2665873.0 2.0 1.0
2674867.0 3.0 1.0
2682223.0 1.0 1.0
2702054.0 1.0 1.0
2713205.0 1.0 1.0
2732469.0 1.0 1.0
2758858.0 1.0 1.0
2800258.0 7.0 1.0
2823811.0 1.0 1.0
2840676.0 2.0 1.0
2858294.0 3.0 1.0
2859396.0 2.0 1.0
2861412.0 1.0 1.0
2861930.0 5.0 1.0
2901240.0 3.0 1.0
2959558.0 3.0 1.0
2959845.0 1.0 1.0
2962578.0 1.0 1.0
3012350.0 1.0 1.0
3028280.0 2.0 1.0
3044737.0 3.0 1.0
3073789.0 1.0 1.0
3105114.0 1.0 1.0
3131107.0 1.0 1.0
3135781.0 1.0 1.0
3150205.0 1.0 1.0
3198156.0 5.0 1.0
3198383.0 3.0 1.0
3203663.0 1.0 1.0
3206112.0 1.0 1.0
3206781.0 1.0 1.0
3211762.0 2.0 1.0
3278350.0 4.0 1.0
3307985.0 4.0 1.0
3316013.0 1.0 1.0
3320679.0 1.0 1.0
3324595.0 1.0 1.0
3332964.0 1.0 1.0
3333731.0 1.0 1.0
3355991.0 3.0 1.0
3360077.0 2.0 1.0
3364118.0 2.0 1.0
3405817.0 1.0 1.0
3407379.0 1.0 1.0
3441127.0 3.0 1.0
3482912.0 1.0 1.0
3495561.0 1.0 1.0
3546792.0 2.0 1.0
3558198.0 1.0 1.0
3559763.0 2.0 1.0
3610744.0 1.0 1.0
3666622.0 1.0 1.0
3722566.0 1.0 1.0
3740074.0 1.0 1.0
3743541.0 6.0 1.0
3751345.0 2.0 1.0
3771324.0 2.0 1.0
3801321.0 1.0 1.0
3806456.0 1.0 1.0
3917118.0 1.0 1.0
3936297.0 2.0 1.0
3988698.0 1.0 1.0
4040798.0 1.0 1.0
4045517.0 1.0 1.0
4047255.0 1.0 1.0
4080308.0 2.0 1.0
4088228.0 3.0 1.0
4105456.0 1.0 1.0
4130037.0 1.0 1.0
4201813.0 1.0 1.0
4223475.0 1.0 1.0
4270940.0 1.0 1.0
4323111.0 1.0 1.0
4421489.0 1.0 1.0
4446084.0 2.0 1.0
4531862.0 3.0 1.0
4607689.0 2.0 1.0
4623970.0 3.0 1.0
4690111.0 1.0 1.0
4690582.0 1.0 1.0
4710697.0 3.0 1.0
4810126.0 1.0 1.0
4833971.0 3.0 1.0
5024852.0 1.0 1.0
5076449.0 3.0 1.0
5249082.0 2.0 1.0
5263910.0 2.0 1.0
5370974.0 3.0 1.0
5550749.0 1.0 1.0
5974974.0 3.0 1.0
7899382.0 2.0 1.0
8054319.0 1.0 1.0
