rev7
52575.0 1.0 1.0
54533.0 1.0 1.0
60294.0 1.0 1.0
61294.0 1.0 1.0
64089.0 1.0 1.0
67105.0 1.0 1.0
67181.0 1.0 1.0
67661.0 1.0 1.0
69245.0 1.0 1.0
70609.0 1.0 1.0
70671.0 1.0 1.0
72100.0 1.0 1.0
72576.0 1.0 1.0
75555.0 1.0 1.0
75773.0 1.0 1.0
76024.0 1.0 1.0
77615.0 1.0 1.0
78342.0 1.0 1.0
79004.0 1.0 1.0
79777.0 1.0 1.0
79850.0 1.0 1.0
79988.0 1.0 1.0
80346.0 1.0 1.0
80864.0 1.0 1.0
83218.0 1.0 1.0
83381.0 1.0 1.0
85015.0 1.0 1.0
85379.0 1.0 1.0
85570.0 1.0 1.0
87071.0 1.0 1.0
87409.0 1.0 1.0
89430.0 1.0 1.0
89778.0 1.0 1.0
90043.0 1.0 1.0
90108.0 1.0 1.0
90329.0 1.0 1.0
90963.0 1.0 1.0
91047.0 1.0 1.0
91623.0 1.0 1.0
91696.0 1.0 1.0
91827.0 1.0 1.0
93332.0 1.0 1.0
94443.0 1.0 1.0
94911.0 1.0 1.0
95052.0 1.0 1.0
96427.0 1.0 1.0
96462.0 1.0 1.0
96738.0 1.0 1.0
96806.0 1.0 1.0
97469.0 1.0 1.0
98735.0 1.0 1.0
99067.0 1.0 1.0
99934.0 1.0 1.0
100221.0 1.0 1.0
100235.0 1.0 1.0
100397.0 1.0 1.0
101515.0 1.0 1.0
102565.0 1.0 1.0
103477.0 1.0 1.0
103794.0 1.0 1.0
104536.0 1.0 1.0
104782.0 1.0 1.0
104999.0 1.0 1.0
105646.0 1.0 1.0
105981.0 1.0 1.0
107235.0 1.0 1.0
109785.0 1.0 1.0
110367.0 1.0 1.0
110535.0 1.0 1.0
110587.0 1.0 1.0
111772.0 1.0 1.0
112386.0 1.0 1.0
114331.0 1.0 1.0
114827.0 1.0 1.0
118842.0 1.0 1.0
119660.0 1.0 1.0
120228.0 1.0 1.0
122025.0 1.0 1.0
126267.0 1.0 1.0
126789.0 1.0 1.0
128703.0 1.0 1.0
129018.0 1.0 1.0
131681.0 1.0 1.0
131964.0 1.0 1.0
132800.0 1.0 1.0
134444.0 1.0 1.0
135009.0 1.0 1.0
137807.0 1.0 1.0
139222.0 1.0 1.0
140454.0 1.0 1.0
142276.0 1.0 1.0
144994.0 1.0 1.0
146560.0 1.0 1.0
148993.0 1.0 1.0
162304.0 1.0 1.0
163717.0 1.0 1.0
164577.0 1.0 1.0
180342.0 1.0 1.0
184908.0 1.0 1.0
261323.0 1.0 1.0
