rev7
659197.0 1.0 1.0
705651.0 1.0 1.0
713220.0 1.0 1.0
734547.0 1.0 1.0
737031.0 1.0 1.0
752296.0 1.0 1.0
781517.0 1.0 1.0
809260.0 1.0 1.0
815344.0 1.0 1.0
835820.0 1.0 1.0
860998.0 1.0 1.0
861190.0 1.0 1.0
862839.0 1.0 1.0
871805.0 1.0 1.0
872702.0 1.0 1.0
873116.0 1.0 1.0
876320.0 1.0 1.0
886704.0 1.0 1.0
886987.0 1.0 1.0
906295.0 1.0 1.0
931581.0 1.0 1.0
942553.0 1.0 1.0
958508.0 1.0 1.0
960167.0 1.0 1.0
961354.0 1.0 1.0
972786.0 1.0 1.0
973541.0 1.0 1.0
973882.0 1.0 1.0
974937.0 1.0 1.0
992866.0 1.0 1.0
996359.0 1.0 1.0
1015371.0 1.0 1.0
1026407.0 1.0 1.0
1026773.0 1.0 1.0
1039100.0 1.0 1.0
1039363.0 1.0 1.0
1039961.0 1.0 1.0
1046223.0 1.0 1.0
1046292.0 1.0 1.0
1052361.0 1.0 1.0
1053360.0 1.0 1.0
1054431.0 1.0 1.0
1070912.0 1.0 1.0
1083181.0 1.0 1.0
1085925.0 1.0 1.0
1093071.0 1.0 1.0
1096100.0 1.0 1.0
1099053.0 1.0 1.0
1123055.0 1.0 1.0
1126303.0 1.0 1.0
1127398.0 1.0 1.0
1130250.0 1.0 1.0
1130725.0 1.0 1.0
1144845.0 1.0 1.0
1148851.0 1.0 1.0
1171261.0 1.0 1.0
1173815.0 1.0 1.0
1174318.0 1.0 1.0
1186153.0 1.0 1.0
1187454.0 1.0 1.0
1194837.0 1.0 1.0
1194909.0 1.0 1.0
1197151.0 1.0 1.0
1197686.0 1.0 1.0
1198922.0 1.0 1.0
1200835.0 1.0 1.0
1206859.0 1.0 1.0
1221439.0 1.0 1.0
1258012.0 1.0 1.0
1265041.0 1.0 1.0
1274902.0 1.0 1.0
1279336.0 1.0 1.0
1294451.0 1.0 1.0
1295467.0 1.0 1.0
1305834.0 1.0 1.0
1310760.0 1.0 1.0
1339044.0 1.0 1.0
1351240.0 1.0 1.0
1351461.0 1.0 1.0
1382791.0 1.0 1.0
1425162.0 1.0 1.0
1431449.0 1.0 1.0
1443663.0 1.0 1.0
1448901.0 1.0 1.0
1450135.0 1.0 1.0
1457009.0 1.0 1.0
1470752.0 1.0 1.0
1522423.0 1.0 1.0
1525781.0 1.0 1.0
1527777.0 1.0 1.0
1548124.0 1.0 1.0
1596439.0 1.0 1.0
1608607.0 1.0 1.0
1635434.0 1.0 1.0
1705373.0 1.0 1.0
1722319.0 1.0 1.0
1724251.0 1.0 1.0
2208616.0 1.0 1.0
2527714.0 1.0 1.0
2628552.0 1.0 1.0
