rev7.1
277685.0 1.0 1.0
301589.0 1.0 1.0
308469.0 1.0 1.0
313588.0 1.0 1.0
323701.0 1.0 1.0
324347.0 1.0 1.0
324855.0 1.0 1.0
336119.0 1.0 1.0
347069.0 1.0 1.0
361043.0 1.0 1.0
362110.0 1.0 1.0
362769.0 1.0 1.0
365712.0 1.0 1.0
375184.0 1.0 1.0
375624.0 1.0 1.0
377032.0 1.0 1.0
377388.0 1.0 1.0
379200.0 1.0 1.0
383507.0 1.0 1.0
384014.0 1.0 1.0
385617.0 1.0 1.0
386177.0 1.0 1.0
387151.0 1.0 1.0
387402.0 1.0 1.0
388164.0 1.0 1.0
394251.0 1.0 1.0
394347.0 1.0 1.0
394619.0 1.0 1.0
397671.0 1.0 1.0
400840.0 1.0 1.0
400894.0 1.0 1.0
403179.0 1.0 1.0
406737.0 1.0 1.0
413784.0 1.0 1.0
414467.0 1.0 1.0
415038.0 1.0 1.0
419764.0 1.0 1.0
423949.0 1.0 1.0
427994.0 1.0 1.0
432641.0 1.0 1.0
433259.0 1.0 1.0
443369.0 1.0 1.0
452287.0 1.0 1.0
453225.0 1.0 1.0
455399.0 1.0 1.0
457218.0 1.0 1.0
458067.0 1.0 1.0
459163.0 1.0 1.0
459777.0 1.0 1.0
459995.0 1.0 1.0
460143.0 1.0 1.0
463214.0 1.0 1.0
467683.0 1.0 1.0
469029.0 1.0 1.0
481515.0 1.0 1.0
490038.0 1.0 1.0
491153.0 1.0 1.0
494898.0 1.0 1.0
500398.0 1.0 1.0
501330.0 1.0 1.0
502053.0 1.0 1.0
518443.0 1.0 1.0
518638.0 1.0 1.0
519353.0 1.0 1.0
526341.0 1.0 1.0
536978.0 1.0 1.0
539244.0 1.0 1.0
545345.0 1.0 1.0
546405.0 1.0 1.0
547608.0 1.0 1.0
548480.0 1.0 1.0
551264.0 1.0 1.0
552145.0 1.0 1.0
555444.0 1.0 1.0
557569.0 1.0 1.0
557651.0 1.0 1.0
558239.0 1.0 1.0
559631.0 1.0 1.0
559656.0 1.0 1.0
561509.0 1.0 1.0
562852.0 1.0 1.0
568402.0 1.0 1.0
573627.0 1.0 1.0
587392.0 1.0 1.0
620985.0 1.0 1.0
641990.0 1.0 1.0
642310.0 1.0 1.0
670374.0 1.0 1.0
674706.0 1.0 1.0
691280.0 1.0 1.0
694775.0 1.0 1.0
697497.0 1.0 1.0
740279.0 1.0 1.0
749386.0 1.0 1.0
772202.0 1.0 1.0
786227.0 1.0 1.0
791878.0 1.0 1.0
822472.0 1.0 1.0
926099.0 1.0 1.0
1073411.0 1.0 1.0
