rev7
1187677.0 1.0 1.0
1343011.0 1.0 1.0
1377505.0 1.0 1.0
1500367.0 1.0 1.0
1521841.0 1.0 1.0
1536651.0 1.0 1.0
1539960.0 1.0 1.0
1648809.0 1.0 1.0
1656681.0 1.0 1.0
1661209.0 1.0 1.0
1666803.0 1.0 1.0
1668619.0 1.0 1.0
1676440.0 1.0 1.0
1677927.0 1.0 1.0
1689959.0 1.0 1.0
1702300.0 1.0 1.0
1711676.0 1.0 1.0
1720388.0 1.0 1.0
1723587.0 1.0 1.0
1739615.0 1.0 1.0
1744288.0 1.0 1.0
1768798.0 1.0 1.0
1778665.0 1.0 1.0
1804580.0 1.0 1.0
1809874.0 1.0 1.0
1815072.0 1.0 1.0
1835083.0 1.0 1.0
1835539.0 1.0 1.0
1838186.0 1.0 1.0
1855822.0 1.0 1.0
1868932.0 1.0 1.0
1870121.0 1.0 1.0
1877251.0 1.0 1.0
1889903.0 1.0 1.0
1889992.0 1.0 1.0
1902302.0 1.0 1.0
1904812.0 1.0 1.0
1924557.0 1.0 1.0
1936036.0 1.0 1.0
1940726.0 1.0 1.0
1951346.0 1.0 1.0
1974110.0 1.0 1.0
1978492.0 1.0 1.0
1984951.0 1.0 1.0
1989717.0 1.0 1.0
1992654.0 1.0 1.0
2017893.0 1.0 1.0
2067083.0 1.0 1.0
2088202.0 1.0 1.0
2089380.0 1.0 1.0
2141298.0 1.0 1.0
2141859.0 1.0 1.0
2147637.0 1.0 1.0
2163522.0 1.0 1.0
2177617.0 1.0 1.0
2188671.0 1.0 1.0
2199509.0 1.0 1.0
2216837.0 1.0 1.0
2230432.0 1.0 1.0
2251484.0 1.0 1.0
2258421.0 1.0 1.0
2291025.0 1.0 1.0
2296590.0 1.0 1.0
2308464.0 1.0 1.0
2313059.0 1.0 1.0
2334471.0 1.0 1.0
2348721.0 1.0 1.0
2350163.0 1.0 1.0
2350300.0 1.0 1.0
2366265.0 1.0 1.0
2374630.0 1.0 1.0
2381576.0 1.0 1.0
2384842.0 1.0 1.0
2424291.0 1.0 1.0
2441955.0 1.0 1.0
2444575.0 1.0 1.0
2524251.0 1.0 1.0
2530397.0 1.0 1.0
2534519.0 1.0 1.0
2592512.0 1.0 1.0
2658194.0 1.0 1.0
2668340.0 1.0 1.0
2691504.0 1.0 1.0
2709997.0 1.0 1.0
2715882.0 1.0 1.0
2768230.0 1.0 1.0
2796555.0 1.0 1.0
2835959.0 1.0 1.0
2838084.0 1.0 1.0
2855544.0 1.0 1.0
2862271.0 1.0 1.0
2868196.0 1.0 1.0
2884156.0 1.0 1.0
2945877.0 1.0 1.0
3098259.0 1.0 1.0
3119409.0 1.0 1.0
3197702.0 1.0 1.0
3261640.0 1.0 1.0
3356368.0 1.0 1.0
3695752.0 1.0 1.0
