rev2
1.1951918E7 1.0 1.0
1.2044581E7 2.0 1.0
1.2243114E7 2.0 1.0
1.233547E7 4.0 1.0
1.2655146E7 2.0 1.0
1.2662923E7 3.0 1.0
1.2713944E7 3.0 1.0
1.298213E7 1.0 1.0
1.3173717E7 3.0 1.0
1.332592E7 2.0 1.0
1.3338471E7 1.0 1.0
1.3351101E7 4.0 1.0
1.3391306E7 2.0 1.0
1.3486978E7 2.0 1.0
1.3543273E7 2.0 1.0
1.3549722E7 1.0 1.0
1.3613692E7 1.0 1.0
1.3648464E7 1.0 1.0
1.3742395E7 1.0 1.0
1.3807345E7 1.0 1.0
1.3829985E7 4.0 1.0
1.4012238E7 1.0 1.0
1.4036514E7 3.0 1.0
1.4043816E7 1.0 1.0
1.4069761E7 1.0 1.0
1.4260931E7 1.0 1.0
1.4360665E7 5.0 1.0
1.4450755E7 9.0 1.0
1.447161E7 2.0 1.0
1.4521758E7 3.0 1.0
1.4562734E7 8.0 1.0
1.4572424E7 1.0 1.0
1.4576442E7 1.0 1.0
1.4612016E7 1.0 1.0
1.467617E7 1.0 1.0
1.5004402E7 11.0 1.0
1.5004969E7 2.0 1.0
1.5031626E7 2.0 1.0
1.5056326E7 1.0 1.0
1.5106185E7 1.0 1.0
1.5111604E7 1.0 1.0
1.5186218E7 3.0 1.0
1.5390248E7 1.0 1.0
1.5411277E7 2.0 1.0
1.5457801E7 1.0 1.0
1.5603099E7 1.0 1.0
1.5830733E7 1.0 1.0
1.6185516E7 1.0 1.0
1.6223886E7 1.0 1.0
1.6630357E7 2.0 1.0
1.6775078E7 2.0 1.0
1.6784289E7 1.0 1.0
1.6887866E7 5.0 1.0
1.6980467E7 4.0 1.0
1.7148847E7 2.0 1.0
1.7154755E7 2.0 1.0
1.7239189E7 1.0 1.0
1.7285519E7 5.0 1.0
1.7286391E7 3.0 1.0
1.7609433E7 1.0 1.0
1.7669928E7 1.0 1.0
1.7687998E7 1.0 1.0
1.7701935E7 4.0 1.0
1.773751E7 1.0 1.0
1.7804778E7 1.0 1.0
1.7984562E7 4.0 1.0
1.8063011E7 1.0 1.0
1.8195828E7 2.0 1.0
1.8340919E7 6.0 1.0
1.84264E7 2.0 1.0
1.864627E7 3.0 1.0
1.8722142E7 1.0 1.0
1.8724842E7 1.0 1.0
1.8731985E7 1.0 1.0
1.8822228E7 1.0 1.0
1.8873721E7 2.0 1.0
1.9089271E7 1.0 1.0
1.9237152E7 3.0 1.0
1.9453655E7 1.0 1.0
1.9463178E7 1.0 1.0
1.9578137E7 1.0 1.0
1.972604E7 2.0 1.0
1.9764207E7 4.0 1.0
1.9803252E7 3.0 1.0
2.015817E7 1.0 1.0
2.0360076E7 3.0 1.0
2.0536978E7 3.0 1.0
2.0583217E7 1.0 1.0
2.0950207E7 2.0 1.0
2.0980299E7 2.0 1.0
2.1021489E7 2.0 1.0
2.1546759E7 1.0 1.0
2.1738285E7 5.0 1.0
2.1856368E7 3.0 1.0
2.3008741E7 1.0 1.0
2.3083468E7 1.0 1.0
2.3717713E7 1.0 1.0
2.4230803E7 8.0 1.0
2.4620767E7 4.0 1.0
2.4709604E7 2.0 1.0
