rev1.1
9245.0 1918.0 18.90869811238088
9263.0 1991.0 15.438887358553696
9617.0 1981.0 17.085937500001215
9711.0 1988.0 34.73749655674536
9723.0 2030.0 28.363047168571452
9733.0 2061.0 31.38887148906579
9795.0 2005.0 31.38887148906478
9849.0 1985.0 23.158331037829992
9857.0 1971.0 31.388871489065053
9947.0 2080.0 18.90869811238072
9949.0 2053.0 18.90869811238054
9963.0 2051.0 23.15833103782984
9991.0 2000.0 20.925914326043706
10019.0 2052.0 31.388871489065107
10023.0 2050.0 18.9086981123808
10049.0 2137.0 23.15833103783045
10089.0 2111.0 25.628906250001766
10101.0 2045.0 25.628906250001627
10123.0 2100.0 23.158331037830468
10125.0 1989.0 47.08330723359853
10135.0 2029.0 23.158331037830596
10151.0 2016.0 25.62890625000167
10151.0 2156.0 20.9259143260439
10213.0 2027.0 31.38887148906579
10217.0 1942.0 38.44335937500141
10219.0 2109.0 42.54457075285683
10233.0 2024.0 23.15833103783028
10259.0 1955.0 28.363047168571327
10265.0 1929.0 31.388871489064602
10289.0 2027.0 25.628906250001872
10291.0 2123.0 25.628906250001126
10301.0 2027.0 28.363047168570887
10357.0 2158.0 34.737496556745164
10363.0 2009.0 25.62890625000137
10393.0 2113.0 42.54457075285778
10411.0 2146.0 23.158331037830358
10413.0 1961.0 34.737496556745434
10425.0 1942.0 52.10624483511988
10449.0 2050.0 34.73749655674425
10457.0 2026.0 47.083307233597466
10457.0 2100.0 42.544570752857055
10481.0 2106.0 34.737496556745654
10495.0 1999.0 42.5445707528572
10507.0 2148.0 31.388871489064567
10529.0 2061.0 38.443359375003
10531.0 2020.0 47.08330723359692
10557.0 2111.0 25.628906250002036
10589.0 2135.0 23.158331037829928
10597.0 2151.0 38.4433593750021
10607.0 2129.0 23.158331037830024
10613.0 2097.0 23.158331037830234
10633.0 1949.0 47.08330723359814
10647.0 2115.0 34.737496556746045
10669.0 2115.0 31.388871489066027
10689.0 2106.0 31.388871489065284
10691.0 2047.0 42.544570752857936
10707.0 2093.0 20.925914326043753
10761.0 2119.0 34.73749655674522
10769.0 2042.0 52.10624483511855
10771.0 2088.0 63.81685612928405
10801.0 2005.0 52.10624483511851
10819.0 2096.0 38.44335937500271
10819.0 2058.0 42.54457075285696
10833.0 2079.0 38.44335937500294
10863.0 2065.0 31.388871489065572
10869.0 2041.0 42.544570752857325
10899.0 2075.0 34.73749655674546
10907.0 2070.0 42.54457075285646
10919.0 2083.0 63.81685612928647
10927.0 2049.0 70.62496085039689
10947.0 2024.0 28.363047168571384
11011.0 1959.0 52.10624483511867
11083.0 1900.0 63.81685612928662
11093.0 2108.0 52.10624483511865
11105.0 2026.0 31.388871489065934
11131.0 2078.0 38.44335937500321
11217.0 2101.0 57.66503906250499
11217.0 2058.0 70.62496085039594
11231.0 2063.0 38.443359375002125
11305.0 2078.0 34.7374965567444
11315.0 2131.0 57.66503906250308
11329.0 2101.0 31.38887148906537
11341.0 2118.0 34.73749655674586
11355.0 2130.0 34.737496556746066
11365.0 2078.0 57.665039062503915
11375.0 2126.0 42.5445707528575
11415.0 2052.0 52.10624483511833
11505.0 1996.0 57.66503906250402
11507.0 2212.0 31.38887148906601
11629.0 2056.0 57.66503906250347
11649.0 2076.0 52.10624483511825
11715.0 2171.0 31.388871489065284
11761.0 2148.0 57.66503906250252
11803.0 2126.0 34.737496556745036
11925.0 2063.0 57.66503906250396
11941.0 2057.0 42.54457075285711
12039.0 2018.0 105.93744127559542
12357.0 2088.0 52.10624483511871
12447.0 2163.0 95.72528419392945
13099.0 2068.0 158.90616191339421
