rev1.1
2792173.0 520613.0 323.07283415607617
2813093.0 518489.0 1090.3708152754273
2818499.0 521897.0 536.3082964599193
2819463.0 520670.0 536.3082964598353
2819901.0 519009.0 395.6817967184815
2820363.0 520795.0 536.3082964607547
2821579.0 519370.0 484.6092512342625
2822805.0 520687.0 656.8408355756503
2825999.0 521507.0 437.8938903825843
2827337.0 518790.0 593.5226950793026
2828413.0 520397.0 291.9292602558339
2828917.0 520844.0 656.8408355750289
2829653.0 520346.0 593.5226950796729
2832763.0 520195.0 536.3082964611207
2833823.0 520275.0 437.89389038357496
2834073.0 519655.0 656.8408355733183
2834127.0 520372.0 656.8408355757776
2836331.0 521656.0 395.6817967188992
2836649.0 519122.0 656.8408355755536
2838477.0 521379.0 395.68179671866955
2838567.0 520471.0 804.4624446916346
2838867.0 518164.0 985.2612533633729
2839737.0 522497.0 536.3082964604932
2840385.0 520272.0 437.8938903837626
2840869.0 519036.0 804.4624446892641
2841079.0 519445.0 985.2612533622172
2842229.0 522310.0 656.8408355754194
2842295.0 520548.0 291.9292602555017
2842875.0 519813.0 593.5226950789408
2843141.0 520216.0 536.3082964606655
2843771.0 521599.0 437.89389038334326
2843927.0 519951.0 536.3082964609705
2844481.0 520033.0 804.4624446901607
2845047.0 518933.0 656.8408355748809
2845893.0 521223.0 656.840835574848
2846477.0 520428.0 726.9138768527182
2846483.0 520793.0 323.0728341564834
2846757.0 522919.0 395.6817967195045
2846867.0 520554.0 890.2840426168954
2847039.0 519393.0 357.53886430711077
2847715.0 518439.0 536.3082964606892
2848369.0 519219.0 656.8408355743547
2848733.0 520720.0 656.8408355748662
2848897.0 521120.0 536.3082964605849
2849759.0 520547.0 536.3082964599031
2849945.0 520607.0 437.8938903834733
2850699.0 520678.0 484.6092512346235
2851053.0 521817.0 484.60925123457116
2851411.0 519907.0 1206.6936670368918
2851681.0 520223.0 593.5226950780329
2851933.0 520152.0 985.2612533619391
2852279.0 520155.0 437.89389038345274
2852415.0 521118.0 1206.693667036996
2852689.0 521229.0 536.3082964604354
2853329.0 521413.0 656.8408355759768
2853959.0 520988.0 593.5226950788424
2854169.0 520460.0 536.3082964597675
2854885.0 521483.0 395.68179671765165
2855361.0 519889.0 395.68179671938435
2855701.0 520936.0 726.9138768516893
2856193.0 520074.0 484.6092512350898
2856417.0 520433.0 890.2840426178768
2856883.0 519544.0 536.3082964602489
2857155.0 520128.0 656.8408355753276
2858129.0 517865.0 726.9138768521542
2858179.0 519609.0 726.9138768529644
2858743.0 520253.0 890.2840426179729
2858809.0 519451.0 1090.3708152772397
2859617.0 520666.0 804.462444691437
2860093.0 520548.0 2003.139095889856
2860645.0 521148.0 2453.334334372252
2861807.0 520654.0 357.5388643072668
2861891.0 520155.0 357.53886430677
2861983.0 519486.0 593.5226950801967
2862113.0 521505.0 804.4624446912677
2864469.0 519860.0 536.3082964607693
2865251.0 519789.0 437.89389038390226
2866171.0 520156.0 804.4624446915963
2866941.0 521089.0 593.5226950774197
2867263.0 520427.0 726.913876850638
2868083.0 521606.0 804.4624446910915
2869179.0 519509.0 437.89389038373486
2870153.0 520063.0 726.913876852666
2872835.0 519148.0 890.2840426170201
2873981.0 520296.0 656.8408355748534
2874585.0 519809.0 726.9138768512979
2875117.0 521230.0 804.4624446909606
2877751.0 521429.0 656.8408355755176
2877979.0 520898.0 656.8408355748649
2879051.0 521804.0 726.9138768500248
2879431.0 522216.0 593.5226950783093
2879765.0 519404.0 593.5226950788722
2880039.0 520537.0 890.2840426177456
2880707.0 520567.0 726.9138768519597
2881249.0 520019.0 726.9138768504687
2882215.0 517874.0 2003.139095888128
2882419.0 520181.0 890.2840426176912
2883721.0 520986.0 656.840835575096
2905997.0 520849.0 2003.1390958910517
2912979.0 521143.0 1810.040500556346
