rev1.1
139.0 52.0 3.3750000000000044
139.0 53.0 3.04965676218323
159.0 54.0 3.375000000000009
171.0 51.0 4.133513940946631
179.0 64.0 4.574485143274848
179.0 57.0 3.375000000000009
179.0 55.0 4.133513940946623
181.0 68.0 3.735051478988592
181.0 53.0 4.133513940946619
183.0 64.0 5.062500000000008
185.0 55.0 4.133513940946627
191.0 70.0 3.7350514789885993
193.0 60.0 4.133513940946619
195.0 53.0 5.6025772184829
195.0 55.0 4.133513940946629
197.0 71.0 3.049656762183242
203.0 70.0 4.133513940946626
203.0 77.0 4.13351394094663
203.0 65.0 4.133513940946622
207.0 57.0 5.062500000000017
209.0 60.0 5.062500000000013
209.0 65.0 4.133513940946625
209.0 71.0 4.133513940946629
211.0 63.0 5.06250000000001
215.0 68.0 3.3750000000000124
221.0 66.0 3.37500000000001
223.0 74.0 4.574485143274852
225.0 69.0 4.133513940946632
237.0 67.0 4.1335139409466315
239.0 73.0 4.574485143274861
243.0 75.0 4.133513940946636
245.0 55.0 6.861727714912282
245.0 71.0 4.574485143274855
249.0 79.0 5.6025772184829
251.0 67.0 5.6025772184829075
251.0 83.0 4.574485143274851
251.0 77.0 5.602577218482896
253.0 73.0 5.602577218482907
253.0 82.0 5.0625000000000195
255.0 73.0 6.20027091141994
257.0 70.0 4.5744851432748606
259.0 73.0 5.602577218482908
263.0 63.0 6.200270911419943
263.0 73.0 5.062500000000013
265.0 88.0 5.602577218482905
273.0 75.0 6.20027091141995
273.0 80.0 4.574485143274851
275.0 59.0 9.300406367129915
277.0 69.0 8.403865827724342
279.0 85.0 8.403865827724353
281.0 79.0 5.062500000000025
283.0 84.0 4.574485143274868
283.0 88.0 5.062500000000024
283.0 65.0 8.40386582772436
285.0 79.0 6.200270911419945
285.0 70.0 7.593750000000038
287.0 67.0 7.5937500000000435
287.0 59.0 9.300406367129915
289.0 86.0 5.602577218482899
291.0 81.0 6.200270911419949
295.0 80.0 6.8617277149122975
297.0 72.0 7.593750000000026
299.0 72.0 9.30040636712992
299.0 63.0 7.593750000000032
301.0 53.0 7.593750000000032
301.0 83.0 5.6025772184829075
303.0 76.0 6.200270911419945
303.0 75.0 5.602577218482905
303.0 83.0 5.602577218482893
303.0 66.0 6.861727714912293
305.0 73.0 6.2002709114199535
311.0 94.0 5.062500000000032
311.0 80.0 7.593750000000025
313.0 68.0 6.20027091141995
315.0 73.0 8.403865827724342
317.0 83.0 5.60257721848291
325.0 84.0 7.5937500000000435
325.0 79.0 7.593750000000027
327.0 75.0 7.593750000000041
331.0 80.0 9.300406367129938
333.0 90.0 7.593750000000044
333.0 86.0 6.861727714912301
335.0 81.0 10.292591572368424
339.0 90.0 8.403865827724363
343.0 80.0 6.861727714912297
351.0 82.0 7.593750000000041
357.0 81.0 8.403865827724353
357.0 96.0 8.403865827724358
359.0 72.0 11.39062500000005
361.0 87.0 5.6025772184829075
373.0 95.0 10.292591572368428
383.0 78.0 8.403865827724369
391.0 96.0 7.593750000000032
395.0 87.0 6.861727714912301
427.0 95.0 10.292591572368435
435.0 75.0 10.292591572368442
457.0 95.0 10.29259157236844
503.0 87.0 13.950609550694894
515.0 89.0 13.950609550694914
559.0 102.0 17.085937500000128
