1065271 197629 263
1068317 198025 238
1069611 198337 175
1071133 197801 263
1071327 198050 726
1071585 197866 158
1071647 198541 323
1071675 198123 484
1071689 199263 263
1072833 197320 291
1072985 198786 215
1073177 197843 323
1073547 198459 323
1073555 198325 357
1074487 198682 323
1074697 197977 291
1075051 198125 263
1075143 197962 238
1075181 198190 323
1076095 198564 215
1076157 199451 323
1076649 199021 323
1077137 198790 263
1077491 198406 357
1077869 198394 263
1079483 198150 536
1079519 198055 238
1080131 198401 291
1080541 197644 484
1082817 199575 291
1082943 198805 395
1083371 199085 238
1083401 198779 357
1083489 199469 536
1083549 198353 357
1083743 197430 291
1084019 198279 395
1084147 198659 263
1084477 198885 656
1084599 198626 395
1084607 198103 395
1084843 199154 291
1085063 198598 593
1085455 198634 484
1085751 197820 395
1085835 198371 437
1085951 198487 357
1086093 198330 437
1086241 198266 536
1086381 198563 323
1086587 197987 484
1086699 198548 323
1086749 198964 437
1087049 197901 484
1087445 198382 437
1087513 198853 291
1087569 198692 357
1087855 198778 437
1088957 199623 536
1089023 198472 291
1089207 198372 437
1089327 199652 357
1089547 198686 323
1089651 199027 437
1089845 199079 484
1089915 198692 656
1090481 197816 263
1090957 198029 323
1091027 198148 291
1091183 198028 484
1091289 198076 593
1091293 198548 291
1091431 198439 536
1091509 198903 263
1091785 198808 357
1091919 198510 215
1092113 197842 437
1092411 199213 395
1092563 198689 484
1093837 198988 484
1094141 198442 593
1094331 199761 593
1095511 199635 395
1096185 198510 804
1097083 198429 536
1098017 199079 291
1101257 198988 804
1101461 198659 1090
1101615 198589 357
1101873 198802 437
1102125 198622 357
1102343 198953 726
1102573 198354 593
1102981 198603 357
1103349 198002 1206
1104293 198088 1090
1104779 198787 323
1114665 198210 1810
1125023 198076 1090
1142827 197753 2453
