rev1.1
82931.0 16336.0 57.665039062521004
83325.0 16084.0 95.72528419396033
83573.0 16142.0 57.66503906251814
83621.0 16045.0 86.4975585937884
83829.0 16449.0 78.15936725269346
83925.0 15875.0 129.74633789067192
83979.0 16563.0 63.81685612930246
83995.0 16229.0 78.1593672526951
84081.0 16187.0 95.72528419394531
84565.0 16099.0 78.15936725270132
84795.0 16146.0 117.239050879044
84907.0 16054.0 70.62496085041194
84911.0 16303.0 86.49755859377579
85281.0 16204.0 86.49755859377129
85595.0 16127.0 63.816856129292546
85703.0 16159.0 70.62496085041168
85729.0 16273.0 78.15936725270619
85839.0 15940.0 86.49755859377031
85983.0 16024.0 70.62496085040767
86039.0 16272.0 95.72528419394406
86057.0 16364.0 63.81685612930145
86097.0 16375.0 105.93744127562155
86229.0 16079.0 70.62496085041539
86241.0 16191.0 143.58792629091442
86311.0 16381.0 63.81685612929624
86313.0 16208.0 70.62496085042166
86343.0 16397.0 95.7252841939583
86671.0 16234.0 95.72528419395589
86759.0 16224.0 105.93744127562188
86797.0 16255.0 86.4975585937664
86943.0 16107.0 78.1593672526967
87091.0 16209.0 86.49755859377423
87161.0 16194.0 78.15936725269388
87197.0 16268.0 143.58792629092076
87201.0 16532.0 129.74633789067283
87265.0 16161.0 70.62496085041418
87291.0 16218.0 117.23905087905062
87295.0 16248.0 57.66503906252145
87343.0 15865.0 117.23905087904768
87363.0 16450.0 105.93744127561884
87403.0 16581.0 86.49755859378281
87487.0 16353.0 70.62496085041194
87499.0 16530.0 86.49755859377377
87535.0 16149.0 117.239050879049
87539.0 16365.0 86.4975585937814
87545.0 16368.0 117.23905087903313
87593.0 16223.0 86.49755859377481
87655.0 16337.0 105.93744127562006
87709.0 16423.0 105.93744127562408
87715.0 16121.0 105.93744127562606
87755.0 16383.0 117.23905087905248
87805.0 16093.0 63.81685612930429
87885.0 16200.0 57.665039062523704
87911.0 16261.0 117.23905087904771
87955.0 16294.0 70.6249608504177
88051.0 16351.0 95.72528419396396
88213.0 16202.0 78.15936725269209
88241.0 16262.0 86.49755859377571
88345.0 16490.0 78.15936725269458
88349.0 16291.0 95.72528419395313
88359.0 16391.0 95.725284193951
88533.0 16327.0 215.38188943639938
88567.0 16263.0 95.72528419394793
88579.0 16576.0 143.5879262909063
88613.0 16293.0 194.6195068360032
88887.0 16365.0 95.72528419394277
88927.0 16378.0 129.7463378906603
88951.0 16417.0 86.49755859378382
89085.0 16197.0 158.90616191343022
89175.0 16466.0 129.74633789065706
89323.0 16409.0 95.7252841939612
89533.0 16468.0 105.93744127562822
89545.0 16522.0 86.49755859377838
89571.0 16514.0 70.62496085041317
89629.0 16410.0 117.23905087905304
89633.0 16463.0 95.72528419395793
89795.0 16225.0 117.23905087906252
89803.0 16231.0 95.72528419395564
89843.0 16327.0 158.90616191344336
90117.0 16622.0 95.7252841939625
90123.0 16305.0 117.23905087903813
90389.0 16075.0 95.72528419395708
90489.0 16098.0 263.7878644778587
90617.0 16165.0 117.2390508790511
90777.0 16100.0 263.7878644778234
90807.0 16333.0 215.38188943639082
90941.0 16097.0 158.90616191344077
91359.0 16725.0 95.72528419395415
91647.0 16381.0 143.58792629092002
91899.0 16460.0 291.9292602540088
91991.0 16646.0 129.7463378906563
92171.0 16472.0 263.78786447786956
92223.0 16465.0 238.3592428701477
92297.0 16519.0 194.61950683600392
92503.0 16371.0 238.35924287015496
93087.0 16341.0 129.7463378906783
94539.0 16450.0 263.78786447783546
95279.0 16709.0 238.35924287015217
95653.0 16576.0 263.7878644778425
97003.0 16335.0 437.8938903810011
