rev1.1
937.0 256.0 6.200270911419982
939.0 247.0 8.403865827724383
953.0 236.0 7.593750000000085
963.0 232.0 9.300406367129995
965.0 257.0 8.403865827724397
999.0 284.0 9.300406367129954
1005.0 271.0 8.403865827724474
1011.0 287.0 7.593750000000027
1019.0 227.0 9.30040636712997
1037.0 289.0 6.8617277149122975
1041.0 249.0 10.29259157236849
1045.0 261.0 9.300406367130021
1045.0 225.0 12.605798741586655
1047.0 261.0 11.390625000000094
1049.0 272.0 9.300406367129973
1049.0 283.0 10.292591572368497
1051.0 237.0 10.292591572368478
1071.0 283.0 6.861727714912342
1077.0 263.0 11.390625000000137
1081.0 264.0 7.593750000000122
1085.0 263.0 12.60579874158662
1093.0 291.0 6.86172771491235
1099.0 275.0 10.292591572368464
1101.0 302.0 8.403865827724404
1101.0 259.0 11.3906250000001
1119.0 288.0 11.390625000000153
1121.0 244.0 15.43888735855282
1121.0 278.0 8.403865827724468
1127.0 280.0 11.390625000000124
1129.0 274.0 8.403865827724445
1131.0 259.0 9.300406367129964
1137.0 274.0 10.292591572368512
1143.0 270.0 11.390625000000105
1143.0 270.0 11.390625000000075
1151.0 255.0 10.292591572368565
1151.0 245.0 15.438887358552757
1155.0 245.0 10.29259157236846
1175.0 281.0 11.390625000000137
1187.0 271.0 10.292591572368494
1191.0 273.0 9.30040636713
1193.0 257.0 13.950609550694995
1195.0 262.0 6.861727714912333
1201.0 271.0 13.950609550695033
1207.0 232.0 11.390625000000114
1217.0 261.0 13.95060955069501
1217.0 259.0 8.40386582772443
1221.0 229.0 11.390625000000137
1239.0 267.0 17.08593750000019
1243.0 274.0 10.292591572368512
1243.0 257.0 11.390625000000172
1243.0 272.0 10.29259157236849
1245.0 283.0 9.300406367129918
1245.0 289.0 11.39062500000016
1247.0 283.0 12.605798741586614
1249.0 285.0 9.300406367130009
1253.0 257.0 18.908698112379895
1263.0 280.0 11.39062500000012
1275.0 280.0 10.292591572368513
1277.0 285.0 9.300406367130062
1279.0 276.0 9.30040636712996
1287.0 276.0 11.390625000000115
1287.0 299.0 13.950609550694995
1299.0 294.0 15.438887358552831
1301.0 285.0 12.60579874158662
1309.0 283.0 13.950609550694944
1311.0 276.0 15.438887358552762
1311.0 272.0 10.29259157236855
1313.0 319.0 10.292591572368568
1313.0 291.0 13.950609550695033
1319.0 272.0 18.908698112379987
1321.0 313.0 13.950609550695026
1327.0 278.0 12.60579874158662
1329.0 261.0 12.60579874158668
1331.0 301.0 17.0859375000002
1333.0 271.0 12.60579874158669
1333.0 285.0 12.605798741586646
1337.0 294.0 13.950609550695061
1353.0 254.0 18.90869811237996
1361.0 282.0 13.95060955069497
1367.0 271.0 11.390625000000155
1373.0 282.0 15.438887358552826
1377.0 269.0 17.08593750000031
1385.0 326.0 23.158331037829175
1385.0 288.0 15.43888735855284
1421.0 297.0 20.925914326042584
1429.0 284.0 11.3906250000002
1433.0 288.0 20.925914326042538
1435.0 261.0 20.92591432604256
1447.0 286.0 15.43888735855278
1455.0 267.0 15.438887358552776
1457.0 251.0 15.43888735855273
1457.0 299.0 15.438887358552876
1469.0 296.0 12.60579874158663
1499.0 312.0 17.08593750000029
1523.0 279.0 25.62890625000034
1589.0 253.0 17.085937500000128
1605.0 297.0 20.925914326042566
1615.0 265.0 25.62890625000038
1639.0 277.0 23.158331037829175
1703.0 318.0 25.628906250000465
