rev1.1
19513.0 3961.0 25.628906250002448
19781.0 4034.0 28.36304716857181
20147.0 4019.0 31.38887148906751
20153.0 4148.0 23.158331037831154
20157.0 4018.0 38.44335937500427
20185.0 3954.0 31.388871489067263
20231.0 4105.0 25.6289062500035
20401.0 3913.0 57.665039062505386
20419.0 4062.0 42.54457075285935
20431.0 4035.0 38.44335937500317
20517.0 4072.0 28.363047168572734
20559.0 4029.0 23.158331037831445
20607.0 4016.0 47.08330723360078
20635.0 4047.0 34.73749655674737
20651.0 4056.0 42.54457075285737
20659.0 4001.0 34.73749655674698
20697.0 3999.0 57.665039062505684
20709.0 4042.0 38.44335937500555
20799.0 4030.0 47.08330723359955
20831.0 4058.0 52.106244835120314
20835.0 4112.0 38.44335937500434
20861.0 4136.0 47.083307233598696
20861.0 4126.0 38.44335937500435
20867.0 4142.0 38.443359375003006
20891.0 4073.0 34.73749655674718
20909.0 4069.0 28.363047168572248
20923.0 4178.0 63.81685612928793
20999.0 4122.0 42.5445707528596
21027.0 4087.0 38.443359375003794
21039.0 4071.0 47.08330723360088
21053.0 4169.0 34.7374965567479
21111.0 4124.0 63.81685612928747
21121.0 4127.0 57.66503906250595
21149.0 4004.0 78.15936725267956
21151.0 4046.0 52.10624483512079
21173.0 4041.0 31.38887148906656
21201.0 4072.0 52.10624483511987
21201.0 4028.0 47.08330723360011
21207.0 4058.0 38.44335937500384
21285.0 4096.0 63.816856129287096
21311.0 4087.0 57.66503906250874
21371.0 4028.0 63.81685612928913
21391.0 4099.0 42.54457075285825
21417.0 3929.0 52.10624483512128
21421.0 4066.0 47.083307233598084
21427.0 4081.0 86.49755859376003
21431.0 4080.0 34.737496556745526
21457.0 4230.0 63.81685612928857
21489.0 4183.0 86.49755859375973
21505.0 4041.0 95.72528419393268
21535.0 4125.0 63.81685612928577
21573.0 4090.0 52.106244835120386
21587.0 4189.0 31.388871489066045
21613.0 4202.0 63.816856129287075
21693.0 4106.0 52.1062448351206
21709.0 4163.0 52.1062448351199
21747.0 4178.0 70.62496085040297
21761.0 4119.0 63.816856129289384
21827.0 4172.0 47.08330723359996
21851.0 4274.0 38.44335937500337
21883.0 4052.0 57.66503906250727
21883.0 4257.0 70.6249608503979
21893.0 4012.0 57.66503906250653
21937.0 4179.0 70.62496085040166
21941.0 4064.0 47.08330723359908
21955.0 4038.0 52.10624483511968
21963.0 4180.0 52.10624483512099
21983.0 4017.0 57.66503906250711
22031.0 4135.0 25.628906250003173
22123.0 4059.0 70.62496085039754
22147.0 4154.0 52.10624483511936
22189.0 4019.0 31.3888714890666
22269.0 4106.0 105.93744127559806
22319.0 3966.0 95.72528419393116
22397.0 4264.0 47.08330723359814
22441.0 4103.0 70.62496085039894
22495.0 4043.0 143.58792629089538
22511.0 4103.0 70.62496085040021
22599.0 3977.0 63.816856129290024
22663.0 4171.0 70.62496085039956
22703.0 4085.0 42.54457075285772
22857.0 4097.0 70.62496085040364
22909.0 4201.0 70.62496085040152
22975.0 4087.0 70.62496085040068
22979.0 4147.0 47.08330723360149
22983.0 4165.0 78.15936725267917
23001.0 4113.0 105.93744127560424
23109.0 3963.0 129.74633789064
23131.0 4066.0 105.93744127559968
23233.0 4074.0 78.1593672526805
23245.0 4268.0 63.81685612929069
23259.0 4026.0 57.66503906250567
23445.0 4264.0 105.9374412756001
23619.0 4152.0 78.15936725267944
23629.0 4224.0 70.62496085040222
23741.0 4040.0 117.23905087902165
23817.0 4101.0 47.083307233601694
24047.0 4231.0 86.49755859376315
24337.0 4121.0 86.49755859376184
24517.0 4204.0 143.58792629090064
