101389.0 19716.0 52.10624483513393 0.42852704499821687
102107.0 19781.0 105.93744127563066 0.4308210328036213
102163.0 20218.0 70.62496085042889 0.4364585064603224
102479.0 19868.0 86.49755859378155 0.43188630553779545
103381.0 19629.0 117.23905087903444 0.4291291263471996
103421.0 19738.0 86.49755859377393 0.4297998980960055
103523.0 19807.0 117.23905087905321 0.4291377772557864
103585.0 19983.0 95.72528419394554 0.43113418715252677
103685.0 19873.0 86.49755859377325 0.42741077083203594
104103.0 19786.0 105.93744127561686 0.4303210309637086
104145.0 19761.0 86.49755859377308 0.4318230756166798
104481.0 19808.0 95.72528419395246 0.4371209473253008
104591.0 20354.0 194.61950683601182 0.4282420838807598
104681.0 19850.0 95.72528419394897 0.43301102068758157
104817.0 19808.0 105.93744127563178 0.4340959060172785
104835.0 19960.0 95.72528419397015 0.43080024044075016
104931.0 19992.0 105.93744127564526 0.43166384687403664
105283.0 19768.0 95.72528419396222 0.4320623388829608
105301.0 19809.0 175.85857631856769 0.43360556134364286
105461.0 20041.0 78.159367252702 0.43295968961902653
105555.0 19929.0 105.93744127562158 0.4321326706758982
105773.0 19707.0 158.90616191344736 0.42658149823283786
105879.0 19864.0 105.93744127563698 0.43708609418168076
105931.0 20093.0 95.72528419395529 0.4378323275268035
106047.0 19915.0 78.15936725269589 0.43540925242219686
106095.0 19991.0 129.74633789068602 0.4303984568831078
106225.0 19768.0 117.2390508790681 0.4342631353222515
106237.0 19883.0 70.62496085041343 0.43345248879570336
106263.0 19707.0 86.4975585937867 0.4283765339477927
106413.0 19915.0 129.746337890689 0.4357597421306539
106427.0 19677.0 95.7252841939675 0.4302249636632361
106703.0 19821.0 105.93744127562094 0.4360898855462171
106771.0 19894.0 175.85857631857448 0.43062097683863
106795.0 19830.0 143.58792629095734 0.4309453670993837
106809.0 19893.0 95.72528419394911 0.4259256637993145
106893.0 19882.0 129.74633789066112 0.43313352344489164
106925.0 19926.0 117.23905087904977 0.43116903076976887
106927.0 19888.0 175.85857631855555 0.4318028506652952
106991.0 19605.0 78.15936725270032 0.43200433091011325
107047.0 19818.0 95.72528419396403 0.4282450887254802
107071.0 19931.0 70.62496085042224 0.43479664874797536
107125.0 19765.0 129.74633789068116 0.4292526552067292
107189.0 19942.0 70.62496085041448 0.4357278447884656
107199.0 20003.0 86.49755859378023 0.4385271263433314
107287.0 19772.0 129.74633789066158 0.43034230025515047
107383.0 19835.0 158.90616191342548 0.4322598500836505
107415.0 19791.0 129.7463378906754 0.431653962114541
107467.0 19926.0 86.49755859378594 0.43403569096730094
107559.0 19767.0 117.2390508790536 0.4334830960006936
107651.0 19899.0 194.61950683602808 0.4372891194547026
107659.0 19863.0 129.7463378906956 0.42839039190034367
107687.0 20092.0 63.81685612930396 0.43713743533572036
107741.0 19738.0 95.7252841939585 0.42931351014900154
107805.0 20069.0 158.90616191344307 0.4343026217569306
107881.0 19663.0 238.3592428701725 0.425467728417677
107959.0 20066.0 105.93744127563222 0.43300529591033543
108099.0 20164.0 158.90616191344247 0.4344838028798762
108131.0 19712.0 129.74633789067713 0.43299737998219934
108163.0 20045.0 215.38188943639486 0.43005509381854534
108241.0 19638.0 175.85857631856803 0.43154169345345533
108343.0 19738.0 95.72528419394907 0.43122840885130154
108457.0 19742.0 129.7463378906864 0.4347939062588849
108485.0 20105.0 86.4975585937758 0.43876152664312074
108531.0 19868.0 238.35924287015976 0.4293656617736822
108555.0 20129.0 105.93744127563168 0.4367351792438067
108695.0 19680.0 194.61950683600213 0.431613890101467
108779.0 20099.0 129.74633789067323 0.43501773156084667
108823.0 20012.0 143.5879262909221 0.4357660298737593
108869.0 19850.0 105.93744127562486 0.437519347538718
108933.0 20035.0 117.23905087906127 0.43512726297388044
108967.0 19857.0 129.74633789067929 0.43303401198901614
108979.0 20293.0 105.93744127562567 0.4369306376645316
109115.0 20017.0 105.9374412756361 0.4346835217230511
109157.0 19856.0 194.61950683601205 0.4316491311400416
109253.0 19733.0 158.90616191343426 0.43070729602763497
109253.0 20005.0 95.72528419396312 0.436861408448446
109333.0 19954.0 129.74633789069657 0.44029619052487506
109379.0 20022.0 194.61950683601617 0.4386848101628114
109485.0 19858.0 129.74633789069264 0.4417039109831329
109539.0 20024.0 143.58792629091286 0.4339564927249435
109555.0 19812.0 129.74633789067263 0.42642859614788053
109829.0 19938.0 158.90616191342247 0.4343490527601039
109915.0 20058.0 215.38188943637746 0.4298466479633581
109941.0 20427.0 215.3818894364301 0.4367076763282756
110201.0 20097.0 175.8585763185784 0.43779818273268883
110595.0 20021.0 215.38188943642814 0.4379930269557544
110733.0 19758.0 78.15936725269711 0.4324051010291123
110797.0 19347.0 158.90616191344816 0.4292400528901873
111053.0 19697.0 175.85857631860065 0.43403131934021355
111383.0 19996.0 175.85857631859727 0.4322678275941197
112405.0 19820.0 215.38188943640628 0.43080329727989575
112439.0 20006.0 215.38188943644883 0.4387280039858837
112719.0 20054.0 129.74633789069708 0.43938168900345886
112753.0 19999.0 194.61950683601592 0.43526506367825074
113107.0 19605.0 291.92926025401357 0.4334855387234337
113387.0 19832.0 158.9061619134685 0.4379905579721108
114159.0 19645.0 291.92926025402943 0.43307349068359347
115403.0 19830.0 437.8938903809891 0.43430479468896194
115887.0 20041.0 484.60925123191794 0.43162682851672174
118325.0 20212.0 357.5388643051725 0.4394142931094109
