rev1.1
2083.0 530.0 12.605798741586693
2087.0 496.0 17.085937500000295
2111.0 503.0 11.390625000000153
2117.0 509.0 15.438887358552869
2119.0 539.0 9.300406367130009
2159.0 512.0 11.390625000000195
2171.0 495.0 13.9506095506951
2219.0 532.0 10.29259157236855
2251.0 493.0 11.390625000000238
2259.0 506.0 10.29259157236855
2267.0 543.0 10.292591572368636
2271.0 452.0 11.390625000000297
2277.0 459.0 12.605798741586868
2279.0 491.0 12.605798741586765
2297.0 502.0 18.90869811238009
2303.0 490.0 11.390625000000256
2307.0 528.0 13.9506095506952
2323.0 517.0 13.950609550695143
2323.0 499.0 18.9086981123802
2333.0 491.0 13.950609550695136
2337.0 508.0 15.438887358552774
2359.0 521.0 12.605798741586765
2377.0 500.0 11.390625000000275
2377.0 514.0 13.950609550695093
2379.0 538.0 17.085937500000178
2383.0 549.0 15.438887358552945
2387.0 557.0 15.438887358552845
2387.0 528.0 15.438887358552918
2395.0 534.0 23.15833103782949
2401.0 516.0 17.08593750000048
2413.0 512.0 17.085937500000423
2413.0 497.0 17.085937500000412
2419.0 516.0 18.908698112380183
2427.0 518.0 13.950609550695068
2431.0 504.0 15.438887358552975
2439.0 572.0 15.43888735855302
2445.0 522.0 12.60579874158676
2459.0 498.0 17.08593750000036
2473.0 496.0 18.908698112380254
2475.0 535.0 18.908698112380165
2475.0 520.0 23.15833103782928
2517.0 495.0 17.085937500000465
2517.0 532.0 15.438887358552945
2531.0 526.0 31.38887148906375
2533.0 558.0 23.158331037829136
2533.0 568.0 17.085937500000377
2541.0 498.0 18.9086981123802
2555.0 553.0 20.925914326042584
2563.0 541.0 15.438887358552979
2565.0 504.0 25.628906250000703
2573.0 533.0 17.08593750000022
2573.0 505.0 15.43888735855284
2589.0 522.0 15.438887358552748
2589.0 498.0 12.605798741586808
2589.0 530.0 31.38887148906431
2591.0 525.0 17.085937500000203
2595.0 528.0 23.158331037829132
2599.0 529.0 13.95060955069513
2599.0 511.0 25.628906250000778
2601.0 513.0 13.950609550695145
2615.0 587.0 11.390625000000304
2619.0 446.0 25.628906250000686
2629.0 534.0 23.15833103782916
2639.0 505.0 20.9259143260428
2641.0 553.0 20.925914326042832
2643.0 511.0 18.908698112380147
2649.0 545.0 17.085937500000313
2677.0 513.0 10.29259157236868
2679.0 539.0 23.158331037829385
2687.0 505.0 18.908698112379998
2689.0 531.0 20.925914326042772
2693.0 554.0 17.08593750000035
2725.0 571.0 18.908698112380286
2725.0 523.0 23.158331037829473
2741.0 576.0 20.925914326042534
2769.0 530.0 20.92591432604282
2769.0 495.0 31.388871489064133
2781.0 528.0 15.438887358552948
2785.0 605.0 28.36304716857029
2797.0 558.0 20.92591432604272
2807.0 485.0 31.388871489063693
2833.0 528.0 25.628906250000696
2839.0 520.0 20.925914326042744
2847.0 492.0 31.38887148906407
2847.0 535.0 31.388871489064243
2859.0 593.0 15.438887358552986
2863.0 526.0 20.925914326042715
2911.0 560.0 17.08593750000033
2929.0 535.0 31.388871489064353
2949.0 551.0 20.9259143260428
2951.0 544.0 28.363047168570258
2999.0 547.0 38.44335937500107
3071.0 510.0 28.363047168570148
3079.0 534.0 18.908698112380076
3087.0 491.0 31.38887148906394
3127.0 521.0 38.443359375000995
3145.0 549.0 28.363047168570414
3151.0 512.0 25.628906250000334
3343.0 569.0 52.106244835116335
3405.0 556.0 47.08330723359618
