rev1.1
343.0 128.0 3.375000000000007
347.0 123.0 3.7350514789886025
357.0 138.0 3.7350514789885927
377.0 130.0 3.3750000000000293
397.0 125.0 5.062500000000028
401.0 118.0 6.200270911419963
407.0 117.0 5.602577218482907
429.0 139.0 5.062500000000032
447.0 129.0 6.20027091141996
449.0 145.0 4.5744851432748606
451.0 116.0 5.602577218482911
471.0 128.0 5.602577218482921
473.0 131.0 5.60257721848292
481.0 128.0 7.593750000000042
491.0 109.0 6.20027091141995
491.0 124.0 7.593750000000042
495.0 120.0 5.602577218482916
501.0 132.0 5.602577218482916
501.0 151.0 5.062500000000012
505.0 146.0 6.200270911419964
511.0 120.0 9.300406367129908
517.0 138.0 8.40386582772436
517.0 149.0 5.602577218482935
521.0 137.0 8.403865827724374
523.0 134.0 6.20027091141998
525.0 132.0 5.062500000000034
525.0 153.0 6.200270911419982
529.0 133.0 7.593750000000056
531.0 125.0 6.200270911419955
533.0 138.0 6.200270911419955
541.0 140.0 6.861727714912297
553.0 168.0 5.062500000000027
557.0 141.0 6.861727714912312
557.0 127.0 7.593750000000042
563.0 137.0 9.300406367129963
569.0 150.0 8.403865827724388
571.0 143.0 7.593750000000054
571.0 144.0 5.602577218482914
573.0 146.0 7.5937500000000755
575.0 139.0 6.200270911419964
581.0 160.0 5.602577218482908
583.0 163.0 7.593750000000056
583.0 145.0 8.403865827724397
583.0 128.0 12.605798741586591
591.0 160.0 7.593750000000085
593.0 128.0 12.605798741586574
599.0 156.0 7.593750000000042
599.0 151.0 8.403865827724351
601.0 137.0 6.200270911419975
607.0 136.0 7.593750000000077
615.0 158.0 7.593750000000056
619.0 137.0 12.605798741586552
621.0 151.0 9.30040636712994
623.0 143.0 10.292591572368481
625.0 144.0 8.403865827724367
625.0 145.0 9.300406367129954
627.0 148.0 11.39062500000006
629.0 138.0 8.403865827724399
629.0 149.0 7.593750000000073
633.0 148.0 9.300406367129977
633.0 122.0 10.292591572368467
635.0 145.0 11.390625000000098
637.0 135.0 9.300406367129948
637.0 156.0 9.300406367129957
639.0 132.0 12.605798741586536
641.0 161.0 11.390625000000103
643.0 147.0 15.438887358552762
645.0 146.0 12.60579874158658
647.0 165.0 15.438887358552705
651.0 129.0 9.30040636712992
661.0 134.0 9.300406367129947
661.0 169.0 10.29259157236844
663.0 143.0 15.43888735855268
667.0 159.0 8.403865827724392
671.0 144.0 13.950609550694919
671.0 152.0 12.605798741586565
675.0 153.0 9.300406367129996
677.0 148.0 10.292591572368453
679.0 168.0 8.40386582772436
681.0 165.0 8.403865827724399
685.0 142.0 13.950609550694928
687.0 166.0 9.300406367129998
689.0 131.0 12.605798741586591
695.0 140.0 12.60579874158661
697.0 168.0 12.605798741586655
701.0 163.0 6.861727714912344
703.0 153.0 17.085937500000163
725.0 162.0 11.3906250000001
751.0 157.0 13.950609550694967
755.0 150.0 10.292591572368492
757.0 161.0 10.29259157236849
763.0 140.0 17.085937500000128
771.0 157.0 10.292591572368497
771.0 153.0 11.390625000000101
787.0 147.0 18.908698112379888
807.0 169.0 12.605798741586561
843.0 148.0 15.438887358552668
895.0 169.0 15.438887358552785
969.0 158.0 17.085937500000153
1081.0 155.0 31.388871489063536
