rev1.1
717.0 183.0 7.593750000000061
735.0 199.0 7.593750000000074
749.0 221.0 6.2002709114200005
761.0 174.0 6.861727714912321
771.0 192.0 7.593750000000087
781.0 183.0 9.300406367129954
795.0 206.0 7.593750000000115
801.0 207.0 6.200270911419936
805.0 206.0 6.861727714912307
809.0 192.0 7.593750000000051
813.0 219.0 8.40386582772439
817.0 212.0 8.403865827724399
819.0 188.0 9.300406367129986
821.0 201.0 10.292591572368492
827.0 219.0 8.40386582772442
831.0 229.0 7.593750000000083
841.0 212.0 5.602577218482941
843.0 231.0 10.292591572368481
845.0 183.0 7.5937500000000755
847.0 199.0 10.292591572368497
849.0 187.0 9.300406367129964
851.0 190.0 11.390625000000142
853.0 205.0 8.403865827724404
857.0 231.0 9.300406367129954
859.0 195.0 11.390625000000098
871.0 198.0 7.593750000000115
871.0 251.0 7.593750000000071
875.0 213.0 8.403865827724454
875.0 232.0 13.950609550694928
877.0 209.0 8.403865827724413
877.0 224.0 7.593750000000054
877.0 197.0 6.8617277149123295
885.0 245.0 5.0625000000001
889.0 247.0 12.605798741586602
891.0 208.0 11.390625000000068
893.0 241.0 6.2002709114200005
899.0 195.0 11.390625000000094
899.0 214.0 12.60579874158658
903.0 208.0 9.300406367129925
905.0 221.0 6.200270911419999
905.0 202.0 10.292591572368453
911.0 236.0 11.39062500000006
919.0 223.0 10.2925915723685
921.0 216.0 10.292591572368497
923.0 216.0 9.300406367129954
923.0 250.0 10.292591572368533
923.0 193.0 10.292591572368476
927.0 221.0 9.300406367129971
929.0 223.0 9.300406367130003
933.0 219.0 12.605798741586579
935.0 216.0 13.950609550694981
941.0 210.0 15.43888735855272
947.0 241.0 8.403865827724399
963.0 208.0 17.085937500000124
967.0 223.0 10.292591572368494
967.0 219.0 7.593750000000038
969.0 216.0 11.390625000000117
971.0 239.0 7.593750000000074
973.0 231.0 10.292591572368453
975.0 229.0 11.39062500000012
983.0 237.0 7.593750000000087
985.0 208.0 8.40386582772442
985.0 197.0 13.95060955069499
987.0 221.0 9.300406367130021
987.0 238.0 10.292591572368519
993.0 214.0 11.390625000000162
995.0 247.0 11.390625000000137
1003.0 222.0 10.29259157236844
1007.0 198.0 9.300406367129959
1007.0 200.0 13.95060955069501
1007.0 190.0 17.085937500000135
1007.0 213.0 12.605798741586634
1011.0 219.0 8.403865827724438
1015.0 241.0 9.300406367129959
1019.0 241.0 11.390625000000155
1021.0 235.0 12.605798741586588
1027.0 214.0 11.39062500000013
1037.0 209.0 11.390625000000114
1043.0 195.0 10.292591572368524
1063.0 212.0 10.29259157236849
1063.0 223.0 18.908698112379916
1073.0 196.0 13.95060955069495
1073.0 215.0 10.292591572368494
1083.0 226.0 10.29259157236849
1083.0 216.0 12.60579874158666
1093.0 204.0 15.438887358552801
1095.0 203.0 12.605798741586607
1111.0 210.0 13.950609550695033
1127.0 210.0 18.908698112379895
1131.0 265.0 11.3906250000001
1131.0 202.0 17.08593750000021
1137.0 218.0 13.950609550694963
1185.0 222.0 12.605798741586634
1231.0 238.0 18.908698112379877
1241.0 192.0 25.62890625000037
1265.0 218.0 18.908698112379906
1277.0 252.0 18.908698112380005
1459.0 216.0 23.15833103782923
1529.0 263.0 28.36304716857001
1609.0 279.0 23.158331037829182
