rev1.1
1.1345461E7 2082367.0 656.8408355856687
1.1360459E7 2081986.0 890.2840426307627
1.1361641E7 2084506.0 890.284042625963
1.1365221E7 2080174.0 1335.4260639488277
1.1366765E7 2083620.0 890.284042627094
1.1369975E7 2083733.0 1635.5562229363911
1.1371015E7 2083071.0 1335.4260639426157
1.1378237E7 2081731.0 804.4624447045621
1.1381399E7 2081291.0 726.913876859564
1.1382421E7 2084032.0 1090.3708152868423
1.1383951E7 2082484.0 726.9138768582205
1.1385435E7 2084212.0 1206.6936670505743
1.1386921E7 2080562.0 804.4624447031796
1.1387443E7 2084269.0 985.2612533675306
1.1388021E7 2081648.0 804.4624446996493
1.1390481E7 2077019.0 1090.3708152886552
1.1395299E7 2086580.0 985.2612533699507
1.1395641E7 2079902.0 890.2840426270699
1.1400487E7 2082678.0 890.2840426328273
1.1404103E7 2083501.0 1477.8918800582924
1.1404691E7 2082191.0 1810.0405005765813
1.1404869E7 2079106.0 890.2840426288841
1.1405345E7 2083619.0 1090.3708152890213
1.1406253E7 2080888.0 1206.693667051201
1.1406871E7 2080710.0 985.2612533762679
1.1410521E7 2081772.0 2453.334334403192
1.1410771E7 2082685.0 1477.8918800636247
1.1411819E7 2082438.0 985.261253373355
1.1413361E7 2084480.0 593.5226950856567
1.1413597E7 2080921.0 1206.6936670529333
1.1414087E7 2081650.0 1206.6936670493885
1.1414433E7 2084044.0 804.4624446993379
1.1414439E7 2082227.0 2453.334334405702
1.1414719E7 2083050.0 1335.4260639465645
1.1415275E7 2080041.0 890.2840426270857
1.1417031E7 2079424.0 985.261253378284
1.1417195E7 2077954.0 2453.3343343957395
1.1417881E7 2079087.0 536.3082964687636
1.1420913E7 2084229.0 890.28404263248
1.1422605E7 2078659.0 1635.556222928702
1.1424785E7 2080664.0 985.2612533763861
1.1426879E7 2078663.0 1090.3708152913605
1.1427879E7 2080585.0 985.2612533730835
1.1428125E7 2081455.0 890.2840426317231
1.1429185E7 2081830.0 1090.370815293507
1.1431631E7 2083948.0 1090.370815293576
1.1433145E7 2082512.0 985.2612533718811
1.1433191E7 2080172.0 1090.370815295786
1.1433749E7 2085920.0 1810.0405005789255
1.1435117E7 2082385.0 890.2840426279449
1.1436227E7 2083785.0 804.4624446995135
1.1437955E7 2082213.0 1206.6936670517302
1.1438561E7 2086055.0 1335.4260639416698
1.1441489E7 2083174.0 1206.6936670524321
1.1441643E7 2084267.0 985.2612533745732
1.1441747E7 2080207.0 2216.8378200948887
1.1443055E7 2080928.0 2216.837820092763
1.1444131E7 2083023.0 985.2612533768993
1.1445045E7 2081098.0 1635.5562229350082
1.1445197E7 2082849.0 2003.139095899809
1.1446023E7 2084217.0 1635.5562229277589
1.1448857E7 2079098.0 1206.6936670541434
1.1448961E7 2081980.0 2003.1390959251455
1.1449743E7 2084464.0 1635.5562229410507
1.1450601E7 2081663.0 1810.0405005834723
1.1455343E7 2081110.0 1090.3708152982567
1.1456243E7 2081240.0 1335.4260639399195
1.1458513E7 2080707.0 1635.5562229310474
1.1459085E7 2082367.0 1206.6936670433313
1.1459649E7 2085053.0 1635.5562229350887
1.1461777E7 2083609.0 2216.837820098877
1.1462931E7 2083191.0 3680.001501625471
1.1463265E7 2079611.0 1206.693667052333
1.1466447E7 2081178.0 2003.139095921972
1.1466755E7 2082015.0 985.2612533772773
1.1467057E7 2078795.0 1635.5562229419854
1.1471187E7 2082013.0 1335.4260639507695
1.1472023E7 2080741.0 1635.556222930804
1.1474011E7 2080290.0 1335.4260639447714
1.1476321E7 2081619.0 985.2612533727545
1.1477009E7 2083315.0 2453.3343344088303
1.1477921E7 2079502.0 1477.891880071751
1.1478949E7 2080328.0 2453.3343343925662
1.1479121E7 2084606.0 1635.5562229391714
1.1488947E7 2083179.0 2216.8378200939396
1.1489393E7 2083114.0 985.2612533775981
1.1492385E7 2079735.0 2453.334334401682
1.1493701E7 2082980.0 1635.5562229368575
1.1494587E7 2080707.0 3004.708643856579
1.1496879E7 2083886.0 1477.891880061569
1.1496897E7 2081419.0 3325.256730141748
1.1498409E7 2080489.0 2216.837820095137
1.1510827E7 2083563.0 2715.060750862816
1.1514731E7 2083921.0 1635.5562229331047
1.1517373E7 2083626.0 1635.5562229328782
1.1522897E7 2084340.0 2453.334334420058
1.1536031E7 2083456.0 1810.0405005744
1.1545365E7 2081895.0 2003.1390959129167
1.1569147E7 2085108.0 2715.0607508633248
1.1574129E7 2082481.0 4072.5911262808263
