rev1.1
5647065.0 1040741.0 484.60925123676134
5650525.0 1041257.0 536.3082964623227
5659365.0 1041899.0 536.3082964627175
5660845.0 1042174.0 593.5226950806051
5662629.0 1041182.0 593.5226950825296
5670457.0 1042385.0 1090.3708152814108
5670815.0 1040859.0 804.4624446914409
5671051.0 1040448.0 890.2840426199297
5671353.0 1040251.0 656.8408355777722
5671423.0 1039390.0 536.3082964618931
5672439.0 1039686.0 804.4624446905938
5673745.0 1040781.0 804.4624446934134
5675635.0 1040573.0 804.4624446936267
5676713.0 1041350.0 593.5226950804789
5678493.0 1042201.0 1206.6936670414925
5678989.0 1038756.0 656.840835579002
5680071.0 1039739.0 536.3082964624839
5681677.0 1042812.0 985.2612533628109
5681801.0 1041583.0 593.5226950821727
5681929.0 1040056.0 726.9138768542946
5682259.0 1040348.0 484.60925123657853
5682307.0 1042342.0 656.8408355781635
5682901.0 1041671.0 656.8408355812271
5683451.0 1037996.0 656.8408355791954
5687811.0 1041369.0 726.9138768529383
5688743.0 1039423.0 1206.6936670434213
5690141.0 1041770.0 985.2612533656666
5690763.0 1041501.0 437.89389038541253
5694559.0 1042359.0 1810.0405005604537
5697191.0 1041927.0 1635.556222922871
5699007.0 1043602.0 985.2612533693564
5701859.0 1040131.0 1206.6936670429088
5701969.0 1040165.0 593.5226950804374
5703043.0 1040688.0 656.8408355786095
5704005.0 1039976.0 2216.837820073297
5704171.0 1040975.0 1090.3708152792785
5704447.0 1041956.0 804.4624446951055
5705341.0 1041165.0 2003.1390958997438
5706165.0 1038446.0 1090.3708152825784
5706311.0 1041821.0 985.2612533667099
5706587.0 1040887.0 1206.6936670448008
5708555.0 1038777.0 804.4624446936728
5708917.0 1039190.0 985.2612533685035
5709429.0 1041740.0 593.5226950819301
5709739.0 1042042.0 804.462444694154
5710401.0 1039925.0 536.3082964640208
5710989.0 1040408.0 593.5226950815581
5711117.0 1039490.0 804.462444696058
5711517.0 1039632.0 890.2840426222185
5711621.0 1041485.0 1090.3708152766544
5712159.0 1040249.0 985.2612533624905
5713097.0 1041732.0 804.4624446936716
5713439.0 1041000.0 804.4624446950914
5713887.0 1042987.0 656.8408355777298
5714511.0 1041607.0 890.2840426233626
5715245.0 1042663.0 1206.6936670420762
5716245.0 1040646.0 804.4624446959384
5719019.0 1038406.0 1090.3708152809024
5720029.0 1041607.0 804.4624446954883
5720795.0 1039852.0 890.2840426210647
5721363.0 1039059.0 1206.6936670436214
5722101.0 1043944.0 536.3082964635121
5722319.0 1039659.0 656.8408355805731
5722713.0 1041247.0 1335.4260639346514
5722891.0 1038680.0 726.9138768536819
5723537.0 1040006.0 437.89389038555805
5723571.0 1042208.0 726.9138768557091
5724139.0 1039256.0 1090.370815278301
5724833.0 1041333.0 1090.3708152839736
5727211.0 1040618.0 804.4624446948976
5728391.0 1039528.0 985.2612533668547
5728579.0 1041119.0 2003.1390959027638
5728681.0 1042652.0 890.2840426187206
5728989.0 1042085.0 484.60925123816213
5729877.0 1042885.0 656.8408355787566
5730423.0 1040558.0 804.4624446954259
5732723.0 1040818.0 1335.4260639295035
5733109.0 1041292.0 985.2612533672639
5733683.0 1042707.0 656.8408355788936
5734239.0 1040742.0 726.9138768547061
5734861.0 1043549.0 804.4624446961503
5735963.0 1042507.0 1090.3708152798158
5735999.0 1041903.0 1477.891880051226
5737481.0 1039331.0 1477.891880046943
5737851.0 1041079.0 726.9138768535382
5738619.0 1040554.0 1635.5562229208106
5739103.0 1040888.0 985.2612533661178
5739551.0 1039143.0 985.2612533687261
5740103.0 1040592.0 985.2612533651724
5741399.0 1041075.0 2003.1390958947682
5742623.0 1040515.0 890.2840426200119
5750747.0 1040710.0 2216.8378200686243
5752701.0 1040224.0 985.2612533658116
5757889.0 1042380.0 1635.5562229207524
5762055.0 1040875.0 804.4624446942763
5763247.0 1038866.0 1810.0405005644732
5771459.0 1042859.0 1477.8918800519411
5772149.0 1041576.0 2003.1390958982624
5779017.0 1041827.0 1477.8918800504089
5798315.0 1040066.0 2216.8378200697966
