rev1.1
170667.0 32462.0 95.72528419398208
170923.0 32558.0 158.90616191348136
171289.0 32564.0 86.49755859380963
171469.0 32382.0 117.23905087906326
171505.0 32616.0 70.62496085043989
171525.0 32587.0 117.23905087907306
171609.0 32553.0 95.7252841939716
172245.0 32466.0 105.93744127565745
172307.0 32454.0 215.38188943642658
172449.0 32252.0 129.7463378906891
172495.0 32639.0 129.7463378906862
172695.0 32757.0 117.23905087906178
172711.0 32313.0 175.85857631862802
172835.0 32627.0 105.9374412756434
172841.0 32352.0 158.90616191351245
173027.0 32253.0 129.7463378906878
173249.0 32805.0 78.15936725272782
173289.0 32668.0 143.58792629096018
173317.0 32777.0 129.74633789070268
173331.0 32552.0 129.74633789069745
173527.0 32834.0 95.72528419397916
173579.0 32749.0 95.7252841939964
173743.0 32635.0 86.49755859379336
173819.0 32385.0 143.5879262909679
173871.0 32154.0 215.38188943646026
173979.0 32238.0 194.6195068360624
174085.0 32714.0 158.90616191344247
174273.0 32461.0 129.74633789070393
174323.0 32332.0 95.72528419398297
174357.0 32242.0 143.58792629097283
174431.0 32519.0 105.93744127564572
174507.0 32352.0 238.3592428702181
174747.0 33083.0 117.239050879093
174763.0 32797.0 105.93744127567378
174921.0 33067.0 143.5879262909846
174945.0 32720.0 78.15936725271565
175105.0 32387.0 395.68179671686977
175107.0 32664.0 105.93744127565633
175373.0 32369.0 143.58792629097314
175397.0 32228.0 117.23905087908574
175435.0 32645.0 129.74633789069708
175519.0 32510.0 158.90616191346265
175645.0 32774.0 86.4975585938111
175715.0 32660.0 143.5879262909669
175837.0 32651.0 95.72528419398685
175895.0 32649.0 263.78786447797097
175917.0 32520.0 238.3592428701736
176119.0 32679.0 105.93744127565611
176213.0 32754.0 395.68179671686994
176303.0 31930.0 158.9061619134833
176327.0 33035.0 158.90616191344614
176445.0 32622.0 105.9374412756594
176525.0 32982.0 158.9061619134421
176725.0 32319.0 175.85857631859892
176837.0 32560.0 238.3592428702018
177129.0 32472.0 129.74633789069
177323.0 32328.0 175.85857631857084
177409.0 32842.0 215.38188943643152
177489.0 32593.0 238.3592428702144
177549.0 32285.0 129.74633789070384
177865.0 32625.0 129.74633789069094
178297.0 32960.0 117.23905087908724
178363.0 32767.0 238.35924287019
178401.0 32437.0 143.58792629093548
178427.0 32253.0 105.93744127565604
178547.0 32762.0 194.61950683604363
178783.0 32735.0 158.90616191348002
178821.0 32415.0 194.61950683607918
178983.0 32832.0 158.90616191347533
179009.0 32227.0 105.93744127564018
179167.0 32383.0 117.2390508790756
179203.0 32658.0 158.90616191345597
179375.0 32663.0 158.90616191346396
179411.0 32824.0 117.2390508791053
179453.0 32278.0 129.74633789067997
179489.0 32779.0 238.35924287018412
179543.0 32461.0 175.85857631856422
179677.0 32681.0 117.23905087910595
180053.0 32843.0 215.38188943647899
180073.0 32268.0 238.35924287025233
180509.0 32922.0 158.9061619134907
180535.0 32421.0 194.61950683604675
180569.0 32907.0 86.49755859379486
180715.0 32222.0 129.7463378907133
180751.0 32764.0 215.38188943646756
180779.0 33079.0 158.90616191346567
180821.0 32238.0 238.35924287022354
181267.0 32778.0 129.74633789071285
181407.0 32511.0 215.38188943640515
181467.0 32712.0 175.85857631861202
181481.0 32287.0 437.8938903810758
181509.0 32491.0 158.90616191346888
181549.0 32624.0 105.93744127567277
181629.0 32619.0 263.7878644779269
182453.0 32785.0 357.53886430531213
183649.0 32205.0 194.61950683603396
183987.0 32694.0 238.35924287026296
184755.0 32899.0 263.78786447790463
185211.0 32453.0 175.85857631861325
187881.0 32815.0 536.3082964580161
