13.0 7.0 1.6600228795504832 0.22419579074449034
19.0 10.0 1.6600228795504832 0.14509706258240984
21.0 11.0 1.5000000000000007 0.24940135438666725
23.0 12.0 1.8371173070873847 0.418468512044099
23.0 12.0 1.5000000000000007 0.29828889704241984
27.0 13.0 2.033104508122152 0.16223641603292352
31.0 15.0 2.0331045081221535 0.2764292911819562
33.0 17.0 1.5000000000000007 0.3817909008322722
35.0 15.0 2.490034319325726 0.3066731211969108
35.0 16.0 2.250000000000003 0.5343814226901368
39.0 19.0 2.033104508122154 0.25237546248185544
39.0 20.0 1.8371173070873856 0.3250215775978281
39.0 18.0 2.250000000000003 0.42579346129501433
41.0 21.0 1.660022879550484 0.46045543671994077
41.0 21.0 1.5000000000000007 0.3697158717812593
41.0 14.0 3.04965676218323 0.332557054106683
41.0 19.0 2.2500000000000018 0.32113237264964273
43.0 20.0 2.2500000000000036 0.3287542431551652
43.0 15.0 3.04965676218323 0.19508294355604489
43.0 17.0 2.490034319325726 0.39500924192080766
43.0 21.0 2.033104508122152 0.6468773472561052
45.0 19.0 2.7556759606310783 0.27468402360938965
47.0 19.0 2.7556759606310792 0.25127491916561207
47.0 20.0 2.490034319325726 0.4507033709215733
47.0 20.0 2.490034319325726 0.4393085420192011
47.0 20.0 2.490034319325726 0.2715956914761103
49.0 18.0 2.7556759606310783 0.4353111487187718
51.0 21.0 2.2500000000000036 0.3924754193341734
51.0 21.0 2.7556759606310792 0.2586180349330511
53.0 21.0 2.4900343193257277 0.3289875946800984
53.0 16.0 3.7350514789885905 0.3827188771507274
53.0 20.0 2.7556759606310792 0.5437875211048835
53.0 24.0 2.490034319325726 0.39536604176736806
55.0 24.0 2.75567596063108 0.2798823496340506
55.0 21.0 2.4900343193257277 0.3502737992418945
55.0 22.0 2.490034319325726 0.4816026314779609
55.0 26.0 2.033104508122153 0.47769611387471933
55.0 21.0 3.04965676218323 0.263475268945402
57.0 26.0 2.2500000000000036 0.3449982444203807
61.0 18.0 3.0496567621832313 0.31724085898375365
63.0 25.0 3.04965676218323 0.3170283196218407
63.0 26.0 2.75567596063108 0.30679966358768085
65.0 18.0 3.7350514789885905 0.5356269226629224
65.0 22.0 3.3750000000000053 0.46463800804101
65.0 25.0 2.7556759606310792 0.46336465861704745
67.0 25.0 3.049656762183231 0.34782578665136477
67.0 23.0 3.7350514789885905 0.4328229924131978
67.0 27.0 2.7556759606310792 0.3323999302646239
67.0 25.0 3.3750000000000044 0.3238642581004928
69.0 28.0 3.04965676218323 0.3836558830182088
69.0 22.0 3.0496567621832313 0.3447757900141017
69.0 26.0 3.3750000000000044 0.327387079430814
73.0 28.0 3.0496567621832327 0.4112796549259298
73.0 24.0 3.375000000000006 0.3974141628811956
73.0 25.0 3.7350514789885927 0.28406309292803333
73.0 24.0 3.375000000000006 0.3535139522564655
75.0 32.0 2.7556759606310783 0.5261727065187326
77.0 25.0 3.735051478988592 0.5510072398495542
77.0 27.0 3.735051478988592 0.3028187394278051
79.0 25.0 3.0496567621832313 0.487563630579584
81.0 26.0 3.3750000000000053 0.3985935660189902
81.0 27.0 3.04965676218323 0.5285183371095423
81.0 28.0 3.375000000000006 0.6110576266275901
81.0 29.0 3.049656762183231 0.42021376041450875
83.0 31.0 2.490034319325729 0.5376004963735348
85.0 24.0 4.574485143274848 0.6278272656510929
85.0 25.0 4.574485143274846 0.2975335159021799
87.0 30.0 4.133513940946621 0.29158240487753445
87.0 32.0 3.375000000000006 0.37541558361859634
89.0 22.0 4.574485143274846 0.4402459183313956
89.0 30.0 3.375000000000007 0.4756387412477736
89.0 31.0 3.0496567621832322 0.4440246780657134
89.0 35.0 3.0496567621832353 0.4955547849262537
89.0 29.0 3.7350514789885922 0.3823645408968838
91.0 23.0 5.06250000000001 0.27498136646981874
91.0 31.0 3.7350514789885927 0.40873945002493517
91.0 29.0 4.133513940946622 0.34893675695688264
93.0 29.0 3.7350514789885927 0.4087403150205859
95.0 30.0 4.574485143274848 0.28349350225883935
95.0 30.0 4.574485143274846 0.32899912626816447
99.0 30.0 3.3750000000000058 0.586911127844138
99.0 30.0 4.133513940946621 0.4126453532680621
101.0 33.0 3.7350514789885922 0.4415919007024552
105.0 38.0 4.133513940946622 0.40714146810771684
105.0 33.0 4.57448514327485 0.3719570444860907
107.0 24.0 5.60257721848289 0.3305178590895398
111.0 30.0 4.574485143274848 0.6026442631875671
113.0 32.0 4.574485143274851 0.3893318773934761
115.0 30.0 3.7350514789885936 0.5697381340604718
115.0 29.0 5.06250000000001 0.37161436419755617
117.0 40.0 4.57448514327485 0.4400176935348485
119.0 32.0 5.602577218482892 0.34959397186455965
121.0 24.0 6.861727714912272 0.29175388242013556
125.0 30.0 6.200270911419933 0.32669566565088015
131.0 33.0 6.200270911419936 0.3883942122748914
131.0 33.0 5.062500000000012 0.49713245447256843
133.0 33.0 5.602577218482892 0.41247713620191034
145.0 34.0 5.602577218482893 0.4984720358527433
153.0 31.0 6.200270911419936 0.45654797508344064
181.0 31.0 9.300406367129899 0.3691147666900953
