rev1.1
340949.0 65170.0 143.58792629099975
341185.0 65311.0 129.74633789074306
344451.0 64947.0 129.7463378907389
346317.0 64624.0 105.93744127569968
346477.0 65056.0 175.8585763187335
346851.0 64814.0 95.72528419400868
347155.0 64818.0 143.58792629106424
347293.0 64718.0 129.74633789075637
347311.0 64189.0 263.7878644779302
347707.0 64685.0 143.58792629107825
348523.0 64990.0 143.58792629102106
348915.0 64652.0 215.3818894366055
348927.0 65067.0 291.9292602542013
348981.0 65228.0 194.61950683607333
348987.0 65298.0 158.90616191355568
349087.0 64880.0 129.74633789077262
349123.0 65252.0 238.3592428703481
349375.0 65133.0 291.9292602542819
349399.0 65365.0 117.23905087911047
349413.0 65559.0 215.38188943660526
349439.0 65059.0 158.90616191352692
349993.0 64914.0 129.7463378907209
350121.0 64783.0 143.58792629104377
350253.0 64938.0 158.90616191355375
350269.0 65615.0 194.61950683619594
350303.0 64760.0 194.6195068360775
350339.0 65134.0 215.3818894365797
350525.0 64753.0 158.9061619135373
350527.0 65182.0 194.61950683611067
350583.0 65224.0 143.58792629100896
350645.0 64622.0 215.3818894364646
350691.0 65057.0 323.07283415479
350915.0 64783.0 158.90616191356543
351069.0 65126.0 175.8585763186751
351331.0 65173.0 158.9061619135827
351425.0 65169.0 158.9061619135797
351543.0 65114.0 238.35924287034484
351615.0 65054.0 158.90616191352473
351719.0 65199.0 238.35924287026276
351841.0 64848.0 175.85857631867785
352075.0 64936.0 238.35924287032157
352193.0 65207.0 215.3818894365656
352377.0 65148.0 238.35924287029127
352463.0 65453.0 238.35924287027314
352477.0 65039.0 117.23905087908439
352589.0 65157.0 175.85857631868942
352639.0 65350.0 194.61950683613233
352645.0 65464.0 238.3592428703444
352693.0 64970.0 194.61950683614808
352761.0 65149.0 158.9061619135594
352795.0 65377.0 215.3818894365905
352815.0 65025.0 143.58792629104252
352825.0 65289.0 323.0728341548407
353061.0 64808.0 215.38188943653768
353369.0 64283.0 175.85857631869362
353757.0 64451.0 323.07283415462643
353819.0 64703.0 357.53886430560146
354055.0 65563.0 238.35924287032438
354109.0 65256.0 143.5879262910687
354337.0 64970.0 291.92926025430006
354409.0 64914.0 238.35924287040066
354475.0 65218.0 158.90616191358762
355049.0 65083.0 194.61950683609098
355185.0 64806.0 263.78786447797404
355473.0 65078.0 194.61950683616243
355625.0 64958.0 143.58792629108234
355807.0 64528.0 215.38188943655553
355953.0 65420.0 238.35924287035758
356043.0 65053.0 215.3818894365126
356083.0 64431.0 194.61950683612176
356155.0 65358.0 175.85857631869735
356167.0 65025.0 323.07283415484045
356615.0 65121.0 238.35924287031443
357083.0 65475.0 215.3818894365067
357209.0 65317.0 215.38188943661365
357419.0 64290.0 238.35924287029832
357491.0 65156.0 291.9292602541313
358375.0 65378.0 194.61950683609822
358803.0 65141.0 263.78786447799587
359131.0 64581.0 238.3592428703167
359177.0 65078.0 357.5388643054371
359183.0 65195.0 323.07283415483454
359289.0 65648.0 158.90616191350557
359361.0 65554.0 291.9292602542552
359391.0 65053.0 357.5388643054304
359429.0 65305.0 263.78786447803424
359847.0 65229.0 158.90616191354306
360015.0 65098.0 215.38188943659236
360709.0 65641.0 263.7878644780232
360829.0 65343.0 194.6195068361468
361347.0 65100.0 263.78786447806675
361523.0 65689.0 357.5388643055466
361857.0 64819.0 238.3592428703707
361871.0 65256.0 263.78786447810774
362085.0 64375.0 323.07283415481515
362789.0 65001.0 323.07283415477485
363783.0 65471.0 291.9292602541221
364711.0 65325.0 323.0728341547686
364755.0 65119.0 291.9292602542083
367169.0 64748.0 357.5388643054757
