rev1.1
1.0787083E7 1982982.0 656.8408355830039
1.0823883E7 1983931.0 593.52269508502
1.0825873E7 1985277.0 656.84083558269
1.0831917E7 1988713.0 1090.3708152912232
1.0836195E7 1985092.0 593.5226950867286
1.0837969E7 1984389.0 985.261253372788
1.0839129E7 1985639.0 804.4624447031533
1.0847103E7 1984475.0 985.2612533733726
1.0848125E7 1986026.0 985.2612533737669
1.0849215E7 1985827.0 1090.3708152940494
1.0853005E7 1983124.0 656.8408355843925
1.0853275E7 1987107.0 656.8408355831004
1.0853567E7 1982532.0 1635.556222940359
1.0853849E7 1984299.0 1206.693667055241
1.0857467E7 1984622.0 1335.4260639339577
1.0860237E7 1983193.0 985.2612533710264
1.0862659E7 1985079.0 985.2612533653972
1.0864429E7 1988354.0 890.2840426237058
1.0864841E7 1985636.0 985.2612533686311
1.0865915E7 1982889.0 726.9138768568785
1.0866731E7 1985907.0 1335.4260639438985
1.0868661E7 1983354.0 726.9138768603967
1.0868949E7 1986227.0 804.462444701796
1.0869775E7 1985572.0 804.462444700888
1.0871027E7 1983552.0 890.2840426232233
1.0871045E7 1984638.0 1477.8918800585031
1.0871451E7 1984730.0 1635.5562229425386
1.0873765E7 1984748.0 726.9138768598295
1.0873891E7 1983040.0 985.2612533751346
1.0875361E7 1986160.0 1810.040500573853
1.0875521E7 1986712.0 890.2840426299657
1.0875919E7 1984569.0 1206.6936670530006
1.0876231E7 1980812.0 1090.3708152874215
1.0877421E7 1983361.0 1090.3708152892164
1.0878203E7 1981205.0 1477.8918800637548
1.0878955E7 1985539.0 1090.370815287512
1.0879265E7 1984617.0 985.2612533757339
1.0880551E7 1985679.0 1335.4260639344088
1.0882377E7 1985341.0 656.840835583447
1.0883169E7 1984475.0 1090.370815295294
1.0883993E7 1989889.0 1335.4260639387671
1.0886589E7 1982591.0 804.4624447032814
1.0886635E7 1983327.0 1810.0405005658772
1.0888239E7 1984004.0 726.9138768632288
1.0888609E7 1989333.0 726.9138768552222
1.0889523E7 1987181.0 804.4624446944944
1.0891661E7 1982022.0 1477.891880059188
1.0892009E7 1987784.0 1206.6936670466728
1.0894247E7 1985061.0 1090.3708152919112
1.0895117E7 1987304.0 1477.8918800628571
1.0896189E7 1986773.0 890.2840426317453
1.0897629E7 1985744.0 985.2612533775733
1.0900115E7 1986697.0 1335.426063943476
1.0900729E7 1983656.0 1335.4260639400939
1.0902571E7 1985840.0 985.2612533761588
1.0902689E7 1987202.0 1335.4260639434685
1.0902891E7 1986558.0 1810.040500582004
1.0904351E7 1984665.0 2003.1390959128507
1.0904937E7 1987184.0 726.9138768582845
1.0905463E7 1986033.0 1477.8918800619417
1.0906643E7 1982988.0 1810.0405005827984
1.0908501E7 1980670.0 890.2840426217585
1.0910331E7 1988931.0 2453.334334402547
1.0913415E7 1989826.0 1635.5562229424017
1.0913977E7 1986378.0 1090.3708152907486
1.0914415E7 1983401.0 890.2840426236017
1.0915471E7 1987982.0 1090.370815287347
1.0916445E7 1984618.0 1635.5562229386862
1.0918609E7 1984812.0 1335.4260639432305
1.0919357E7 1987967.0 985.2612533750561
1.0920505E7 1983661.0 1206.6936670440311
1.0920975E7 1986503.0 1335.426063940447
1.0924019E7 1985159.0 1335.4260639443894
1.0924337E7 1985139.0 1206.6936670496152
1.0930371E7 1986356.0 2453.3343344002265
1.0930867E7 1983925.0 1335.4260639378197
1.0935589E7 1986455.0 985.2612533715873
1.0937309E7 1983106.0 1635.5562229270147
1.0939403E7 1987642.0 2216.8378200853645
1.0939419E7 1985619.0 1635.556222937587
1.0940087E7 1986141.0 2003.1390959098992
1.0941429E7 1985429.0 1206.6936670524858
1.0942669E7 1987647.0 2453.3343344123105
1.0943477E7 1984409.0 890.2840426290613
1.0943885E7 1985817.0 1477.8918800573206
1.0945693E7 1985706.0 2003.1390959203488
1.0947827E7 1983875.0 1206.693667050452
1.0953387E7 1987215.0 1335.4260639349943
1.0953651E7 1987070.0 1810.0405005804707
1.0954211E7 1982442.0 1635.5562229398024
1.0957123E7 1985072.0 1335.4260639404606
1.0962503E7 1983109.0 1635.556222935424
1.0963625E7 1983796.0 2715.0607508642697
1.0965253E7 1987469.0 1477.891880057661
1.0975791E7 1986645.0 1206.6936670551747
1.0977461E7 1983242.0 1335.4260639410534
1.0978063E7 1988042.0 1335.4260639414147
1.0989521E7 1986803.0 1335.4260639449958
1.0993421E7 1980892.0 1810.0405005846233
1.1038277E7 1983824.0 2715.0607508632934
