rev1.1
37.0 19.0 1.6600228795504832
39.0 19.0 2.033104508122152
39.0 20.0 1.8371173070873847
39.0 20.0 1.8371173070873863
45.0 19.0 2.490034319325727
47.0 19.0 2.490034319325726
67.0 21.0 3.3750000000000053
69.0 24.0 3.375000000000006
73.0 27.0 3.375000000000006
73.0 29.0 2.490034319325727
77.0 30.0 3.3750000000000044
79.0 31.0 3.049656762183232
81.0 34.0 2.7556759606310797
83.0 27.0 3.3750000000000058
83.0 41.0 2.033104508122152
83.0 31.0 3.049656762183232
85.0 27.0 4.133513940946622
85.0 24.0 4.133513940946621
87.0 34.0 3.04965676218323
87.0 34.0 2.4900343193257286
87.0 38.0 2.2500000000000036
87.0 31.0 3.0496567621832313
91.0 37.0 2.4900343193257277
91.0 25.0 4.133513940946621
91.0 39.0 2.75567596063108
93.0 35.0 3.0496567621832322
93.0 35.0 3.375000000000006
97.0 34.0 3.3750000000000058
97.0 36.0 4.133513940946621
101.0 33.0 3.049656762183232
101.0 29.0 4.133513940946622
101.0 40.0 3.7350514789885905
105.0 46.0 3.049656762183236
105.0 36.0 4.133513940946625
105.0 36.0 2.755675960631081
105.0 31.0 3.3750000000000044
107.0 34.0 4.133513940946623
107.0 26.0 4.133513940946623
109.0 40.0 3.049656762183234
109.0 41.0 3.3750000000000058
113.0 38.0 4.133513940946623
113.0 34.0 3.7350514789885936
113.0 42.0 3.3750000000000107
113.0 37.0 4.133513940946619
115.0 36.0 4.57448514327485
115.0 42.0 3.3750000000000075
115.0 38.0 4.133513940946619
117.0 42.0 3.375000000000009
117.0 40.0 3.7350514789885993
117.0 42.0 3.049656762183234
117.0 48.0 3.7350514789885905
127.0 34.0 6.20027091141993
127.0 39.0 4.574485143274854
129.0 35.0 4.574485143274851
129.0 39.0 3.375000000000009
129.0 39.0 5.062500000000016
129.0 37.0 5.062500000000012
133.0 43.0 5.60257721848289
133.0 40.0 4.57448514327485
133.0 37.0 4.5744851432748534
135.0 40.0 4.57448514327485
135.0 48.0 4.574485143274855
137.0 43.0 5.062500000000013
137.0 43.0 4.574485143274851
139.0 57.0 3.3750000000000173
139.0 53.0 4.574485143274848
147.0 49.0 4.13351394094663
149.0 39.0 5.602577218482893
149.0 49.0 4.1335139409466315
151.0 39.0 6.200270911419937
153.0 50.0 4.574485143274848
153.0 36.0 4.5744851432748534
153.0 51.0 5.602577218482896
161.0 44.0 5.602577218482896
161.0 40.0 4.5744851432748534
161.0 37.0 5.602577218482887
163.0 50.0 5.062500000000013
165.0 52.0 4.574485143274857
167.0 53.0 4.574485143274855
169.0 61.0 3.375000000000014
173.0 38.0 5.602577218482893
175.0 53.0 6.200270911419936
179.0 48.0 6.200270911419937
181.0 49.0 4.57448514327486
181.0 47.0 5.602577218482896
185.0 37.0 7.593750000000022
195.0 43.0 9.300406367129902
197.0 39.0 6.200270911419939
201.0 56.0 6.20027091141994
203.0 56.0 6.861727714912279
209.0 53.0 7.593750000000022
211.0 39.0 9.300406367129908
215.0 53.0 7.593750000000027
215.0 55.0 6.861727714912286
225.0 51.0 7.593750000000026
237.0 59.0 6.200270911419937
239.0 46.0 10.292591572368421
277.0 54.0 10.292591572368424
321.0 44.0 15.438887358552638
387.0 53.0 16.0
