9283.0 2021.0 38.443359375002004 0.41627053774228884
9363.0 1907.0 13.95060955069542 0.4384536723243739
9419.0 1958.0 20.92591432604321 0.4144002925170725
9431.0 2000.0 23.158331037830234 0.43293413941338005
9433.0 1938.0 23.15833103782987 0.4174761055552591
9509.0 2010.0 34.73749655674502 0.43180232379502786
9605.0 1942.0 20.925914326043646 0.41771034367287185
9647.0 2016.0 38.443359375001805 0.42577661000350586
9663.0 1995.0 34.73749655674539 0.4098325735605005
9663.0 1949.0 38.44335937500184 0.4258025155142909
9687.0 1986.0 31.388871489065213 0.42811040032382575
9783.0 1870.0 34.73749655674575 0.4142893743117386
9811.0 1965.0 25.628906250002125 0.42346525164293475
9813.0 1969.0 34.7374965567445 0.4324665383072859
9819.0 1974.0 31.388871489065107 0.4277289297656658
9863.0 1931.0 23.15833103783019 0.41403298428695084
9883.0 1972.0 31.38887148906521 0.39948499088180445
9923.0 2028.0 28.363047168571093 0.44038441583785665
9999.0 2020.0 23.158331037829882 0.4279391371507389
10023.0 1959.0 31.38887148906518 0.41975684655224466
10023.0 1893.0 25.62890625000128 0.4466110273521883
10031.0 1981.0 47.08330723359856 0.41436430462999685
10031.0 2111.0 18.908698112381078 0.45023226918710246
10091.0 2091.0 23.15833103783023 0.43610564327215473
10127.0 1982.0 18.90869811238071 0.43632290845150035
10129.0 1992.0 28.363047168571498 0.43331845362603244
10161.0 2050.0 25.628906250002053 0.44152498844858884
10163.0 2026.0 23.158331037830344 0.4259071450682502
10253.0 1966.0 42.54457075285713 0.41085130331963626
10261.0 2032.0 23.158331037830333 0.4264497301540755
10263.0 1954.0 52.10624483511796 0.4101236879757093
10271.0 1924.0 34.7374965567452 0.4248554924387107
10281.0 1990.0 31.388871489065725 0.42453770590684387
10287.0 2041.0 31.388871489064265 0.43697664428833805
10289.0 1979.0 25.62890625000202 0.43076113145187506
10293.0 1991.0 42.544570752856316 0.4351886845480627
10305.0 1960.0 38.44335937500344 0.4245697699908238
10311.0 1984.0 42.544570752857425 0.4173178326332071
10311.0 2007.0 23.158331037830287 0.43515885076166916
10355.0 2028.0 38.443359375002835 0.4299653130455678
10385.0 2000.0 28.36304716857164 0.4551146329698411
10395.0 2027.0 38.443359375001926 0.44057862844165213
10409.0 2013.0 31.388871489065732 0.4334815189698213
10417.0 2038.0 34.73749655674518 0.4272938618137035
10431.0 2049.0 47.083307233596884 0.4180596617244367
10459.0 2045.0 38.443359375001485 0.4340725294072172
10461.0 1979.0 38.443359375002466 0.4257160996649983
10477.0 2014.0 42.54457075285716 0.42595725784227817
10517.0 2069.0 38.44335937500209 0.4488932942331526
10547.0 1987.0 31.38887148906549 0.4332465343472216
10549.0 2023.0 34.7374965567459 0.4457671901439934
10557.0 2041.0 38.44335937500287 0.4361897689656938
10565.0 2063.0 34.737496556745675 0.4419529894146245
10573.0 2140.0 42.54457075285559 0.44709593882992343
10585.0 1944.0 34.73749655674583 0.42010974337884716
10587.0 1933.0 47.083307233597345 0.4136858045669938
10593.0 2171.0 34.73749655674556 0.4372557573670473
10613.0 2127.0 42.54457075285707 0.4295196824505304
10621.0 1995.0 34.73749655674531 0.4344308460866536
10625.0 1987.0 28.363047168570887 0.45355752275827943
10645.0 2031.0 31.388871489065753 0.4395943132465127
10649.0 1934.0 42.54457075285605 0.4150235574047367
10703.0 1992.0 34.737496556745114 0.43130773464283845
10703.0 1986.0 47.08330723359901 0.42944593818432
10705.0 2038.0 25.628906250001318 0.4382037464499023
10707.0 2068.0 31.38887148906493 0.44496865453449125
10715.0 2004.0 34.737496556745874 0.43069694465651764
10743.0 1965.0 34.737496556744624 0.43330029302209405
10751.0 1930.0 28.36304716857142 0.4273871185894142
10805.0 2109.0 18.908698112380947 0.44740696354419857
10821.0 2067.0 38.44335937500245 0.44389347727736483
10865.0 1928.0 42.544570752857176 0.42028417981569943
10889.0 2002.0 52.10624483511748 0.4204499134554883
10927.0 2081.0 47.08330723359776 0.43479195389524306
10935.0 2054.0 52.1062448351191 0.4406020837743866
10977.0 1894.0 38.44335937500222 0.4149212675696009
10977.0 2025.0 31.388871489065945 0.4412448643737283
10985.0 1988.0 38.44335937500215 0.4247487960255143
11081.0 2017.0 28.363047168571644 0.44407419949041554
11151.0 2104.0 34.73749655674557 0.43746573824997287
11199.0 2070.0 52.10624483511899 0.44081167183098624
11207.0 2054.0 47.083307233597885 0.4420667300244874
11337.0 2071.0 34.73749655674565 0.45080550887331383
11345.0 1948.0 63.81685612928487 0.4157191655626513
11399.0 2178.0 38.44335937500264 0.4422674650569832
11417.0 2018.0 42.54457075285633 0.41679458687478327
11541.0 2063.0 52.10624483511827 0.4351695416550244
11607.0 2036.0 63.816856129284076 0.4306800150805112
11685.0 2044.0 78.15936725267674 0.41865536872162895
11689.0 2066.0 38.443359375002665 0.44113178843968764
11711.0 2092.0 70.6249608503981 0.4396691091347165
11719.0 2060.0 47.08330723359954 0.45039593273027484
11893.0 1962.0 63.81685612928514 0.41315446140421114
11929.0 2078.0 57.665039062503176 0.4513523448410614
11993.0 2193.0 47.08330723359916 0.4554704045769767
12369.0 1993.0 105.93744127559678 0.42282214674239965
12411.0 2095.0 78.15936725267768 0.4293618920677631
12477.0 2041.0 57.66503906250388 0.45100224143894746
12703.0 2194.0 63.816856129285135 0.4493684631358651
13403.0 2183.0 175.85857631852681 0.4549661000322367
