rev1.1
691541.0 130181.0 143.58792629110857
699679.0 129498.0 357.53886430575636
700151.0 130254.0 143.58792629117931
701469.0 129874.0 323.07283415513
701673.0 130623.0 215.38188943673953
701723.0 130480.0 323.0728341551138
702387.0 130238.0 194.61950683622177
702387.0 130152.0 175.85857631884372
702447.0 130013.0 437.89389038156236
702541.0 129689.0 194.61950683630752
703287.0 129958.0 357.53886430589296
703559.0 130372.0 437.8938903814684
704029.0 130551.0 215.38188943659526
704151.0 130310.0 437.8938903813566
704155.0 129812.0 323.0728341549917
704167.0 130360.0 194.619506836329
704719.0 130448.0 291.9292602545375
704851.0 130237.0 175.85857631887433
705211.0 130139.0 395.6817967174213
705955.0 130861.0 129.74633789081162
706167.0 129708.0 395.68179671717445
706279.0 129769.0 395.6817967173867
706281.0 130327.0 194.6195068361926
706727.0 129839.0 437.89389038175875
707049.0 130251.0 238.35924287039873
707365.0 129801.0 291.92926025456785
707517.0 129940.0 323.07283415485995
707823.0 130913.0 357.53886430576995
708191.0 131089.0 291.9292602544619
708303.0 130670.0 291.92926025421684
708373.0 130292.0 437.89389038155093
708527.0 130486.0 291.9292602544455
708595.0 129869.0 175.85857631880214
708887.0 129789.0 238.35924287056105
709269.0 130318.0 395.6817967172352
709283.0 130309.0 357.53886430557867
709335.0 129151.0 194.61950683637096
709641.0 130208.0 536.3082964589021
709897.0 129799.0 291.92926025436185
709909.0 131180.0 175.85857631884002
709941.0 129448.0 215.38188943669087
710195.0 130395.0 215.38188943678432
710405.0 130562.0 194.61950683620785
710425.0 130223.0 437.8938903817838
710727.0 130071.0 437.8938903816084
710869.0 130118.0 357.53886430565825
711071.0 129104.0 536.3082964585396
711443.0 129421.0 291.9292602544292
711503.0 129673.0 291.92926025440494
711849.0 130392.0 291.9292602543065
712045.0 129896.0 263.78786447817515
712139.0 130271.0 263.7878644782018
712149.0 130523.0 238.35924287028493
712381.0 130980.0 357.53886430567866
712505.0 130373.0 395.68179671703484
712683.0 130519.0 194.61950683614265
712719.0 129995.0 263.7878644781593
712733.0 130476.0 215.38188943663712
713341.0 130041.0 263.7878644782939
713443.0 130267.0 726.9138768485906
713459.0 130070.0 291.92926025432877
713577.0 129750.0 323.07283415497244
713609.0 130077.0 291.92926025456705
713835.0 131254.0 323.07283415535164
714003.0 130972.0 357.5388643055877
714149.0 130372.0 291.92926025443546
714153.0 130429.0 238.35924287050446
714671.0 130457.0 194.61950683628976
714949.0 130179.0 238.35924287053743
714973.0 129964.0 437.89389038176495
715043.0 130086.0 291.92926025428676
715135.0 130417.0 263.78786447819357
715353.0 130550.0 395.68179671718974
715443.0 130340.0 323.072834154843
715593.0 129159.0 484.6092512327751
716143.0 130476.0 323.0728341550867
716171.0 130969.0 357.5388643057335
716335.0 130604.0 238.35924287052993
716553.0 130171.0 437.89389038162295
716825.0 130884.0 263.7878644783511
717253.0 130161.0 215.3818894367618
717791.0 130280.0 263.7878644781352
717935.0 130422.0 323.07283415508147
718495.0 129902.0 536.3082964587744
719137.0 130301.0 291.9292602543611
719181.0 129897.0 726.9138768488581
719759.0 129267.0 804.4624446877178
720915.0 129805.0 593.5226950763356
721093.0 130094.0 437.8938903814611
721341.0 130012.0 323.07283415509926
721431.0 129743.0 357.53886430569423
721813.0 129584.0 484.609251232597
721963.0 129791.0 357.53886430578393
722047.0 130418.0 263.7878644781802
723351.0 130439.0 323.0728341551737
723405.0 130054.0 726.913876848825
724249.0 130618.0 804.4624446878089
726449.0 130553.0 291.9292602545459
729519.0 129892.0 437.89389038167303
729709.0 130101.0 656.8408355723027
