rev1.1
4203.0 1022.0 17.085937500000437
4295.0 993.0 17.08593750000053
4397.0 1005.0 17.085937500000597
4419.0 992.0 12.605798741586897
4515.0 1040.0 17.085937500000558
4627.0 984.0 13.950609550695232
4665.0 969.0 31.388871489064005
4677.0 941.0 13.950609550695441
4677.0 957.0 15.438887358552945
4709.0 1011.0 25.628906250000757
4711.0 992.0 17.085937500000735
4773.0 1006.0 20.925914326042832
4815.0 1045.0 23.158331037829342
4829.0 1013.0 15.438887358553426
4835.0 994.0 25.628906250000984
4887.0 1042.0 18.90869811238046
4889.0 1065.0 20.925914326042896
4909.0 1001.0 18.908698112380314
4911.0 1027.0 18.90869811238031
4923.0 1030.0 23.158331037829612
4967.0 1054.0 17.08593750000083
4973.0 1041.0 17.08593750000051
4991.0 1040.0 23.158331037829413
5009.0 1005.0 20.92591432604317
5035.0 987.0 25.628906250000977
5037.0 1034.0 18.908698112380243
5049.0 993.0 34.737496556744276
5063.0 1090.0 15.438887358553153
5069.0 1003.0 15.438887358553224
5083.0 1111.0 20.925914326043046
5093.0 992.0 34.73749655674422
5147.0 1009.0 20.925914326042964
5153.0 985.0 20.925914326042793
5165.0 1053.0 25.628906250001016
5169.0 1026.0 25.628906250000977
5227.0 1039.0 20.925914326043138
5251.0 993.0 28.363047168570745
5265.0 1075.0 20.925914326042992
5271.0 1052.0 18.90869811238036
5271.0 1069.0 34.737496556744574
5277.0 1029.0 28.36304716857054
5281.0 986.0 20.925914326043138
5287.0 1089.0 38.443359375000945
5295.0 1058.0 31.388871489064254
5297.0 1056.0 25.628906250000924
5307.0 1081.0 17.08593750000085
5329.0 981.0 28.36304716857046
5345.0 1014.0 20.925914326042946
5351.0 977.0 31.38887148906474
5353.0 1047.0 23.158331037829758
5357.0 1009.0 31.38887148906409
5357.0 1038.0 23.158331037829658
5365.0 1062.0 20.925914326043006
5381.0 1065.0 25.628906250000696
5385.0 995.0 52.106244835116485
5403.0 1037.0 34.73749655674418
5409.0 1070.0 28.36304716857091
5419.0 1017.0 38.443359375001556
5425.0 1024.0 31.38887148906482
5425.0 1025.0 28.363047168570738
5427.0 1027.0 28.363047168570244
5439.0 1045.0 38.44335937500068
5459.0 978.0 70.62496085039493
5479.0 1127.0 23.15833103783017
5481.0 1138.0 31.38887148906461
5501.0 1013.0 52.10624483511708
5507.0 1016.0 18.90869811238024
5549.0 1005.0 42.544570752855854
5565.0 1050.0 23.15833103782979
5573.0 1067.0 31.38887148906476
5579.0 1084.0 20.925914326043163
5599.0 1078.0 31.38887148906477
5609.0 1085.0 23.158331037830024
5679.0 1042.0 47.083307233596585
5691.0 1005.0 42.54457075285536
5717.0 1135.0 38.443359375001556
5721.0 1077.0 47.08330723359685
5739.0 1051.0 28.363047168570493
5741.0 984.0 38.44335937500191
5769.0 1031.0 25.628906250001016
5797.0 1118.0 20.92591432604324
5803.0 1063.0 34.73749655674499
5811.0 1113.0 31.38887148906407
5863.0 1075.0 28.3630471685707
5875.0 1085.0 23.15833103782979
5885.0 1082.0 28.36304716857033
5959.0 1087.0 38.443359375001414
5973.0 1027.0 31.388871489064517
5987.0 1078.0 42.54457075285581
6013.0 1138.0 31.388871489064204
6027.0 1092.0 57.665039062501755
6055.0 984.0 42.5445707528565
6071.0 1100.0 42.54457075285663
6081.0 1093.0 63.81685612928376
6093.0 1047.0 52.106244835116875
6103.0 1127.0 28.363047168570723
6181.0 1056.0 31.38887148906449
6213.0 1168.0 47.08330723359711
6357.0 1065.0 63.816856129283096
6683.0 1108.0 86.49755859375254
