rev1.1
40105.0 8070.0 42.54457075286187
40633.0 8137.0 52.1062448351221
40961.0 8050.0 42.54457075286189
41105.0 8036.0 38.44335937500774
41329.0 8211.0 47.08330723360737
41385.0 8229.0 70.62496085040742
41517.0 8205.0 57.66503906250926
41571.0 8303.0 47.08330723360479
41637.0 8202.0 57.665039062515916
41799.0 8324.0 52.10624483512178
41855.0 8151.0 47.08330723360029
41859.0 8046.0 78.15936725268574
41875.0 8218.0 47.083307233601616
41919.0 8080.0 52.10624483512682
41933.0 8001.0 63.816856129297406
42011.0 8077.0 42.54457075286261
42045.0 8146.0 52.10624483512153
42059.0 8131.0 52.106244835123434
42151.0 8058.0 57.66503906251198
42153.0 8189.0 38.44335937500779
42229.0 8179.0 47.083307233603605
42263.0 8004.0 70.62496085039751
42391.0 8337.0 70.62496085040503
42397.0 8268.0 42.544570752862136
42415.0 8120.0 57.66503906251185
42507.0 7982.0 52.10624483512431
42565.0 8173.0 86.49755859376081
42565.0 8047.0 78.15936725268523
42593.0 8161.0 47.083307233602994
42613.0 8054.0 57.665039062513785
42647.0 8295.0 52.10624483512624
42657.0 8353.0 95.72528419393723
42689.0 7969.0 78.15936725268782
42717.0 8130.0 86.49755859376512
42729.0 7981.0 78.15936725268728
42777.0 8063.0 57.66503906251427
42777.0 8187.0 63.81685612929369
42785.0 8134.0 57.665039062508214
42799.0 8179.0 47.083307233603435
42813.0 8092.0 57.665039062509436
42815.0 8141.0 57.66503906251052
42825.0 7993.0 143.58792629092025
42837.0 8327.0 47.083307233599555
42885.0 8251.0 70.6249608504021
42887.0 8123.0 63.81685612929353
43015.0 8066.0 95.72528419393652
43019.0 8173.0 57.665039062514566
43105.0 7991.0 95.7252841939376
43141.0 8202.0 63.816856129294855
43155.0 8152.0 57.665039062510175
43203.0 8123.0 52.10624483512278
43203.0 7930.0 57.66503906251228
43233.0 8304.0 63.8168561292928
43285.0 8150.0 78.15936725269245
43301.0 8399.0 86.49755859376188
43327.0 8214.0 57.66503906251153
43351.0 8252.0 86.49755859376205
43389.0 8340.0 105.9374412756167
43421.0 8052.0 105.93744127560632
43447.0 7979.0 57.665039062511724
43639.0 8368.0 42.54457075286068
43667.0 8294.0 86.4975585937654
43689.0 8174.0 70.62496085040861
43747.0 8124.0 57.665039062512946
43755.0 8060.0 63.816856129296376
43779.0 8407.0 42.54457075286293
43827.0 8183.0 95.7252841939356
43861.0 8066.0 78.15936725268666
43975.0 8152.0 70.6249608504059
44051.0 8205.0 86.49755859377217
44189.0 8249.0 78.15936725269557
44199.0 8141.0 78.15936725269005
44255.0 8187.0 70.62496085039949
44429.0 8131.0 95.72528419394686
44521.0 8076.0 105.93744127560325
44689.0 8159.0 78.15936725268736
44779.0 8164.0 143.58792629090652
44837.0 8152.0 70.6249608504051
44961.0 8227.0 143.5879262908969
44983.0 8235.0 86.49755859377242
45131.0 8186.0 158.90616191340402
45133.0 8268.0 57.665039062510544
45159.0 8039.0 105.93744127561
45211.0 8142.0 70.62496085040111
45219.0 8112.0 117.23905087903483
45329.0 8189.0 63.81685612929628
45341.0 8107.0 129.7463378906476
45345.0 8107.0 129.74633789064433
45491.0 8331.0 158.90616191342173
45493.0 8277.0 95.72528419394679
45705.0 8092.0 78.15936725269277
45903.0 8318.0 117.23905087903212
46121.0 8387.0 95.72528419393565
46147.0 8173.0 129.74633789064666
46157.0 8353.0 158.9061619134139
46173.0 8051.0 194.61950683597556
46601.0 8133.0 105.93744127560119
47205.0 8242.0 63.816856129293974
47761.0 8191.0 238.3592428701079
47927.0 8081.0 175.85857631854952
