rev1.1
1398341.0 259821.0 263.78786447868237
1400415.0 260187.0 238.35924287048448
1401951.0 260318.0 437.8938903825307
1403509.0 259826.0 323.0728341555192
1403541.0 260097.0 395.68179671806513
1404739.0 259939.0 238.35924287092476
1404945.0 259863.0 437.89389038262937
1405667.0 259024.0 323.07283415547846
1406085.0 258295.0 238.359242870728
1406297.0 261116.0 323.0728341553037
1406593.0 259734.0 291.92926025488003
1408617.0 260304.0 357.53886430609504
1409409.0 260349.0 656.8408355727767
1410235.0 260721.0 263.7878644786721
1410265.0 260552.0 357.5388643060266
1410619.0 261352.0 323.07283415526837
1411139.0 260245.0 484.60925123288297
1411259.0 259804.0 437.8938903821456
1411873.0 260422.0 263.7878644784724
1412359.0 261614.0 536.3082964590901
1412793.0 259186.0 437.89389038208463
1413503.0 259545.0 357.5388643063099
1413877.0 259668.0 323.0728341554359
1414101.0 261392.0 291.92926025444035
1414723.0 260950.0 437.89389038220077
1415379.0 260659.0 395.6817967179009
1415759.0 260595.0 395.6817967177867
1416101.0 259526.0 291.9292602547676
1416387.0 259342.0 395.6817967176613
1416425.0 259635.0 437.89389038225056
1416645.0 261085.0 357.53886430654313
1416715.0 260577.0 323.0728341554685
1416733.0 262007.0 437.89389038240915
1417345.0 259788.0 593.5226950768858
1417941.0 260158.0 484.60925123321914
1418723.0 259373.0 263.7878644787835
1418883.0 261636.0 357.5388643062488
1419085.0 260304.0 238.35924287095986
1419217.0 259359.0 291.92926025460565
1420489.0 260238.0 536.3082964597904
1420675.0 260629.0 395.68179671811936
1420981.0 260027.0 593.5226950764678
1421013.0 259615.0 536.3082964594001
1421099.0 260573.0 357.5388643064474
1421315.0 259368.0 536.3082964591187
1421727.0 260158.0 263.78786447870067
1421903.0 259594.0 323.0728341555833
1422561.0 260573.0 291.9292602548691
1422881.0 260441.0 536.3082964592346
1423757.0 260549.0 395.6817967176231
1423993.0 259748.0 323.07283415547255
1424387.0 259651.0 985.2612533600171
1424621.0 259662.0 1206.6936670337243
1425077.0 260310.0 536.3082964597394
1425367.0 260658.0 437.89389038229416
1425853.0 260773.0 395.6817967184286
1426037.0 260249.0 437.8938903824187
1426189.0 260226.0 656.8408355729048
1426189.0 259479.0 357.53886430639363
1426771.0 260684.0 593.5226950767461
1426803.0 259869.0 804.4624446894242
1426917.0 260039.0 656.8408355734346
1426983.0 260199.0 536.3082964591881
1427095.0 260048.0 437.89389038253955
1427721.0 259894.0 484.6092512334772
1427893.0 259919.0 484.60925123274876
1428487.0 259909.0 536.3082964587293
1429559.0 260519.0 593.522695076725
1429971.0 260806.0 291.9292602548352
1430147.0 260286.0 726.9138768499885
1430451.0 259727.0 726.9138768494864
1430575.0 260988.0 263.7878644785739
1430865.0 260549.0 726.9138768499799
1431041.0 260097.0 890.2840426157501
1431303.0 259839.0 323.0728341556458
1435101.0 260908.0 395.68179671816506
1435663.0 260980.0 536.3082964589253
1436095.0 260448.0 536.3082964594402
1436483.0 260352.0 395.68179671791887
1436571.0 260132.0 536.3082964594553
1437245.0 261049.0 484.60925123359493
1437513.0 260816.0 484.60925123296437
1438111.0 260483.0 323.0728341556041
1438145.0 261668.0 890.2840426158331
1438947.0 260806.0 890.2840426149745
1440117.0 260042.0 357.53886430615654
1440619.0 260955.0 593.5226950765739
1440801.0 261283.0 323.07283415552615
1441613.0 260209.0 536.3082964595461
1441991.0 260735.0 536.3082964598765
1443865.0 260717.0 323.0728341555038
1445597.0 261024.0 890.2840426160035
1446161.0 259818.0 593.5226950770996
1446707.0 261272.0 536.3082964592603
1447823.0 259473.0 536.3082964592033
1450131.0 259722.0 726.9138768500246
1455365.0 259798.0 1090.3708152745476
1461567.0 260240.0 1477.8918800401168
1470889.0 260802.0 1335.426063921469
1481525.0 260742.0 1090.3708152742554
