7 4 1
25 13 1
29 15 1
31 16 1
33 17 1
33 15 2
33 17 1
35 17 2
37 15 2
37 19 1
39 17 2
41 17 2
43 20 2
51 19 3
53 23 2
55 20 3
57 25 2
57 24 2
59 23 3
61 23 2
61 28 2
63 28 2
65 19 4
69 27 3
69 34 2
69 29 2
71 22 3
71 27 2
71 31 2
71 21 4
73 26 3
73 31 2
75 32 2
77 28 3
77 22 3
79 26 4
83 25 4
83 30 3
83 25 3
87 31 3
89 27 3
89 29 3
89 25 4
91 24 5
93 28 3
93 25 5
93 35 3
95 37 3
95 42 2
97 29 3
99 30 4
101 32 4
105 30 3
111 36 4
115 33 4
115 29 5
121 39 3
123 34 5
123 42 3
123 30 5
125 33 5
127 27 6
129 32 6
135 35 5
135 31 4
137 41 4
137 40 5
139 43 5
141 32 5
143 47 4
143 37 6
147 37 4
147 33 5
149 40 6
151 42 5
157 39 5
159 43 5
159 29 8
159 41 5
163 38 6
165 31 6
169 36 6
183 43 4
187 41 6
193 43 6
195 44 5
199 42 8
199 47 8
209 44 8
217 41 5
221 45 9
221 43 5
223 57 6
223 41 7
249 38 10
273 46 10
401 64 10
417 41 10
593 63 10
635 64 10
