rev1.1
2515.0 612.0 8.403865827724482
2521.0 702.0 7.593750000000155
2581.0 663.0 9.300406367130167
2609.0 706.0 10.292591572368476
2643.0 646.0 8.40386582772456
2669.0 670.0 7.5937500000001235
2737.0 559.0 17.085937500000423
2857.0 711.0 15.438887358552865
2889.0 588.0 15.438887358552883
2925.0 619.0 18.908698112380186
3011.0 666.0 13.950609550695159
3037.0 777.0 10.292591572368588
3093.0 656.0 25.628906250000615
3111.0 737.0 13.950609550695265
3141.0 742.0 23.15833103782951
3163.0 685.0 28.36304716857074
3179.0 742.0 13.950609550695217
3181.0 633.0 34.737496556744134
3207.0 688.0 18.908698112379934
3219.0 650.0 18.908698112380083
3257.0 709.0 23.15833103782921
3279.0 729.0 18.908698112380264
3295.0 757.0 18.90869811238023
3299.0 750.0 12.60579874158675
3315.0 732.0 20.925914326042538
3321.0 598.0 28.363047168570553
3331.0 649.0 34.73749655674403
3331.0 719.0 15.438887358552904
3351.0 650.0 23.1583310378296
3359.0 648.0 31.388871489064307
3373.0 710.0 20.925914326042733
3381.0 636.0 47.08330723359699
3397.0 676.0 15.438887358553023
3403.0 712.0 17.085937500000664
3427.0 724.0 17.08593750000025
3431.0 706.0 15.438887358553062
3431.0 804.0 13.950609550695088
3467.0 709.0 20.925914326042896
3519.0 682.0 20.925914326042726
3525.0 728.0 17.08593750000022
3537.0 833.0 11.39062500000038
3537.0 710.0 23.15833103782952
3551.0 786.0 34.73749655674412
3557.0 666.0 34.73749655674422
3589.0 719.0 34.737496556744276
3597.0 707.0 23.158331037829473
3623.0 703.0 18.90869811238012
3643.0 693.0 20.925914326042548
3661.0 716.0 23.15833103782923
3665.0 713.0 28.36304716857023
3667.0 771.0 23.158331037829303
3733.0 589.0 47.08330723359585
3753.0 761.0 52.10624483511619
3799.0 744.0 38.44335937500076
3801.0 738.0 31.388871489064105
3825.0 758.0 25.62890625000032
3827.0 661.0 34.73749655674438
3841.0 745.0 34.73749655674468
3847.0 694.0 38.443359375001116
3861.0 697.0 28.363047168570187
3865.0 725.0 20.925914326042598
3885.0 666.0 52.106244835115895
3929.0 765.0 38.44335937500082
3945.0 723.0 38.44335937500112
3949.0 630.0 70.62496085039504
3955.0 767.0 23.158331037829402
3957.0 670.0 57.66503906250122
3999.0 739.0 20.925914326043134
4019.0 628.0 52.10624483511597
4025.0 589.0 70.62496085039432
4077.0 651.0 38.44335937500129
4087.0 662.0 57.665039062501144
4137.0 671.0 34.73749655674465
4213.0 672.0 63.816856129282634
4217.0 759.0 52.106244835115994
4233.0 809.0 31.38887148906425
4271.0 830.0 57.66503906250196
4273.0 727.0 52.106244835116584
4277.0 754.0 42.54457075285561
4307.0 736.0 47.08330723359584
4327.0 695.0 52.106244835116186
4459.0 736.0 47.08330723359604
4521.0 802.0 34.73749655674426
4555.0 741.0 38.44335937500119
4565.0 715.0 63.81685612928302
4843.0 779.0 47.08330723359592
4989.0 700.0 105.93744127559229
5025.0 652.0 86.49755859375112
5117.0 665.0 70.62496085039449
5351.0 651.0 95.72528419392384
5531.0 791.0 105.93744127559404
5795.0 789.0 129.74633789062776
5821.0 815.0 117.23905087901171
5845.0 739.0 117.23905087901223
6465.0 734.0 143.5879262908872
6509.0 757.0 175.85857631851692
6707.0 705.0 175.85857631851866
7985.0 875.0 129.74633789063006
8041.0 754.0 238.35924287007933
9307.0 715.0 256.0
