rev1.1
11719.0 2632.0 23.158331037829825
11931.0 2712.0 38.44335937500097
12465.0 2772.0 20.925914326043227
12497.0 2609.0 28.363047168571452
12547.0 2730.0 38.443359375002785
12617.0 2757.0 28.363047168571256
12719.0 2479.0 63.816856129287494
12735.0 2720.0 70.62496085039807
12739.0 2639.0 57.66503906250302
12739.0 2682.0 63.81685612928331
12921.0 2575.0 70.62496085039727
12967.0 2455.0 34.7374965567458
12971.0 2582.0 63.81685612928462
13057.0 2674.0 28.3630471685709
13195.0 2806.0 47.083307233597935
13263.0 2663.0 52.10624483511879
13399.0 2738.0 78.1593672526768
13495.0 2522.0 117.23905087901443
13513.0 2712.0 78.15936725267626
13555.0 2612.0 95.72528419392906
13601.0 2744.0 57.66503906250378
13681.0 2891.0 23.15833103783058
13779.0 2677.0 70.62496085039507
13793.0 2762.0 47.08330723359823
13933.0 2689.0 95.72528419393099
14003.0 2758.0 52.106244835118915
14063.0 2585.0 78.15936725267748
14235.0 2657.0 86.49755859375541
14241.0 2579.0 95.72528419392694
14249.0 2572.0 95.7252841939255
14395.0 2605.0 129.74633789063614
14401.0 2461.0 194.61950683595097
14461.0 2644.0 86.49755859375512
14485.0 2619.0 105.93744127559867
14533.0 2634.0 86.49755859375497
14539.0 2605.0 42.54457075285742
14639.0 2529.0 86.49755859375585
14749.0 2729.0 70.62496085039717
14817.0 2660.0 143.58792629089447
14879.0 2589.0 158.90616191339754
14937.0 2704.0 86.49755859375483
15001.0 2557.0 86.49755859375423
15071.0 2446.0 175.85857631852718
15153.0 2884.0 95.7252841939292
15157.0 2599.0 86.49755859375496
15185.0 2719.0 78.1593672526765
15263.0 2709.0 117.23905087901953
15385.0 2533.0 175.85857631852326
15565.0 2611.0 86.49755859375492
15565.0 2717.0 105.93744127559451
15595.0 2656.0 117.239050879017
15899.0 2862.0 105.93744127559773
15941.0 2738.0 63.816856129285505
15963.0 2866.0 158.90616191339478
16021.0 2716.0 78.15936725268024
16131.0 2746.0 117.23905087901694
16297.0 2739.0 194.61950683595714
16321.0 2701.0 143.58792629089507
16391.0 2771.0 215.38188943633924
16451.0 2476.0 238.35924287009215
16561.0 2601.0 175.85857631852573
16947.0 2596.0 238.3592428700921
17069.0 2674.0 129.7463378906337
17165.0 2680.0 194.61950683594569
17261.0 2632.0 291.92926025391444
17331.0 2698.0 263.7878644777873
17425.0 2867.0 95.72528419392923
17467.0 2953.0 158.90616191339373
17661.0 2713.0 158.9061619133963
17819.0 2725.0 238.35924287009362
17821.0 2806.0 158.90616191339274
17865.0 2698.0 175.85857631852906
17873.0 2753.0 215.38188943633753
17899.0 2648.0 215.38188943633983
18491.0 2647.0 263.78786447778447
18519.0 2661.0 215.38188943634526
18521.0 2722.0 263.78786447778424
18965.0 2728.0 194.61950683595083
19379.0 2670.0 395.68179671668776
19431.0 2808.0 291.92926025393024
19701.0 2814.0 238.3592428700989
19921.0 2700.0 263.78786447778936
20013.0 2692.0 291.92926025392364
20307.0 2678.0 357.53886430512983
20359.0 2615.0 291.929260253928
20487.0 2776.0 357.5388643051324
20667.0 2857.0 238.35924287009067
20793.0 2655.0 395.6817967166759
20993.0 2797.0 323.07283415451263
21205.0 2754.0 323.0728341545074
21627.0 2701.0 437.8938903809006
21661.0 2876.0 437.89389038089325
22691.0 2535.0 437.8938903808846
22815.0 2619.0 395.6817967166817
24193.0 2687.0 536.3082964577098
25869.0 2645.0 536.308296457706
26545.0 2788.0 395.6817967166908
34431.0 2760.0 804.462444686552
42495.0 2754.0 1024.0
42905.0 2682.0 1024.0
