rev1.1
819.0 195.0 9.300406367129954
831.0 232.0 9.30040636713001
871.0 270.0 5.6025772184829545
901.0 247.0 6.200270911419982
961.0 234.0 11.390625000000114
981.0 235.0 9.300406367130002
1009.0 290.0 6.200270911419967
1023.0 259.0 11.390625000000147
1035.0 273.0 9.300406367129932
1051.0 290.0 6.200270911419943
1053.0 262.0 7.593750000000061
1063.0 255.0 12.605798741586668
1077.0 257.0 12.605798741586565
1081.0 236.0 10.292591572368481
1083.0 263.0 7.593750000000105
1089.0 256.0 8.403865827724399
1091.0 253.0 10.292591572368556
1093.0 273.0 11.390625000000176
1095.0 289.0 12.605798741586717
1105.0 270.0 8.403865827724461
1121.0 278.0 15.438887358552822
1123.0 243.0 15.438887358552797
1145.0 271.0 8.403865827724422
1161.0 264.0 12.605798741586561
1167.0 286.0 9.300406367129902
1171.0 220.0 15.438887358552755
1175.0 279.0 9.300406367130048
1183.0 278.0 9.300406367129982
1187.0 281.0 8.403865827724404
1191.0 270.0 9.300406367130071
1195.0 259.0 13.95060955069496
1197.0 268.0 17.08593750000019
1215.0 265.0 9.300406367129977
1221.0 299.0 10.292591572368535
1223.0 285.0 11.390625000000208
1225.0 288.0 10.292591572368556
1231.0 273.0 8.403865827724475
1233.0 317.0 9.300406367130014
1239.0 281.0 8.40386582772445
1271.0 290.0 11.390625000000151
1285.0 254.0 12.605798741586693
1287.0 254.0 20.925914326042474
1291.0 337.0 13.950609550695027
1303.0 274.0 12.605798741586687
1317.0 269.0 17.085937500000263
1321.0 338.0 10.292591572368572
1323.0 273.0 9.300406367130034
1329.0 292.0 11.390625000000227
1337.0 238.0 13.950609550694905
1345.0 302.0 20.92591432604255
1347.0 284.0 12.605798741586689
1359.0 303.0 10.292591572368524
1371.0 270.0 12.605798741586593
1377.0 293.0 17.085937500000316
1393.0 280.0 17.085937500000238
1397.0 244.0 20.925914326042527
1403.0 322.0 11.39062500000017
1409.0 251.0 10.292591572368547
1411.0 264.0 15.438887358552895
1417.0 238.0 34.737496556743665
1441.0 250.0 34.737496556743444
1441.0 279.0 10.292591572368599
1443.0 268.0 17.085937500000224
1447.0 301.0 23.158331037829182
1447.0 302.0 15.43888735855277
1453.0 287.0 23.158331037829377
1475.0 282.0 23.1583310378291
1479.0 259.0 15.438887358552796
1495.0 297.0 23.158331037829168
1497.0 289.0 15.438887358552725
1499.0 303.0 23.158331037829168
1543.0 306.0 12.605798741586668
1545.0 310.0 12.605798741586558
1545.0 277.0 15.438887358552803
1547.0 317.0 15.438887358552869
1551.0 306.0 15.438887358552904
1581.0 313.0 25.628906250000295
1581.0 296.0 15.438887358552853
1613.0 304.0 13.950609550695088
1649.0 337.0 18.908698112380183
1657.0 327.0 23.15833103782908
1677.0 356.0 13.950609550695011
1677.0 306.0 34.737496556743764
1695.0 305.0 20.925914326042623
1711.0 318.0 23.158331037829416
1713.0 281.0 23.158331037829356
1799.0 314.0 20.92591432604271
1841.0 234.0 34.73749655674376
1903.0 311.0 28.36304716857006
2067.0 319.0 52.10624483511582
2135.0 346.0 42.54457075285541
2223.0 385.0 38.44335937500064
2285.0 291.0 47.08330723359577
2377.0 302.0 63.81685612928262
2407.0 350.0 47.08330723359536
2483.0 276.0 70.62496085039359
2601.0 346.0 47.08330723359614
2705.0 328.0 70.62496085039403
3045.0 311.0 95.72528419392422
3327.0 329.0 86.49755859375198
