rev1.1
56433.0 10143.0 263.7878644778218
56551.0 10854.0 129.74633789065072
57247.0 10509.0 175.85857631854338
58963.0 10244.0 395.6817967167389
59207.0 10608.0 291.9292602539732
59237.0 10345.0 215.3818894363693
59453.0 10085.0 395.68179671671277
60547.0 10096.0 263.78786447782596
60753.0 10421.0 484.6092512317759
60887.0 10513.0 158.90616191341002
62475.0 10754.0 395.6817967167314
62715.0 10632.0 158.90616191341036
63143.0 10282.0 484.6092512318375
65023.0 10412.0 536.3082964577768
66097.0 10092.0 395.68179671675205
66103.0 10618.0 323.07283415454197
66399.0 10368.0 395.68179671672846
66411.0 10368.0 484.6092512318341
66761.0 10637.0 323.07283415454043
67159.0 10505.0 357.53886430517764
68095.0 10376.0 656.8408355714378
68425.0 10509.0 593.5226950751285
68431.0 10353.0 484.6092512318209
68453.0 10286.0 656.8408355714126
68773.0 10370.0 593.5226950750757
68919.0 10319.0 395.68179671671027
69665.0 10588.0 804.4624446866632
70157.0 10715.0 593.5226950751264
70735.0 10270.0 726.9138768477255
70771.0 10685.0 656.8408355714155
71225.0 10545.0 437.89389038091343
71665.0 10522.0 395.6817967167137
72071.0 10339.0 656.8408355714563
72135.0 10467.0 890.2840426125516
72189.0 10208.0 593.5226950750847
72385.0 10625.0 437.89389038094333
73373.0 10972.0 484.60925123184046
73619.0 10237.0 357.5388643052066
73989.0 10315.0 437.89389038091383
74093.0 10475.0 804.4624446866555
74935.0 10068.0 593.5226950751091
75193.0 10543.0 804.4624446866823
76103.0 10167.0 593.5226950750706
77035.0 10331.0 1335.4260639189154
77583.0 10039.0 726.9138768476927
78497.0 10445.0 726.9138768477438
78843.0 10485.0 726.9138768477274
79741.0 10418.0 804.4624446866493
80747.0 10337.0 890.2840426126005
81659.0 10211.0 985.2612533570891
83023.0 10281.0 804.4624446866777
83579.0 10690.0 804.4624446866604
83765.0 10518.0 985.2612533570378
84413.0 10398.0 1477.891880035649
85487.0 10449.0 985.2612533571171
85719.0 10379.0 1090.3708152715503
85949.0 10362.0 1477.8918800356323
86435.0 10463.0 1206.693667030057
86559.0 10386.0 1206.693667030042
86665.0 10266.0 1206.6936670299558
86927.0 10216.0 1635.5562229074424
87423.0 10651.0 985.2612533572205
87497.0 10560.0 890.284042612596
88781.0 10277.0 804.4624446866281
89853.0 10567.0 1090.3708152715806
91105.0 10384.0 1635.5562229074062
91341.0 10636.0 985.2612533571256
92829.0 10464.0 890.2840426126589
94051.0 10026.0 1206.6936670299856
94169.0 10224.0 1635.556222907448
94255.0 10391.0 1206.6936670300022
95105.0 10434.0 1335.426063918998
95895.0 10164.0 2003.1390958785316
96547.0 10664.0 1635.5562229073148
97005.0 10181.0 1477.8918800357262
98725.0 10229.0 1635.55622290734
99591.0 10388.0 1635.5562229073132
99765.0 10595.0 1090.370815271569
101319.0 10933.0 1206.6936670300327
103147.0 9905.0 2003.139095878478
103285.0 10469.0 1810.040500544849
103483.0 10580.0 1810.04050054493
105175.0 10686.0 1810.0405005450102
106549.0 10031.0 2003.1390958784013
107827.0 10239.0 1810.040500545062
109141.0 10326.0 1477.8918800356164
111649.0 10455.0 1810.0405005450452
113759.0 10149.0 2216.837820053474
114045.0 10944.0 1635.5562229074005
114695.0 10170.0 3004.708643817751
116361.0 10121.0 2453.334334361071
118541.0 10566.0 2715.0607508174253
122049.0 10616.0 1635.5562229073093
125577.0 10146.0 3325.256730080263
127373.0 10335.0 3004.7086438175916
127765.0 10433.0 2715.0607508175
138639.0 10566.0 2715.0607508174253
141125.0 10231.0 3325.2567300802443
143535.0 10318.0 3680.0015015418317
145181.0 10694.0 4072.591126225944
