rev1 +randomfix
12189.0 2460.0 52.106244835117614
12205.0 2535.0 31.38887148906614
12463.0 2464.0 52.106244835118375
12469.0 2704.0 34.73749655674566
12689.0 2546.0 52.10624483511849
12727.0 2461.0 52.106244835118545
12901.0 2548.0 38.44335937500275
12923.0 2459.0 42.544570752858334
13379.0 2515.0 70.6249608504002
13423.0 2586.0 38.44335937500323
13425.0 2428.0 63.81685612928638
13507.0 2531.0 57.66503906250366
13585.0 2508.0 70.62496085039692
13757.0 2537.0 57.66503906250213
13807.0 2653.0 78.15936725267771
13835.0 2588.0 117.23905087901697
13841.0 2333.0 70.62496085039629
13895.0 2691.0 86.4975585937545
14039.0 2621.0 78.15936725267628
14153.0 2612.0 47.083307233599776
14209.0 2502.0 78.1593672526765
14229.0 2561.0 86.49755859375416
14241.0 2601.0 52.10624483511825
14331.0 2575.0 117.23905087901313
14437.0 2679.0 78.15936725267589
14441.0 2515.0 86.49755859375557
14443.0 2591.0 95.72528419392876
14549.0 2568.0 105.93744127559442
14559.0 2623.0 129.74633789063347
14561.0 2605.0 105.93744127559697
14591.0 2744.0 63.8168561292855
14649.0 2797.0 63.816856129284616
14733.0 2516.0 117.23905087901835
14741.0 2723.0 78.15936725267748
14767.0 2598.0 86.49755859375591
14825.0 2777.0 86.49755859375458
14859.0 2495.0 70.62496085039727
14875.0 2659.0 105.9374412755928
14907.0 2635.0 158.90616191338756
15009.0 2725.0 105.93744127559529
15025.0 2670.0 86.49755859375534
15211.0 2605.0 129.74633789063532
15249.0 2544.0 158.9061619133912
15335.0 2663.0 143.58792629089305
15367.0 2632.0 86.49755859375645
15685.0 2454.0 175.85857631852312
15867.0 2715.0 70.62496085039639
15945.0 2539.0 78.15936725267755
16051.0 2436.0 194.61950683594623
16117.0 2448.0 105.93744127559613
16235.0 2726.0 95.72528419392978
16281.0 2514.0 105.93744127559934
16499.0 2639.0 175.8585763185259
16581.0 2605.0 175.8585763185252
16683.0 2446.0 105.93744127559583
16833.0 2688.0 175.8585763185232
16847.0 2637.0 194.61950683594887
16935.0 2569.0 117.23905087901299
16949.0 2576.0 158.90616191338907
17047.0 2516.0 238.35924287009257
17063.0 2515.0 175.85857631852687
17081.0 2567.0 158.90616191339012
17083.0 2700.0 194.61950683595063
17331.0 2753.0 143.58792629089527
17343.0 2709.0 129.74633789063475
17477.0 2730.0 143.5879262908969
17657.0 2698.0 238.3592428700873
17703.0 2439.0 263.78786447779424
17835.0 2622.0 175.85857631852608
17849.0 2826.0 158.90616191339237
17865.0 2612.0 238.3592428700945
17925.0 2591.0 143.58792629089044
18059.0 2741.0 143.5879262908889
18187.0 2583.0 175.85857631852795
18219.0 2788.0 158.90616191339024
18411.0 2440.0 263.78786447778924
18439.0 2706.0 143.58792629088978
18831.0 2724.0 238.35924287008737
18849.0 2768.0 175.85857631851854
19461.0 2666.0 215.3818894363385
19745.0 2742.0 323.0728341545044
19845.0 2590.0 291.92926025393064
19959.0 2583.0 291.9292602539277
20661.0 2855.0 291.92926025392455
21137.0 2808.0 395.6817967166796
21351.0 2492.0 437.8938903808894
21717.0 2565.0 215.38188943634077
22047.0 2716.0 437.89389038089575
23723.0 2555.0 437.8938903808869
23737.0 2670.0 323.07283415451116
24217.0 2595.0 437.89389038087774
26359.0 2682.0 536.3082964577112
26473.0 2769.0 536.3082964577079
26699.0 2766.0 536.3082964577117
26935.0 2659.0 484.60925123175633
27213.0 2524.0 536.3082964577064
31009.0 2595.0 890.2840426125289
32717.0 2729.0 804.4624446865759
39271.0 2643.0 1000.0
45875.0 2679.0 1000.0
