3023.0 747.0 13.950609550695212 2.5097788488178323
3135.0 741.0 12.605798741586804 2.6083142852179066
3285.0 754.0 18.908698112380044 2.721978675666437
3323.0 745.0 12.605798741586652 2.8924290754040016
3357.0 728.0 11.390625000000275 2.85340674482623
3385.0 758.0 11.390625000000416 2.582284486915052
3391.0 710.0 23.158331037829342 2.6736467922901275
3471.0 813.0 20.925914326042726 2.6681622010344612
3513.0 790.0 18.90869811238009 2.625226914205856
3561.0 822.0 13.95060955069522 2.8627549888773833
3615.0 742.0 12.605798741586945 2.744637162775653
3637.0 777.0 31.388871489064293 2.713265792257673
3643.0 828.0 20.925914326042772 2.6566432873017187
3681.0 874.0 13.950609550695033 3.0179576129785066
3685.0 804.0 15.438887358552867 2.4612029323457763
3729.0 685.0 28.363047168570088 2.5429963281917485
3739.0 812.0 17.08593750000046 2.768915839187524
3749.0 776.0 28.363047168570233 2.527124087120319
3767.0 718.0 42.54457075285599 2.5591792410842
3787.0 721.0 42.54457075285541 2.536011173180261
3797.0 888.0 15.438887358552801 2.7895458340396178
3835.0 714.0 18.908698112380037 2.5311524877691833
3839.0 848.0 17.08593750000065 2.7480237080386347
3887.0 854.0 20.92591432604262 2.606796610767004
3889.0 836.0 23.158331037829267 2.745369734546575
3897.0 770.0 18.908698112380584 2.761057510247326
3907.0 715.0 28.363047168570645 2.552055272239327
3931.0 805.0 28.36304716857053 2.6152069561797293
3935.0 831.0 12.60579874158692 3.0413951196447084
3941.0 712.0 42.54457075285579 2.671430210724622
3953.0 891.0 11.39062500000038 2.9363683890389054
3957.0 784.0 23.15833103782964 2.829013941614181
3975.0 820.0 15.438887358553234 2.813543275264026
3999.0 811.0 25.62890625000045 2.7539028354824886
4009.0 810.0 23.158331037829598 2.5043137464381715
4035.0 767.0 28.363047168570162 2.747182608828434
4043.0 825.0 17.085937500000604 2.8217197492048562
4051.0 911.0 15.43888735855308 2.9019327438936227
4061.0 847.0 31.388871489064258 2.80210262583236
4077.0 866.0 11.390625000000238 3.0318698378742903
4083.0 846.0 28.363047168570628 2.7084538311360027
4093.0 779.0 47.083307233596 2.687983498097433
4111.0 890.0 23.158331037829235 2.8236126944097664
4145.0 801.0 25.62890625000118 2.856406012756746
4183.0 803.0 38.443359375001315 2.6331648802965297
4213.0 949.0 23.15833103782966 2.9303058944282836
4217.0 859.0 34.73749655674443 2.7460985634101043
4233.0 923.0 17.085937500000366 2.7658077632272158
4251.0 811.0 34.73749655674435 2.649706372820485
4297.0 848.0 42.54457075285514 2.9723364175251255
4301.0 815.0 38.44335937500096 2.75679586703196
4325.0 820.0 42.544570752855165 2.6836293055472846
4367.0 940.0 20.92591432604298 2.9276108071072526
4373.0 734.0 34.73749655674388 2.794518050548507
4413.0 870.0 42.54457075285548 2.618313325461785
4413.0 843.0 47.08330723359668 2.7077462014179834
4421.0 736.0 57.665039062501535 2.6766579072091408
4441.0 853.0 42.54457075285538 2.8797465431681686
4467.0 762.0 47.083307233596436 2.640246431615522
4467.0 749.0 34.73749655674422 2.6972233291568646
4477.0 730.0 52.1062448351167 2.72544573854088
4527.0 778.0 47.083307233596024 2.5715835591834537
4549.0 807.0 25.62890625000084 2.7385360401433396
4551.0 911.0 52.106244835116094 2.756572374235498
4565.0 771.0 70.62496085039507 2.5514355646846294
4613.0 882.0 42.54457075285493 2.6898359766774806
4615.0 877.0 38.44335937500096 2.9424263957981145
4639.0 814.0 57.665039062501585 2.7355058849047444
4641.0 800.0 57.66503906250145 2.660913222551618
4645.0 828.0 52.106244835117444 2.7882133988463544
4669.0 848.0 63.816856129282975 2.5983285591935017
4691.0 894.0 25.628906250000757 3.0345745741445254
4697.0 792.0 52.10624483511563 2.742060328707067
4755.0 854.0 25.628906250000554 3.0875378544735965
4757.0 903.0 31.388871489064275 2.9641165372951335
4847.0 792.0 52.106244835115895 2.7860932575759767
4853.0 731.0 57.665039062501855 2.681703761247559
4895.0 899.0 42.544570752855435 3.014428593438804
4903.0 870.0 38.443359375000966 2.6478928450242805
4905.0 852.0 57.66503906250204 2.6149148563516564
4907.0 888.0 38.44335937500103 2.9528752762856607
5007.0 884.0 63.81685612928362 2.761383012389576
5109.0 810.0 63.8168561292834 2.7084810335131198
5153.0 839.0 70.6249608503939 2.847584021311812
5177.0 780.0 52.10624483511627 2.6698179282537176
5181.0 909.0 42.54457075285552 2.933713909705019
5201.0 839.0 57.66503906250102 2.7279520787613443
5319.0 790.0 52.10624483511651 2.707021309479143
5341.0 935.0 47.083307233596 2.956664960682189
5347.0 753.0 86.49755859375215 2.695270543219015
5689.0 1003.0 52.10624483511691 2.8612392467072287
5775.0 843.0 117.23905087901124 2.6593794904602017
5825.0 939.0 63.81685612928249 2.861959622977108
6083.0 893.0 105.9374412755923 2.847889662252231
6157.0 909.0 105.93744127559229 2.650761927493472
6277.0 887.0 129.7463378906287 2.835020087571585
6849.0 865.0 117.23905087901237 2.5773633323216214
7237.0 828.0 143.58792629088776 2.720985463158926
8349.0 862.0 175.85857631851766 3.2263339730966765
13819.0 907.0 300.0 2.8116175834676738
