rev1.1
25709.0 5031.0 70.62496085039987
26927.0 5585.0 70.62496085040469
27129.0 5133.0 158.90616191338992
27595.0 5086.0 129.74633789064015
28257.0 5435.0 95.72528419393545
28487.0 5187.0 105.93744127560267
28577.0 5284.0 158.90616191340152
28635.0 5227.0 95.72528419393001
29211.0 5226.0 86.49755859375739
29213.0 5365.0 143.58792629089936
29249.0 5273.0 143.58792629089848
29761.0 5111.0 263.7878644778079
29829.0 5505.0 143.58792629090098
29835.0 5503.0 143.58792629089191
30419.0 5312.0 105.93744127559873
30433.0 5335.0 263.7878644777955
30821.0 5304.0 143.58792629090226
31005.0 4993.0 215.38188943634896
31155.0 5653.0 175.85857631853423
31243.0 5447.0 215.38188943634782
31481.0 5239.0 215.38188943635674
31491.0 5051.0 158.90616191339868
31575.0 4922.0 357.53886430514524
32697.0 5275.0 215.38188943634898
33133.0 5410.0 437.89389038091787
33247.0 5200.0 215.38188943634955
33435.0 5239.0 291.929260253931
33455.0 5207.0 143.5879262908981
34007.0 5016.0 291.9292602539403
34025.0 5156.0 323.07283415453657
34205.0 5134.0 395.6817967167047
34343.0 5308.0 323.0728341545326
34511.0 5215.0 437.893890380895
34563.0 5192.0 323.0728341545091
34623.0 5516.0 395.6817967167013
34863.0 5201.0 323.0728341545208
35059.0 5362.0 323.072834154532
35071.0 5449.0 395.6817967166958
35091.0 5214.0 357.53886430516013
35463.0 5403.0 357.53886430515047
37219.0 5391.0 357.5388643051598
37407.0 5227.0 593.5226950750762
37425.0 5609.0 395.681796716698
37501.0 5360.0 437.8938903809121
38267.0 5244.0 263.7878644777951
38325.0 5360.0 357.5388643051487
38351.0 5060.0 437.89389038091616
38475.0 5009.0 656.8408355713578
38819.0 5241.0 484.6092512318032
38855.0 5263.0 484.60925123177753
39067.0 5320.0 656.8408355713673
39743.0 5417.0 395.6817967166894
39963.0 5426.0 484.6092512317945
40031.0 5291.0 484.6092512318015
40191.0 5356.0 357.5388643051461
40209.0 5389.0 536.3082964577253
40535.0 5351.0 536.308296457726
40909.0 5210.0 484.6092512317995
40991.0 5325.0 484.6092512317773
42221.0 5350.0 437.89389038092327
42405.0 5265.0 726.9138768476964
42729.0 5358.0 593.5226950750439
42753.0 5301.0 726.9138768476788
43133.0 5094.0 395.68179671671
43435.0 5271.0 656.8408355713625
44087.0 5271.0 437.8938903809195
44355.0 5159.0 726.9138768476928
44787.0 5240.0 726.9138768477011
45033.0 5287.0 890.2840426125658
45297.0 5491.0 536.308296457739
45627.0 5382.0 804.4624446866168
45853.0 5301.0 593.522695075059
46179.0 5303.0 593.522695075051
46277.0 5154.0 656.8408355713742
46377.0 5566.0 804.4624446866
46579.0 5190.0 985.2612533570574
46617.0 5262.0 484.60925123177446
46977.0 5418.0 536.3082964577484
47013.0 5227.0 656.8408355713505
47293.0 5423.0 890.2840426125318
47775.0 5322.0 804.4624446866221
47993.0 5354.0 890.2840426125753
48255.0 5316.0 890.2840426126122
48711.0 5194.0 1090.3708152715164
51447.0 5426.0 1090.3708152715465
51619.0 5309.0 890.2840426125514
52865.0 5424.0 1090.3708152715378
53643.0 5240.0 1206.6936670299265
54487.0 5480.0 1206.6936670299128
54857.0 5287.0 890.2840426125626
56185.0 5440.0 985.2612533570117
57237.0 5546.0 1335.4260639188196
57923.0 5319.0 1335.4260639188913
59239.0 5341.0 804.4624446866026
61231.0 5401.0 1477.8918800355568
62877.0 5346.0 1810.04050054488
68749.0 5347.0 2003.1390958783036
72683.0 5399.0 1810.0405005448627
80541.0 5563.0 2003.1390958783256
101781.0 5510.0 2048.0
