rev1.1
1081.0 288.0 5.6025772184829
1155.0 317.0 6.861727714912329
1177.0 264.0 8.403865827724426
1203.0 312.0 10.292591572368533
1239.0 316.0 10.292591572368543
1299.0 331.0 8.40386582772437
1303.0 302.0 13.95060955069499
1305.0 345.0 6.861727714912365
1353.0 329.0 10.29259157236849
1377.0 335.0 8.403865827724434
1381.0 301.0 8.403865827724424
1383.0 327.0 23.15833103782909
1401.0 329.0 15.438887358552906
1405.0 335.0 10.292591572368494
1435.0 292.0 12.605798741586682
1455.0 336.0 9.300406367129954
1469.0 351.0 12.605798741586652
1475.0 343.0 15.438887358552785
1479.0 387.0 13.950609550694898
1499.0 333.0 11.390625000000213
1503.0 395.0 13.950609550695088
1511.0 368.0 11.39062500000008
1525.0 363.0 10.292591572368554
1549.0 374.0 13.950609550694928
1553.0 401.0 7.593750000000113
1557.0 366.0 10.292591572368512
1559.0 363.0 6.861727714912318
1611.0 347.0 17.085937500000348
1613.0 324.0 13.950609550695155
1631.0 324.0 11.390625000000153
1637.0 387.0 20.925914326042566
1639.0 393.0 18.908698112379895
1655.0 356.0 17.0859375000002
1657.0 331.0 15.438887358552911
1663.0 361.0 12.605798741586684
1681.0 339.0 12.605798741586728
1683.0 374.0 20.925914326042616
1687.0 359.0 23.158331037829143
1709.0 439.0 10.292591572368455
1709.0 345.0 13.95060955069513
1711.0 366.0 23.158331037829452
1721.0 368.0 11.39062500000019
1729.0 331.0 13.950609550695011
1737.0 337.0 15.438887358552911
1743.0 340.0 20.925914326042616
1773.0 372.0 9.300406367130066
1783.0 418.0 20.92591432604264
1785.0 355.0 23.15833103782926
1789.0 376.0 18.908698112379987
1789.0 416.0 11.390625000000195
1793.0 374.0 12.605798741586769
1841.0 361.0 15.438887358552966
1855.0 314.0 31.38887148906365
1869.0 345.0 17.085937500000323
1873.0 392.0 17.085937500000398
1875.0 381.0 18.90869811238015
1905.0 391.0 11.390625000000286
1907.0 416.0 25.628906250000394
1909.0 395.0 11.390625000000075
1913.0 388.0 12.605798741586746
1939.0 349.0 23.158331037829342
1957.0 358.0 20.92591432604264
1979.0 430.0 17.085937500000437
1989.0 359.0 31.38887148906393
2001.0 393.0 18.90869811238023
2017.0 403.0 34.73749655674371
2021.0 337.0 31.38887148906376
2027.0 410.0 18.908698112380073
2041.0 410.0 10.292591572368528
2053.0 364.0 38.443359375000824
2055.0 396.0 31.3888714890638
2073.0 403.0 31.388871489063895
2073.0 348.0 25.6289062500005
2081.0 376.0 20.925914326042655
2109.0 383.0 28.363047168570187
2113.0 396.0 15.438887358552815
2145.0 403.0 20.925914326042655
2181.0 371.0 34.73749655674416
2299.0 483.0 17.08593750000047
2303.0 357.0 38.44335937500067
2367.0 438.0 34.73749655674394
2373.0 383.0 34.73749655674367
2385.0 343.0 38.44335937500066
2433.0 445.0 13.950609550695214
2451.0 451.0 34.7374965567441
2461.0 360.0 52.10624483511581
2485.0 410.0 42.54457075285514
2551.0 330.0 47.083307233596095
2589.0 325.0 63.81685612928207
2699.0 341.0 63.816856129282975
2773.0 408.0 63.816856129282826
2827.0 383.0 52.10624483511595
2877.0 411.0 52.106244835116215
3029.0 369.0 63.81685612928275
3063.0 463.0 15.438887358552831
3093.0 443.0 47.08330723359594
3141.0 371.0 86.49755859375207
3191.0 355.0 86.49755859375156
3191.0 400.0 86.49755859375186
4191.0 402.0 117.23905087901083
