rev1.1
5565.0 1176.0 23.158331037829683
5637.0 1290.0 20.92591432604262
5841.0 1382.0 20.925914326043348
5949.0 1259.0 17.08593750000065
5955.0 1243.0 20.92591432604294
6017.0 1284.0 25.628906250001236
6025.0 1239.0 38.44335937500137
6085.0 1362.0 20.925914326043117
6155.0 1244.0 28.363047168570972
6183.0 1301.0 31.3888714890642
6199.0 1273.0 20.925914326043294
6237.0 1293.0 25.628906250000618
6239.0 1247.0 28.36304716857048
6245.0 1368.0 38.443359375000966
6245.0 1374.0 23.15833103782945
6299.0 1289.0 23.15833103782953
6343.0 1310.0 38.44335937500129
6567.0 1259.0 31.388871489064623
6577.0 1217.0 52.106244835116954
6583.0 1287.0 47.083307233596365
6683.0 1392.0 42.54457075285699
6691.0 1243.0 52.106244835116215
6695.0 1347.0 57.6650390625017
6729.0 1284.0 42.54457075285637
6729.0 1492.0 28.363047168570795
6775.0 1386.0 34.73749655674477
6795.0 1330.0 52.106244835117224
6817.0 1384.0 31.3888714890653
6823.0 1385.0 28.363047168571086
6849.0 1332.0 28.363047168570954
6879.0 1357.0 25.628906250001357
6883.0 1283.0 34.73749655674476
6889.0 1293.0 70.62496085039552
6897.0 1435.0 20.925914326042907
6917.0 1373.0 52.106244835115945
7013.0 1356.0 42.544570752855854
7025.0 1330.0 34.737496556744595
7267.0 1402.0 38.443359375001364
7281.0 1494.0 38.443359375001556
7289.0 1279.0 31.388871489064574
7351.0 1306.0 38.44335937500141
7355.0 1330.0 57.66503906250262
7533.0 1448.0 47.08330723359663
7565.0 1370.0 47.08330723359667
7627.0 1476.0 38.443359375001926
7633.0 1343.0 86.49755859375475
7639.0 1425.0 38.44335937500201
7655.0 1354.0 95.72528419392758
7661.0 1294.0 78.15936725267618
7767.0 1378.0 95.72528419392658
7845.0 1380.0 70.62496085039547
7919.0 1262.0 63.816856129282414
7923.0 1305.0 63.81685612928432
7985.0 1387.0 78.15936725267679
7997.0 1392.0 31.388871489064393
8049.0 1344.0 57.66503906250133
8053.0 1322.0 70.62496085039473
8095.0 1233.0 86.4975585937555
8145.0 1378.0 86.4975585937546
8301.0 1498.0 70.62496085039517
8425.0 1294.0 70.6249608503953
8481.0 1492.0 117.23905087901613
8537.0 1460.0 78.1593672526768
8617.0 1412.0 86.49755859375422
8853.0 1358.0 105.93744127559079
8853.0 1405.0 57.665039062502125
8899.0 1441.0 129.74633789063003
9033.0 1468.0 117.23905087901556
9113.0 1332.0 129.74633789063003
9141.0 1493.0 117.23905087901457
9297.0 1388.0 117.2390508790128
9331.0 1245.0 158.90616191338813
9409.0 1361.0 175.85857631852156
9603.0 1491.0 117.23905087901296
10033.0 1355.0 175.85857631851974
10055.0 1504.0 158.906161913389
10181.0 1476.0 117.23905087901483
10245.0 1347.0 194.61950683594708
10313.0 1413.0 95.72528419392664
10391.0 1468.0 117.23905087901115
10401.0 1351.0 215.38188943633412
10415.0 1421.0 158.90616191339006
11117.0 1472.0 194.61950683594702
11247.0 1391.0 238.35924287008768
11389.0 1308.0 194.61950683594543
11493.0 1597.0 158.9061619133896
11827.0 1406.0 263.78786447777895
11829.0 1415.0 238.3592428700803
12021.0 1430.0 263.78786447777804
12067.0 1396.0 263.7878644777816
12259.0 1426.0 238.3592428700819
12997.0 1437.0 323.07283415450485
13227.0 1492.0 291.9292602539237
13245.0 1311.0 357.53886430512546
14605.0 1418.0 395.6817967166682
15219.0 1380.0 263.7878644777784
16083.0 1311.0 484.6092512317518
16283.0 1424.0 484.60925123175593
16685.0 1480.0 437.89389038088734
17583.0 1383.0 512.0
