187 70 4
187 70 4
239 84 3
239 84 3
239 84 3
239 84 3
253 85 4
253 85 4
253 85 4
259 79 6
259 79 6
259 79 6
259 79 6
263 69 8
263 69 8
263 69 8
263 69 8
291 91 4
291 91 4
291 91 4
291 91 4
311 91 4
311 91 4
311 91 4
311 91 4
311 94 6
311 94 6
317 92 8
341 80 7
341 80 7
341 80 7
341 80 7
349 79 7
349 79 7
349 79 7
349 79 7
357 100 5
357 100 5
357 100 5
361 100 6
361 100 6
377 101 5
377 101 5
377 101 5
377 101 5
383 99 6
419 90 9
419 90 9
419 90 9
419 90 9
433 93 8
433 93 8
435 67 11
439 85 8
439 85 8
465 66 12
465 66 12
467 113 5
467 113 5
473 104 8
473 91 6
473 104 8
473 104 8
485 106 7
485 106 7
497 100 13
511 92 10
511 92 10
517 105 12
545 100 15
545 100 15
557 100 7
557 100 7
557 100 7
557 100 7
601 109 10
657 120 9
657 120 9
657 120 9
657 120 9
661 130 6
661 130 6
661 130 6
757 101 17
757 101 17
757 101 17
757 101 17
827 137 12
827 137 12
827 137 12
827 137 12
919 112 30
919 112 30
919 112 30
919 112 30
127689 2213 30
211335 3606 30
211335 3606 30
211335 3606 30
211335 3606 30
