rev1.1
37739.0 7284.0 117.23905087902124
38257.0 7597.0 78.15936725268233
39245.0 7564.0 57.66503906250755
39419.0 7224.0 175.85857631853125
39813.0 7553.0 194.61950683596396
40145.0 7650.0 95.72528419394253
40217.0 7550.0 158.906161913402
40345.0 7609.0 175.85857631854736
40739.0 7636.0 158.90616191341093
40949.0 8118.0 194.61950683597163
41397.0 7726.0 129.74633789064592
41889.0 7506.0 129.7463378906462
42157.0 7916.0 143.5879262909083
42211.0 7559.0 158.90616191340837
42481.0 7575.0 95.72528419393832
42637.0 7501.0 194.6195068359578
42795.0 7688.0 129.7463378906418
43135.0 7748.0 194.61950683595845
43153.0 7560.0 215.3818894363523
43447.0 7552.0 215.38188943634694
43527.0 7574.0 263.78786447781926
44193.0 7677.0 263.7878644778166
44285.0 7587.0 238.35924287011386
44769.0 7871.0 194.61950683597345
45007.0 7637.0 158.90616191341292
46189.0 7425.0 263.78786447781454
46723.0 7680.0 263.7878644778118
47077.0 7732.0 357.53886430515166
47321.0 7818.0 357.53886430516116
47395.0 7746.0 263.787864477818
47453.0 7789.0 323.07283415454265
47509.0 7429.0 263.7878644778039
47585.0 7569.0 238.359242870104
48581.0 7710.0 323.07283415453674
48585.0 7893.0 238.3592428701049
48595.0 7472.0 291.92926025396616
48919.0 7635.0 437.8938903809182
49529.0 7735.0 323.0728341545457
50013.0 7544.0 437.89389038092446
50707.0 7793.0 484.6092512318131
50871.0 7551.0 437.8938903809324
50909.0 7386.0 593.5226950750562
51167.0 7943.0 395.68179671670424
51491.0 7630.0 291.9292602539473
51589.0 7978.0 437.893890380933
51815.0 7501.0 437.8938903809036
52109.0 7558.0 726.91387684771
52297.0 7526.0 395.68179671671663
53107.0 7702.0 593.5226950751003
54259.0 7727.0 437.8938903809344
54355.0 8037.0 437.89389038093293
54431.0 7554.0 804.4624446865936
54505.0 7623.0 656.8408355713968
54519.0 7578.0 484.60925123180175
54691.0 7586.0 593.5226950750414
54775.0 7829.0 726.9138768477665
54859.0 7758.0 593.5226950750798
54921.0 7513.0 656.8408355713815
54951.0 7639.0 726.9138768477208
55237.0 7466.0 726.913876847694
55875.0 7648.0 593.5226950751098
55969.0 7465.0 536.3082964577353
55989.0 7864.0 536.3082964577482
56341.0 7597.0 484.6092512318204
56969.0 7622.0 656.8408355713824
57783.0 7695.0 726.9138768477333
57953.0 7649.0 726.9138768477227
58631.0 7356.0 726.9138768477044
59067.0 7767.0 1090.3708152715185
60843.0 7634.0 1090.3708152715828
61545.0 7341.0 593.5226950750531
62063.0 7277.0 1206.6936670300151
62237.0 7432.0 804.462444686606
63477.0 7769.0 726.9138768477352
64385.0 7702.0 804.462444686664
64435.0 7899.0 804.4624446866634
64773.0 7750.0 536.3082964577358
65221.0 7735.0 593.5226950750514
65323.0 7626.0 890.2840426126008
65879.0 7655.0 726.9138768477013
66535.0 7606.0 726.9138768477026
66571.0 7844.0 1090.3708152715967
69695.0 7915.0 985.2612533570581
73201.0 7640.0 804.4624446865648
73725.0 7736.0 985.2612533570558
74513.0 7516.0 1335.4260639189274
78481.0 7821.0 1335.426063918885
79317.0 7749.0 804.4624446866184
81381.0 7744.0 1477.8918800355898
81847.0 7654.0 1206.6936670299929
83137.0 7927.0 1810.0405005449213
83197.0 7725.0 1477.8918800355852
84677.0 7664.0 2003.1390958784768
88793.0 7680.0 1477.891880035658
93015.0 7728.0 2453.3343343611
94655.0 7655.0 2003.1390958783231
109095.0 7703.0 3000.0
111421.0 7562.0 2003.1390958784198
113381.0 7968.0 3000.0
118935.0 7531.0 2453.3343343609536
