rev1.1
1973.0 486.0 8.403865827724411
1989.0 464.0 17.085937500000323
2083.0 525.0 11.390625000000258
2093.0 494.0 12.605798741586648
2097.0 518.0 11.390625000000247
2117.0 548.0 6.861727714912403
2153.0 481.0 12.605798741586716
2181.0 518.0 10.292591572368497
2189.0 585.0 13.950609550695036
2221.0 557.0 13.950609550695216
2237.0 528.0 13.950609550695075
2269.0 535.0 12.605798741586602
2271.0 508.0 12.60579874158683
2283.0 572.0 11.390625000000238
2299.0 526.0 11.390625000000341
2301.0 551.0 11.39062500000016
2311.0 512.0 17.08593750000031
2313.0 515.0 15.438887358552945
2349.0 525.0 11.390625000000252
2357.0 523.0 15.438887358552854
2361.0 513.0 18.908698112380076
2369.0 533.0 11.39062500000025
2377.0 472.0 13.950609550695143
2391.0 505.0 12.605798741586693
2405.0 509.0 12.605798741586728
2409.0 562.0 19.0
2421.0 512.0 15.438887358553014
2423.0 542.0 19.0
2425.0 465.0 13.950609550695123
2437.0 506.0 19.0
2453.0 532.0 12.605798741586765
2457.0 529.0 19.0
2477.0 508.0 18.908698112380183
2483.0 553.0 10.29259157236869
2489.0 542.0 17.08593750000057
2489.0 467.0 19.0
2499.0 543.0 19.0
2511.0 538.0 17.085937500000338
2519.0 544.0 19.0
2531.0 573.0 15.438887358552893
2535.0 504.0 17.085937500000334
2539.0 542.0 18.9086981123802
2547.0 547.0 11.39062500000028
2549.0 497.0 12.605798741586716
2563.0 555.0 13.950609550695091
2567.0 534.0 19.0
2579.0 510.0 17.085937500000462
2583.0 520.0 15.438887358552957
2585.0 510.0 13.950609550695214
2587.0 592.0 17.08593750000037
2587.0 557.0 15.43888735855303
2601.0 553.0 12.605798741586723
2615.0 571.0 15.438887358552979
2621.0 549.0 17.085937500000465
2623.0 515.0 18.908698112380165
2625.0 502.0 19.0
2627.0 548.0 19.0
2627.0 526.0 19.0
2643.0 529.0 19.0
2655.0 544.0 15.438887358552927
2665.0 480.0 17.08593750000035
2675.0 527.0 18.90869811238013
2675.0 510.0 19.0
2693.0 534.0 19.0
2695.0 571.0 15.438887358552943
2697.0 535.0 18.908698112380133
2699.0 523.0 19.0
2703.0 530.0 19.0
2713.0 595.0 12.605798741586852
2713.0 552.0 19.0
2725.0 605.0 19.0
2727.0 518.0 13.95060955069516
2729.0 584.0 17.085937500000366
2733.0 541.0 19.0
2735.0 554.0 15.438887358553021
2763.0 552.0 18.908698112380176
2763.0 534.0 17.085937500000334
2767.0 524.0 19.0
2771.0 523.0 19.0
2775.0 562.0 19.0
2785.0 522.0 19.0
2799.0 555.0 19.0
2833.0 512.0 15.438887358552847
2847.0 550.0 19.0
2853.0 543.0 19.0
2861.0 518.0 17.085937500000316
2887.0 527.0 19.0
2937.0 535.0 19.0
2945.0 545.0 19.0
2953.0 537.0 19.0
2965.0 557.0 19.0
2973.0 549.0 19.0
3005.0 548.0 19.0
3017.0 571.0 19.0
3021.0 591.0 19.0
3023.0 541.0 19.0
3207.0 570.0 19.0
3211.0 622.0 19.0
3299.0 582.0 19.0
3407.0 569.0 19.0
