rev1.1
40095.0 8218.0 19.0
41343.0 8219.0 19.0
41677.0 8196.0 19.0
41793.0 8214.0 19.0
41873.0 7979.0 19.0
41883.0 8105.0 19.0
41969.0 8047.0 19.0
42211.0 8196.0 19.0
42353.0 8255.0 19.0
42365.0 8220.0 19.0
42429.0 8102.0 19.0
42429.0 8368.0 19.0
42499.0 8196.0 19.0
42659.0 8153.0 19.0
42717.0 8098.0 19.0
42733.0 8096.0 19.0
43009.0 8328.0 19.0
43043.0 8138.0 19.0
43043.0 8219.0 19.0
43065.0 8220.0 19.0
43071.0 8088.0 19.0
43193.0 8256.0 19.0
43371.0 8235.0 19.0
43467.0 8188.0 19.0
43509.0 8024.0 19.0
43575.0 8286.0 19.0
43577.0 8114.0 19.0
43579.0 8067.0 19.0
43621.0 8057.0 19.0
43677.0 8390.0 19.0
43791.0 8382.0 19.0
43829.0 8261.0 19.0
43947.0 8084.0 19.0
43965.0 8301.0 19.0
43987.0 8361.0 19.0
43995.0 8276.0 19.0
44033.0 8185.0 19.0
44063.0 8082.0 19.0
44077.0 8229.0 19.0
44119.0 8208.0 19.0
44165.0 8141.0 19.0
44201.0 8445.0 19.0
44273.0 8263.0 19.0
44311.0 8302.0 19.0
44391.0 8378.0 19.0
44399.0 8058.0 19.0
44603.0 8344.0 19.0
44635.0 8208.0 19.0
44665.0 8308.0 19.0
44673.0 8305.0 19.0
44771.0 8405.0 19.0
44773.0 8243.0 19.0
44789.0 8165.0 19.0
44805.0 8124.0 19.0
44823.0 8286.0 19.0
44887.0 8285.0 19.0
45009.0 8176.0 19.0
45055.0 8254.0 19.0
45075.0 8288.0 19.0
45113.0 8436.0 19.0
45151.0 8274.0 19.0
45203.0 8470.0 19.0
45331.0 8420.0 19.0
45367.0 8202.0 19.0
45411.0 8195.0 19.0
45431.0 8307.0 19.0
45537.0 8255.0 19.0
45815.0 8385.0 19.0
45857.0 8476.0 19.0
45877.0 8214.0 19.0
45895.0 8363.0 19.0
45895.0 8347.0 19.0
45959.0 8192.0 19.0
46009.0 8400.0 19.0
46181.0 8429.0 19.0
46229.0 8114.0 19.0
46245.0 8331.0 19.0
46283.0 8314.0 19.0
46325.0 8099.0 19.0
46331.0 8276.0 19.0
46407.0 8214.0 19.0
46551.0 8601.0 19.0
46735.0 8577.0 19.0
46909.0 8266.0 19.0
46967.0 8420.0 19.0
47059.0 8314.0 19.0
47091.0 8370.0 19.0
47167.0 8191.0 19.0
47613.0 8356.0 19.0
47985.0 8509.0 19.0
48011.0 8442.0 19.0
48465.0 8418.0 19.0
48683.0 8468.0 19.0
48803.0 8467.0 19.0
48873.0 8346.0 19.0
49401.0 8432.0 19.0
49537.0 8420.0 19.0
51951.0 8574.0 19.0
51955.0 8318.0 19.0
52167.0 8516.0 19.0
