rev1.1
19161.0 4021.0 19.0
19981.0 4105.0 19.0
20129.0 4105.0 19.0
20245.0 4081.0 19.0
20281.0 4161.0 19.0
20319.0 3974.0 19.0
20355.0 4130.0 19.0
20441.0 4018.0 19.0
20477.0 4051.0 19.0
20485.0 4049.0 19.0
20555.0 4050.0 19.0
20649.0 3988.0 19.0
20697.0 4072.0 19.0
20771.0 3923.0 19.0
20831.0 3923.0 19.0
20839.0 3990.0 19.0
20853.0 3950.0 19.0
20923.0 4165.0 19.0
20957.0 4113.0 19.0
20961.0 4220.0 19.0
20961.0 4033.0 19.0
20991.0 4042.0 19.0
20999.0 4208.0 19.0
21029.0 4170.0 19.0
21061.0 3957.0 19.0
21073.0 4239.0 19.0
21099.0 4166.0 19.0
21199.0 3999.0 19.0
21255.0 4050.0 19.0
21283.0 3958.0 19.0
21307.0 4200.0 19.0
21345.0 4162.0 19.0
21359.0 4149.0 19.0
21457.0 4101.0 19.0
21473.0 4141.0 19.0
21483.0 4144.0 19.0
21517.0 4153.0 19.0
21547.0 3968.0 19.0
21579.0 4061.0 19.0
21587.0 4195.0 19.0
21615.0 4116.0 19.0
21659.0 4184.0 19.0
21671.0 4105.0 19.0
21721.0 4197.0 19.0
21739.0 4196.0 19.0
21763.0 4087.0 19.0
21783.0 4199.0 19.0
21799.0 4216.0 19.0
21809.0 4112.0 19.0
21853.0 4177.0 19.0
21875.0 4180.0 19.0
21899.0 4257.0 19.0
21945.0 4231.0 19.0
21953.0 4066.0 19.0
21979.0 4214.0 19.0
22013.0 4251.0 19.0
22071.0 4056.0 19.0
22111.0 4109.0 19.0
22133.0 4165.0 19.0
22141.0 4066.0 19.0
22263.0 4245.0 19.0
22347.0 4351.0 19.0
22391.0 4036.0 19.0
22397.0 4001.0 19.0
22419.0 4188.0 19.0
22425.0 4066.0 19.0
22435.0 4243.0 19.0
22437.0 4325.0 19.0
22463.0 4252.0 19.0
22509.0 4044.0 19.0
22517.0 4223.0 19.0
22519.0 4096.0 19.0
22543.0 4023.0 19.0
22551.0 4221.0 19.0
22713.0 4119.0 19.0
22769.0 4155.0 19.0
22789.0 4256.0 19.0
22813.0 4159.0 19.0
22873.0 4109.0 19.0
22885.0 4281.0 19.0
22929.0 4224.0 19.0
22989.0 4147.0 19.0
23069.0 4227.0 19.0
23075.0 4151.0 19.0
23203.0 4335.0 19.0
23255.0 4229.0 19.0
23255.0 4178.0 19.0
23259.0 4146.0 19.0
23423.0 4304.0 19.0
23433.0 4159.0 19.0
23467.0 4165.0 19.0
23539.0 4242.0 19.0
23675.0 4234.0 19.0
23711.0 4193.0 19.0
24399.0 4164.0 19.0
24459.0 4216.0 19.0
24521.0 4244.0 19.0
24923.0 4291.0 19.0
25593.0 4247.0 19.0
25631.0 4223.0 19.0
