rev1.1
4383.0 972.0 15.438887358553163
4481.0 973.0 19.0
4485.0 1011.0 13.950609550695193
4549.0 1069.0 12.605798741586993
4591.0 1073.0 15.438887358553142
4649.0 976.0 19.0
4649.0 959.0 18.908698112380225
4705.0 1057.0 15.43888735855308
4709.0 1104.0 18.90869811238029
4731.0 998.0 19.0
4733.0 1000.0 19.0
4765.0 1002.0 19.0
4765.0 961.0 15.438887358553245
4813.0 1054.0 17.085937500000767
4815.0 1054.0 19.0
4833.0 1039.0 17.085937500000558
4849.0 1007.0 19.0
4855.0 1069.0 17.085937500000842
4867.0 1079.0 19.0
4905.0 954.0 19.0
4945.0 1028.0 17.08593750000083
4955.0 1018.0 19.0
4977.0 1043.0 19.0
4985.0 1076.0 19.0
4997.0 980.0 19.0
5009.0 1029.0 19.0
5023.0 1037.0 19.0
5025.0 980.0 18.908698112380225
5077.0 1079.0 19.0
5121.0 1057.0 19.0
5159.0 1040.0 19.0
5161.0 1064.0 19.0
5165.0 1060.0 19.0
5167.0 1068.0 19.0
5177.0 1023.0 19.0
5183.0 1060.0 19.0
5219.0 1045.0 19.0
5219.0 983.0 19.0
5223.0 979.0 19.0
5227.0 988.0 19.0
5251.0 963.0 19.0
5259.0 992.0 19.0
5269.0 1008.0 19.0
5269.0 1137.0 19.0
5277.0 989.0 19.0
5277.0 1045.0 18.908698112380456
5281.0 1112.0 19.0
5285.0 1119.0 19.0
5287.0 1023.0 19.0
5293.0 1054.0 19.0
5309.0 1015.0 19.0
5327.0 1041.0 19.0
5351.0 1089.0 19.0
5357.0 1099.0 19.0
5377.0 1071.0 19.0
5389.0 980.0 19.0
5395.0 1076.0 19.0
5399.0 1074.0 19.0
5401.0 1017.0 19.0
5423.0 1012.0 19.0
5441.0 1055.0 19.0
5453.0 1018.0 19.0
5481.0 1000.0 19.0
5481.0 1019.0 19.0
5487.0 1069.0 19.0
5505.0 988.0 19.0
5507.0 1054.0 19.0
5517.0 1017.0 19.0
5519.0 1087.0 19.0
5521.0 1004.0 19.0
5523.0 1024.0 19.0
5533.0 1058.0 19.0
5537.0 1084.0 19.0
5539.0 1056.0 19.0
5563.0 1049.0 19.0
5569.0 1040.0 19.0
5575.0 1050.0 19.0
5585.0 1088.0 19.0
5591.0 1117.0 19.0
5603.0 1047.0 19.0
5613.0 998.0 19.0
5615.0 1050.0 19.0
5691.0 1097.0 19.0
5693.0 1055.0 19.0
5711.0 1059.0 19.0
5731.0 1049.0 19.0
5731.0 1095.0 19.0
5761.0 1014.0 19.0
5765.0 1061.0 19.0
5781.0 1040.0 19.0
5837.0 1039.0 19.0
5843.0 1101.0 19.0
5931.0 1119.0 19.0
5947.0 1071.0 19.0
5989.0 1030.0 19.0
6025.0 1078.0 19.0
6069.0 1057.0 19.0
6235.0 1085.0 19.0
6291.0 1038.0 19.0
6403.0 1034.0 19.0
