rev1.1
9281.0 1972.0 19.0
9313.0 2095.0 19.0
9441.0 2027.0 19.0
9483.0 2096.0 19.0
9599.0 2019.0 19.0
9745.0 2048.0 19.0
9853.0 2043.0 19.0
9861.0 2080.0 19.0
9863.0 2037.0 19.0
9881.0 2049.0 19.0
9881.0 2086.0 19.0
9883.0 1983.0 19.0
9883.0 1973.0 19.0
9887.0 1945.0 19.0
9911.0 2012.0 19.0
9967.0 2085.0 19.0
9997.0 2044.0 19.0
10011.0 2039.0 19.0
10037.0 2102.0 13.950609550695972
10109.0 2010.0 19.0
10115.0 1998.0 19.0
10151.0 2109.0 19.0
10205.0 2059.0 19.0
10235.0 2085.0 19.0
10279.0 2138.0 19.0
10285.0 2025.0 19.0
10311.0 2168.0 19.0
10347.0 2028.0 19.0
10357.0 1998.0 19.0
10357.0 2092.0 19.0
10387.0 1947.0 19.0
10403.0 1995.0 19.0
10403.0 2178.0 19.0
10415.0 2104.0 18.9086981123805
10433.0 2103.0 17.08593750000124
10453.0 2000.0 19.0
10463.0 2031.0 19.0
10465.0 2091.0 19.0
10475.0 2004.0 19.0
10491.0 1996.0 19.0
10535.0 2115.0 19.0
10537.0 2094.0 19.0
10581.0 2058.0 19.0
10593.0 2001.0 19.0
10601.0 2010.0 19.0
10621.0 2131.0 19.0
10627.0 2153.0 19.0
10649.0 2137.0 19.0
10655.0 2145.0 19.0
10683.0 2085.0 19.0
10703.0 2126.0 19.0
10733.0 1994.0 19.0
10733.0 2068.0 19.0
10739.0 2014.0 19.0
10749.0 2086.0 19.0
10777.0 2042.0 19.0
10807.0 2155.0 19.0
10837.0 2048.0 19.0
10853.0 2004.0 19.0
10855.0 2027.0 19.0
10881.0 2106.0 19.0
10885.0 2187.0 19.0
10891.0 2073.0 19.0
10937.0 2116.0 19.0
10949.0 2019.0 19.0
10969.0 2053.0 19.0
10989.0 2139.0 19.0
10995.0 2195.0 19.0
10995.0 2083.0 19.0
11005.0 2097.0 19.0
11033.0 2022.0 19.0
11103.0 1973.0 19.0
11119.0 2188.0 19.0
11127.0 2046.0 19.0
11141.0 2139.0 19.0
11161.0 2084.0 19.0
11165.0 2090.0 19.0
11191.0 2035.0 19.0
11201.0 2079.0 19.0
11203.0 2140.0 19.0
11205.0 2046.0 19.0
11229.0 2026.0 19.0
11351.0 2157.0 19.0
11357.0 2100.0 19.0
11405.0 2105.0 19.0
11439.0 2049.0 19.0
11543.0 2136.0 19.0
11557.0 2184.0 19.0
11585.0 2104.0 19.0
11669.0 2107.0 19.0
11691.0 2103.0 19.0
11715.0 2150.0 19.0
11725.0 2078.0 19.0
11761.0 2153.0 19.0
11805.0 2092.0 19.0
11807.0 2159.0 19.0
11887.0 2087.0 19.0
11923.0 2164.0 19.0
12225.0 2187.0 19.0
12259.0 2147.0 19.0
