rev1.1
82247.0 16351.0 19.0
85033.0 16172.0 19.0
85269.0 16376.0 19.0
85373.0 16561.0 19.0
85517.0 16626.0 19.0
85861.0 16394.0 19.0
85917.0 16379.0 19.0
86027.0 16372.0 19.0
86567.0 16499.0 19.0
86805.0 16524.0 19.0
86975.0 16685.0 19.0
86987.0 16568.0 19.0
87523.0 16370.0 19.0
87617.0 16239.0 19.0
88103.0 16330.0 19.0
88151.0 16364.0 19.0
88195.0 16595.0 19.0
88377.0 16433.0 19.0
88421.0 16225.0 19.0
88461.0 16616.0 19.0
88593.0 16163.0 19.0
88723.0 16411.0 19.0
88845.0 16714.0 19.0
88849.0 16814.0 19.0
89071.0 16432.0 19.0
89071.0 16432.0 19.0
89175.0 16472.0 19.0
89287.0 16646.0 19.0
89299.0 16504.0 19.0
89357.0 16473.0 19.0
89391.0 16488.0 19.0
89395.0 16530.0 19.0
89397.0 16585.0 19.0
89565.0 16549.0 19.0
89703.0 16713.0 19.0
89711.0 16468.0 19.0
89811.0 16438.0 19.0
89957.0 16518.0 19.0
90067.0 16748.0 19.0
90201.0 16581.0 19.0
90239.0 16715.0 19.0
90253.0 16308.0 19.0
90435.0 16496.0 19.0
90461.0 16622.0 19.0
90475.0 16603.0 19.0
90597.0 16655.0 19.0
90613.0 16754.0 19.0
90731.0 16552.0 19.0
90917.0 16241.0 19.0
91027.0 16610.0 19.0
91029.0 16269.0 19.0
91259.0 16572.0 19.0
91311.0 16683.0 19.0
91489.0 16705.0 19.0
91521.0 16743.0 19.0
91779.0 16631.0 19.0
91941.0 16223.0 19.0
92171.0 16417.0 19.0
92307.0 16771.0 19.0
92313.0 16766.0 19.0
92347.0 16681.0 19.0
92409.0 16693.0 19.0
92681.0 16379.0 19.0
92913.0 16691.0 19.0
93119.0 16750.0 19.0
93303.0 16516.0 19.0
93433.0 16849.0 19.0
93543.0 16655.0 19.0
93569.0 16389.0 19.0
93787.0 16570.0 19.0
93973.0 16880.0 19.0
94237.0 16659.0 19.0
94283.0 16604.0 19.0
94297.0 16674.0 19.0
94341.0 16759.0 19.0
94351.0 16610.0 19.0
94455.0 16557.0 19.0
94937.0 16404.0 19.0
95065.0 16360.0 19.0
95147.0 16704.0 19.0
95203.0 16472.0 19.0
95285.0 16848.0 19.0
95375.0 16717.0 19.0
95787.0 16632.0 19.0
96017.0 16593.0 19.0
96723.0 16706.0 19.0
96891.0 16797.0 19.0
97121.0 16546.0 19.0
97319.0 16770.0 19.0
97335.0 16904.0 19.0
97343.0 16675.0 19.0
97381.0 16957.0 19.0
97511.0 16756.0 19.0
98383.0 16550.0 19.0
98493.0 16993.0 19.0
98513.0 16692.0 19.0
99243.0 16742.0 19.0
100017.0 16766.0 19.0
109143.0 17104.0 19.0
116329.0 17248.0 19.0
