rev1.1
967.0 220.0 10.292591572368517
1005.0 272.0 6.200270911419964
1017.0 234.0 11.390625000000098
1027.0 239.0 8.403865827724376
1031.0 245.0 11.39062500000008
1031.0 255.0 13.950609550694912
1047.0 246.0 8.403865827724424
1065.0 234.0 9.300406367129948
1065.0 250.0 11.390625000000078
1071.0 247.0 9.30040636713002
1077.0 240.0 11.390625000000087
1081.0 261.0 8.40386582772442
1083.0 280.0 8.403865827724404
1085.0 275.0 13.95060955069494
1087.0 260.0 9.300406367129977
1093.0 271.0 10.292591572368455
1099.0 251.0 7.593750000000085
1103.0 269.0 9.30040636712997
1107.0 272.0 9.300406367129959
1117.0 264.0 12.605798741586668
1119.0 239.0 13.950609550694924
1123.0 276.0 8.403865827724442
1127.0 279.0 9.300406367129998
1135.0 277.0 9.300406367129959
1145.0 288.0 11.390625000000176
1155.0 261.0 11.390625000000105
1161.0 271.0 7.593750000000094
1165.0 249.0 11.390625000000142
1165.0 279.0 8.403865827724397
1177.0 254.0 11.390625000000153
1177.0 273.0 11.390625000000151
1181.0 283.0 13.950609550695036
1183.0 255.0 13.950609550695036
1183.0 277.0 12.605798741586629
1187.0 289.0 8.40386582772442
1189.0 277.0 15.438887358552764
1201.0 298.0 10.292591572368497
1209.0 276.0 7.593750000000133
1209.0 293.0 17.08593750000018
1211.0 297.0 8.40386582772442
1215.0 252.0 9.30040636712998
1215.0 266.0 15.438887358552854
1229.0 279.0 11.390625000000142
1229.0 289.0 17.085937500000153
1229.0 269.0 15.438887358552854
1235.0 262.0 17.08593750000016
1237.0 293.0 13.95060955069505
1241.0 260.0 11.390625000000176
1245.0 284.0 15.438887358552796
1247.0 272.0 11.390625000000114
1253.0 250.0 9.300406367129993
1259.0 256.0 17.085937500000263
1259.0 258.0 11.390625000000187
1259.0 232.0 18.908698112379884
1271.0 305.0 8.403865827724438
1273.0 271.0 11.390625000000165
1273.0 282.0 12.605798741586634
1277.0 251.0 12.605798741586684
1283.0 260.0 15.438887358552806
1293.0 280.0 12.60579874158666
1297.0 301.0 9.300406367130032
1299.0 277.0 15.438887358552865
1307.0 287.0 15.438887358552838
1321.0 302.0 13.950609550695036
1327.0 266.0 12.605798741586629
1329.0 303.0 11.390625000000185
1333.0 267.0 12.605798741586675
1339.0 256.0 13.95060955069498
1341.0 279.0 17.08593750000021
1347.0 278.0 18.908698112379913
1359.0 289.0 19.0
1361.0 311.0 15.438887358552826
1363.0 277.0 19.0
1387.0 288.0 17.08593750000022
1391.0 278.0 10.292591572368538
1403.0 297.0 12.605798741586694
1411.0 282.0 19.0
1413.0 286.0 13.950609550695
1431.0 299.0 19.0
1441.0 298.0 17.0859375000004
1457.0 305.0 13.95060955069499
1467.0 314.0 17.085937500000117
1471.0 281.0 17.085937500000234
1487.0 307.0 15.438887358552815
1495.0 296.0 19.0
1507.0 270.0 13.950609550694994
1511.0 289.0 18.908698112380044
1521.0 286.0 19.0
1529.0 279.0 17.085937500000217
1537.0 286.0 17.08593750000021
1545.0 299.0 19.0
1563.0 269.0 15.438887358552755
1587.0 289.0 19.0
1603.0 311.0 15.438887358552874
1613.0 278.0 19.0
1629.0 271.0 18.90869811238006
1681.0 302.0 17.08593750000029
1687.0 277.0 19.0
1741.0 290.0 19.0
1791.0 270.0 18.90869811237995
