rev1.1
174313.0 32904.0 19.0
175225.0 32988.0 19.0
177235.0 32972.0 19.0
177361.0 32998.0 19.0
177559.0 33224.0 19.0
177973.0 32780.0 19.0
178681.0 32624.0 19.0
178797.0 33120.0 19.0
179231.0 33087.0 19.0
179649.0 32703.0 19.0
179725.0 33161.0 19.0
180409.0 33089.0 19.0
180443.0 32867.0 19.0
180783.0 33450.0 19.0
180907.0 33102.0 19.0
180953.0 32833.0 19.0
181113.0 33109.0 19.0
181225.0 33009.0 19.0
181353.0 33138.0 19.0
181635.0 33106.0 19.0
181733.0 33114.0 19.0
181815.0 33104.0 19.0
182213.0 32817.0 19.0
182357.0 33066.0 19.0
182549.0 33281.0 19.0
182587.0 32602.0 19.0
182713.0 33196.0 19.0
183131.0 33221.0 19.0
183311.0 33185.0 19.0
183357.0 33155.0 19.0
183475.0 33357.0 19.0
183511.0 33118.0 19.0
183647.0 33002.0 19.0
183879.0 32844.0 19.0
184013.0 33248.0 19.0
184061.0 33024.0 19.0
184235.0 33306.0 19.0
184925.0 33422.0 19.0
184991.0 33249.0 19.0
185205.0 33243.0 19.0
185207.0 33194.0 19.0
185491.0 33367.0 19.0
185521.0 33374.0 19.0
185541.0 33402.0 19.0
185667.0 33599.0 19.0
186105.0 33195.0 19.0
186177.0 33500.0 19.0
186395.0 33292.0 19.0
186571.0 33165.0 19.0
186687.0 33429.0 19.0
186729.0 33322.0 19.0
186919.0 33077.0 19.0
187213.0 33281.0 19.0
187361.0 33380.0 19.0
187649.0 33038.0 19.0
187657.0 33610.0 19.0
187731.0 32874.0 19.0
187791.0 32868.0 19.0
188029.0 33074.0 19.0
188147.0 33331.0 19.0
188157.0 33300.0 19.0
188315.0 33345.0 19.0
188377.0 33336.0 19.0
188487.0 33415.0 19.0
188687.0 33219.0 19.0
188753.0 33352.0 19.0
188835.0 33535.0 19.0
189047.0 33282.0 19.0
189101.0 33619.0 19.0
190315.0 33618.0 19.0
190483.0 33313.0 19.0
190657.0 33235.0 19.0
190743.0 33272.0 19.0
190903.0 33255.0 19.0
191157.0 33236.0 19.0
191169.0 33347.0 19.0
192625.0 33261.0 19.0
192713.0 33642.0 19.0
193255.0 33347.0 19.0
193449.0 33526.0 19.0
193705.0 33244.0 19.0
194095.0 33426.0 19.0
194311.0 33330.0 19.0
194877.0 33243.0 19.0
195129.0 33619.0 19.0
195487.0 33302.0 19.0
196167.0 33518.0 19.0
197149.0 33631.0 19.0
197365.0 32910.0 19.0
198133.0 33351.0 19.0
198459.0 33243.0 19.0
198619.0 33445.0 19.0
198849.0 33350.0 19.0
199341.0 33725.0 19.0
199631.0 33457.0 19.0
199677.0 33589.0 19.0
203597.0 33642.0 19.0
208671.0 33653.0 19.0
209261.0 33893.0 19.0
211059.0 33714.0 19.0
