rev1.1
356319.0 66206.0 19.0
358605.0 66553.0 19.0
359381.0 65407.0 19.0
360239.0 66155.0 19.0
360291.0 66081.0 19.0
362991.0 66399.0 19.0
365021.0 66144.0 19.0
365349.0 66263.0 19.0
365505.0 66126.0 19.0
365565.0 66064.0 19.0
366019.0 66057.0 19.0
366775.0 66442.0 19.0
366777.0 66109.0 19.0
366999.0 66096.0 19.0
367585.0 66459.0 19.0
368401.0 66808.0 19.0
369563.0 66027.0 19.0
369637.0 66504.0 19.0
369923.0 66691.0 19.0
370971.0 66112.0 19.0
371009.0 66287.0 19.0
371407.0 66271.0 19.0
371647.0 66341.0 19.0
372077.0 66755.0 19.0
372415.0 67169.0 19.0
372743.0 66479.0 19.0
372877.0 66518.0 19.0
373715.0 66977.0 19.0
374013.0 66423.0 19.0
374415.0 66813.0 19.0
374459.0 66488.0 19.0
374577.0 66195.0 19.0
374615.0 66283.0 19.0
374625.0 66297.0 19.0
375081.0 66710.0 19.0
375459.0 66367.0 19.0
376179.0 67095.0 19.0
376681.0 67389.0 19.0
376881.0 66489.0 19.0
377425.0 66355.0 19.0
378141.0 67004.0 19.0
378179.0 67195.0 19.0
378193.0 66751.0 19.0
378687.0 66344.0 19.0
379011.0 66492.0 19.0
379169.0 66411.0 19.0
379699.0 66619.0 19.0
380229.0 66590.0 19.0
380457.0 67253.0 19.0
380661.0 66530.0 19.0
381229.0 66958.0 19.0
382453.0 66649.0 19.0
382617.0 67250.0 19.0
382707.0 66612.0 19.0
383719.0 66722.0 19.0
384501.0 66368.0 19.0
386271.0 66353.0 19.0
386551.0 66369.0 19.0
387123.0 66267.0 19.0
387481.0 66719.0 19.0
387659.0 66696.0 19.0
387685.0 67158.0 19.0
388363.0 66862.0 19.0
388771.0 66641.0 19.0
388921.0 66739.0 19.0
389493.0 67143.0 19.0
389535.0 66402.0 19.0
390107.0 67096.0 19.0
390741.0 66596.0 19.0
391323.0 66807.0 19.0
391401.0 66922.0 19.0
392257.0 66804.0 19.0
393135.0 66855.0 19.0
393281.0 66258.0 19.0
393935.0 66903.0 19.0
394115.0 66966.0 19.0
394795.0 67110.0 19.0
395533.0 67297.0 19.0
396165.0 67500.0 19.0
396617.0 67533.0 19.0
396809.0 67062.0 19.0
397595.0 67328.0 19.0
397917.0 67164.0 19.0
399195.0 66990.0 19.0
399317.0 66813.0 19.0
399565.0 66948.0 19.0
399979.0 66704.0 19.0
400021.0 67016.0 19.0
400383.0 67176.0 19.0
400991.0 66979.0 19.0
401317.0 66984.0 19.0
402667.0 66691.0 19.0
403299.0 67457.0 19.0
403699.0 67134.0 19.0
404561.0 66630.0 19.0
404719.0 67453.0 19.0
414777.0 68057.0 19.0
415467.0 67328.0 19.0
416109.0 67695.0 19.0
424469.0 67064.0 19.0
