rev1.1
729589.0 132276.0 19.0
732203.0 132652.0 19.0
737817.0 132181.0 19.0
738783.0 132798.0 19.0
738821.0 132187.0 19.0
739057.0 133300.0 19.0
741331.0 132469.0 19.0
742333.0 132205.0 19.0
744509.0 132051.0 19.0
745953.0 133037.0 19.0
747399.0 132872.0 19.0
748091.0 133138.0 19.0
749983.0 133027.0 19.0
750537.0 133298.0 19.0
751343.0 132206.0 19.0
751719.0 132469.0 19.0
752477.0 133815.0 19.0
753135.0 133519.0 19.0
753143.0 132597.0 19.0
753147.0 132914.0 19.0
754137.0 132537.0 19.0
754235.0 133749.0 19.0
754583.0 133351.0 19.0
754977.0 132051.0 19.0
757513.0 132608.0 19.0
760023.0 133240.0 19.0
760487.0 133475.0 19.0
761489.0 132657.0 19.0
762237.0 133284.0 19.0
762577.0 132779.0 19.0
762597.0 132687.0 19.0
762937.0 132892.0 19.0
763429.0 133100.0 19.0
763991.0 132367.0 19.0
764453.0 133691.0 19.0
765897.0 133409.0 19.0
766055.0 132842.0 19.0
766435.0 132966.0 19.0
767639.0 133519.0 19.0
768381.0 133567.0 19.0
769561.0 133277.0 19.0
770157.0 132494.0 19.0
771283.0 133595.0 19.0
771303.0 132878.0 19.0
772047.0 133108.0 19.0
772249.0 132579.0 19.0
772787.0 132731.0 19.0
773315.0 133556.0 19.0
774093.0 134039.0 19.0
774581.0 133992.0 19.0
775093.0 133693.0 19.0
775205.0 133524.0 19.0
776365.0 133508.0 19.0
777165.0 134108.0 19.0
777551.0 134305.0 19.0
777977.0 133145.0 19.0
778041.0 133926.0 19.0
779577.0 133410.0 19.0
779721.0 133251.0 19.0
779829.0 133312.0 19.0
779975.0 133456.0 19.0
781335.0 133250.0 19.0
781337.0 132972.0 19.0
781391.0 134095.0 19.0
781979.0 133359.0 19.0
782809.0 133703.0 19.0
783925.0 133998.0 19.0
786105.0 134408.0 19.0
786553.0 133159.0 19.0
786717.0 133618.0 19.0
787203.0 134315.0 19.0
787721.0 134382.0 19.0
787829.0 134112.0 19.0
788823.0 133784.0 19.0
790163.0 134751.0 19.0
790669.0 134243.0 19.0
790923.0 134076.0 19.0
791699.0 134377.0 19.0
791705.0 134390.0 19.0
794075.0 134061.0 19.0
794357.0 134259.0 19.0
795447.0 133839.0 19.0
796159.0 133824.0 19.0
797757.0 134382.0 19.0
802137.0 134565.0 19.0
803067.0 134324.0 19.0
805423.0 134310.0 19.0
807661.0 133755.0 19.0
809539.0 134086.0 19.0
809737.0 134425.0 19.0
810235.0 134853.0 19.0
813069.0 134431.0 19.0
821099.0 134343.0 19.0
827433.0 134966.0 19.0
827625.0 134673.0 19.0
838313.0 135190.0 19.0
841707.0 135109.0 19.0
853889.0 135717.0 19.0
866763.0 136435.0 19.0
879859.0 137401.0 19.0
