rev1.1
912445.0 166095.0 19.0
918207.0 167109.0 19.0
921923.0 168267.0 19.0
930233.0 166545.0 19.0
935699.0 167909.0 19.0
944713.0 167026.0 19.0
946541.0 167802.0 19.0
946841.0 167418.0 19.0
947275.0 168656.0 19.0
950493.0 169740.0 19.0
952305.0 168687.0 19.0
952657.0 167758.0 19.0
956053.0 169274.0 19.0
959425.0 167706.0 19.0
962329.0 168442.0 19.0
962419.0 169357.0 19.0
966741.0 169399.0 19.0
966977.0 167839.0 19.0
973187.0 168462.0 19.0
974235.0 167442.0 19.0
977273.0 168581.0 19.0
978179.0 168745.0 19.0
978323.0 168907.0 19.0
980393.0 168545.0 19.0
981685.0 168670.0 19.0
983401.0 168224.0 19.0
984781.0 168236.0 19.0
986055.0 168806.0 19.0
986133.0 169984.0 19.0
986731.0 167562.0 19.0
991501.0 168654.0 19.0
992369.0 169386.0 19.0
992567.0 169688.0 19.0
992659.0 168488.0 19.0
994927.0 169693.0 19.0
995749.0 168668.0 19.0
997757.0 169560.0 19.0
1000187.0 168687.0 19.0
1000493.0 169805.0 19.0
1000795.0 169005.0 19.0
1002175.0 170114.0 19.0
1003767.0 169274.0 19.0
1004425.0 169101.0 19.0
1004497.0 169851.0 19.0
1008967.0 170260.0 19.0
1009663.0 169132.0 19.0
1010139.0 170178.0 19.0
1010551.0 169148.0 19.0
1011475.0 169082.0 19.0
1011735.0 169276.0 19.0
1011965.0 169195.0 19.0
1012937.0 168842.0 19.0
1015133.0 170350.0 19.0
1015357.0 169749.0 19.0
1015835.0 169938.0 19.0
1020969.0 169989.0 19.0
1021831.0 168870.0 19.0
1027331.0 169357.0 19.0
1028587.0 169370.0 19.0
1029723.0 170537.0 19.0
1030413.0 168487.0 19.0
1030951.0 171211.0 19.0
1035561.0 169781.0 19.0
1036453.0 169685.0 19.0
1037421.0 168798.0 19.0
1041221.0 170522.0 19.0
1042025.0 170787.0 19.0
1042029.0 171474.0 19.0
1042829.0 170499.0 19.0
1044103.0 170188.0 19.0
1053287.0 170158.0 19.0
1053499.0 169422.0 19.0
1057225.0 170910.0 19.0
1058093.0 171997.0 19.0
1062591.0 170355.0 19.0
1063249.0 171371.0 19.0
1063827.0 171294.0 19.0
1065193.0 171570.0 19.0
1066335.0 170196.0 19.0
1067161.0 171349.0 19.0
1075641.0 170432.0 19.0
1076971.0 170105.0 19.0
1077791.0 170699.0 19.0
1081945.0 171308.0 19.0
1083971.0 170396.0 19.0
1085267.0 172168.0 19.0
1087919.0 172397.0 19.0
1092455.0 170976.0 19.0
1093339.0 170899.0 19.0
1104101.0 173145.0 19.0
1107119.0 172684.0 19.0
1115849.0 172280.0 19.0
1131993.0 172143.0 19.0
1142227.0 172491.0 19.0
1161635.0 173413.0 19.0
1174781.0 174025.0 19.0
1178261.0 173428.0 19.0
1179015.0 174689.0 19.0
1188767.0 172829.0 19.0
1241895.0 175071.0 19.0
