rev1.1
2477.0 580.0 11.390625000000195
2659.0 630.0 13.950609550695068
2705.0 649.0 9.300406367130039
2801.0 641.0 9.30040636713015
2813.0 684.0 11.390625000000142
2857.0 661.0 15.438887358552876
2903.0 645.0 17.0859375000004
2959.0 694.0 18.908698112380183
2969.0 631.0 10.292591572368663
2977.0 704.0 13.950609550695239
3003.0 699.0 12.605798741586728
3029.0 626.0 19.0
3037.0 705.0 12.605798741586913
3037.0 581.0 19.0
3069.0 738.0 15.438887358552986
3077.0 662.0 19.0
3087.0 652.0 12.605798741586707
3087.0 713.0 19.0
3111.0 645.0 19.0
3125.0 670.0 19.0
3127.0 720.0 12.605798741586787
3127.0 761.0 9.300406367130071
3151.0 712.0 18.908698112380403
3151.0 649.0 19.0
3155.0 720.0 12.605798741586959
3163.0 670.0 18.908698112380403
3213.0 631.0 19.0
3213.0 690.0 19.0
3229.0 688.0 19.0
3235.0 783.0 15.438887358553187
3249.0 680.0 18.908698112380183
3289.0 655.0 19.0
3345.0 683.0 19.0
3365.0 734.0 19.0
3367.0 729.0 18.90869811238034
3397.0 659.0 19.0
3403.0 730.0 19.0
3437.0 684.0 18.90869811238023
3451.0 776.0 17.085937500000682
3465.0 686.0 19.0
3473.0 683.0 19.0
3485.0 652.0 19.0
3503.0 724.0 19.0
3507.0 737.0 13.95060955069522
3515.0 633.0 19.0
3519.0 609.0 19.0
3539.0 624.0 19.0
3549.0 689.0 19.0
3587.0 715.0 19.0
3591.0 701.0 19.0
3593.0 692.0 19.0
3593.0 650.0 19.0
3599.0 647.0 19.0
3611.0 683.0 15.438887358552872
3615.0 748.0 19.0
3625.0 647.0 19.0
3639.0 754.0 19.0
3653.0 675.0 19.0
3669.0 730.0 19.0
3679.0 720.0 19.0
3689.0 644.0 19.0
3707.0 721.0 19.0
3725.0 797.0 19.0
3731.0 745.0 19.0
3751.0 745.0 19.0
3807.0 741.0 19.0
3843.0 721.0 19.0
3861.0 781.0 19.0
3911.0 640.0 19.0
3923.0 788.0 12.605798741586648
3925.0 831.0 19.0
3929.0 659.0 19.0
3931.0 719.0 19.0
3939.0 704.0 19.0
3943.0 694.0 19.0
3943.0 785.0 18.908698112380108
3961.0 694.0 19.0
3975.0 696.0 19.0
3983.0 758.0 19.0
4003.0 699.0 19.0
4077.0 727.0 19.0
4095.0 725.0 19.0
4167.0 772.0 19.0
4191.0 694.0 19.0
4217.0 754.0 19.0
4295.0 714.0 19.0
4389.0 771.0 19.0
4403.0 766.0 19.0
4411.0 656.0 19.0
4415.0 722.0 19.0
4485.0 730.0 19.0
4615.0 778.0 19.0
4659.0 775.0 19.0
4707.0 766.0 19.0
4787.0 788.0 19.0
4887.0 663.0 19.0
4919.0 806.0 19.0
5209.0 793.0 19.0
5245.0 755.0 19.0
5293.0 718.0 19.0
