rev1.1
447223.0 82736.0 19.0
450923.0 84229.0 19.0
454787.0 84204.0 19.0
455187.0 83492.0 19.0
456223.0 82956.0 19.0
460789.0 83545.0 19.0
462681.0 83692.0 19.0
464575.0 84379.0 19.0
465607.0 84190.0 19.0
467229.0 83949.0 19.0
468755.0 84665.0 19.0
469481.0 84442.0 19.0
469825.0 84488.0 19.0
470511.0 83798.0 19.0
471057.0 83842.0 19.0
472801.0 83885.0 19.0
473099.0 83447.0 19.0
474201.0 84212.0 19.0
474975.0 84393.0 19.0
476543.0 84534.0 19.0
477641.0 83789.0 19.0
478139.0 85597.0 19.0
478825.0 84997.0 19.0
479129.0 84989.0 19.0
481491.0 84218.0 19.0
481917.0 83846.0 19.0
482341.0 84090.0 19.0
482591.0 84514.0 19.0
483321.0 83829.0 19.0
484251.0 84938.0 19.0
485123.0 84361.0 19.0
487103.0 84969.0 19.0
487991.0 84716.0 19.0
488803.0 85310.0 19.0
490167.0 85213.0 19.0
490405.0 85129.0 19.0
491473.0 85892.0 19.0
495083.0 84824.0 19.0
495113.0 84287.0 19.0
495283.0 85253.0 19.0
496187.0 84541.0 19.0
496705.0 84153.0 19.0
497033.0 85747.0 19.0
498413.0 84438.0 19.0
499229.0 83791.0 19.0
499671.0 84787.0 19.0
499755.0 85161.0 19.0
500103.0 85359.0 19.0
500521.0 84626.0 19.0
500829.0 84761.0 19.0
502085.0 85249.0 19.0
503259.0 85178.0 19.0
503815.0 85732.0 19.0
504003.0 84525.0 19.0
504059.0 85257.0 19.0
504163.0 84652.0 19.0
505837.0 85357.0 19.0
506405.0 84578.0 19.0
507379.0 84960.0 19.0
507419.0 84668.0 19.0
507525.0 84629.0 19.0
507677.0 84837.0 19.0
508139.0 84669.0 19.0
508379.0 85663.0 19.0
510803.0 85862.0 19.0
512377.0 84901.0 19.0
515125.0 84263.0 19.0
522235.0 85576.0 19.0
522983.0 85688.0 19.0
523435.0 85640.0 19.0
524053.0 86692.0 19.0
524301.0 85225.0 19.0
525777.0 85882.0 19.0
526999.0 85176.0 19.0
527195.0 84839.0 19.0
530917.0 86478.0 19.0
531429.0 85937.0 19.0
533869.0 85850.0 19.0
534503.0 86984.0 19.0
535569.0 85952.0 19.0
538915.0 85812.0 19.0
548489.0 85758.0 19.0
549383.0 87064.0 19.0
551061.0 86443.0 19.0
551441.0 86144.0 19.0
551537.0 85834.0 19.0
552599.0 85872.0 19.0
559323.0 86661.0 19.0
563135.0 86799.0 19.0
563627.0 86962.0 19.0
565157.0 86650.0 19.0
582733.0 88404.0 19.0
583105.0 86689.0 19.0
586719.0 87120.0 19.0
594431.0 86694.0 19.0
624923.0 88756.0 19.0
650705.0 88605.0 19.0
673187.0 89984.0 19.0
676937.0 90109.0 19.0
730809.0 90338.0 19.0
