rev1.1
5683.0 1312.0 19.0
5989.0 1341.0 18.90869811238009
6097.0 1317.0 17.08593750000091
6145.0 1424.0 18.908698112380755
6203.0 1272.0 19.0
6209.0 1215.0 19.0
6213.0 1234.0 19.0
6249.0 1314.0 19.0
6255.0 1323.0 19.0
6317.0 1265.0 19.0
6335.0 1362.0 19.0
6369.0 1349.0 19.0
6381.0 1376.0 19.0
6387.0 1303.0 19.0
6409.0 1371.0 17.085937500000952
6497.0 1443.0 19.0
6509.0 1293.0 19.0
6533.0 1363.0 19.0
6549.0 1367.0 19.0
6615.0 1416.0 19.0
6643.0 1306.0 19.0
6657.0 1301.0 19.0
6685.0 1467.0 17.085937500000764
6695.0 1330.0 19.0
6753.0 1385.0 19.0
6773.0 1326.0 19.0
6889.0 1284.0 19.0
6907.0 1402.0 19.0
6927.0 1219.0 19.0
6937.0 1458.0 19.0
6953.0 1351.0 19.0
7003.0 1353.0 19.0
7009.0 1402.0 19.0
7023.0 1332.0 19.0
7031.0 1399.0 19.0
7059.0 1295.0 19.0
7083.0 1395.0 19.0
7099.0 1388.0 19.0
7105.0 1532.0 19.0
7121.0 1406.0 19.0
7135.0 1320.0 19.0
7143.0 1353.0 19.0
7171.0 1279.0 19.0
7173.0 1437.0 19.0
7189.0 1439.0 19.0
7207.0 1321.0 19.0
7209.0 1459.0 19.0
7227.0 1338.0 19.0
7277.0 1345.0 19.0
7303.0 1410.0 19.0
7311.0 1334.0 19.0
7335.0 1358.0 19.0
7347.0 1361.0 19.0
7347.0 1292.0 19.0
7349.0 1317.0 19.0
7377.0 1320.0 19.0
7379.0 1336.0 19.0
7391.0 1360.0 19.0
7407.0 1260.0 19.0
7415.0 1391.0 19.0
7417.0 1376.0 19.0
7443.0 1351.0 19.0
7455.0 1467.0 19.0
7507.0 1521.0 19.0
7533.0 1483.0 19.0
7535.0 1417.0 19.0
7571.0 1326.0 19.0
7615.0 1319.0 19.0
7649.0 1346.0 19.0
7667.0 1411.0 19.0
7673.0 1453.0 19.0
7711.0 1407.0 19.0
7723.0 1442.0 19.0
7753.0 1513.0 19.0
7773.0 1450.0 19.0
7815.0 1440.0 19.0
7821.0 1401.0 19.0
7847.0 1455.0 19.0
7895.0 1336.0 19.0
8001.0 1433.0 19.0
8009.0 1327.0 19.0
8013.0 1402.0 19.0
8131.0 1572.0 19.0
8241.0 1509.0 19.0
8269.0 1397.0 19.0
8341.0 1553.0 19.0
8369.0 1390.0 19.0
8429.0 1471.0 19.0
8503.0 1417.0 19.0
8517.0 1461.0 19.0
8527.0 1313.0 19.0
8543.0 1419.0 19.0
8627.0 1392.0 19.0
8699.0 1526.0 19.0
8803.0 1397.0 19.0
8989.0 1419.0 19.0
9141.0 1390.0 19.0
9287.0 1412.0 19.0
9473.0 1400.0 19.0
9651.0 1526.0 19.0
