rev1.1
1061.0 237.0 11.390625000000151
1087.0 272.0 10.29259157236846
1119.0 270.0 10.292591572368512
1137.0 290.0 9.300406367129995
1215.0 334.0 8.403865827724452
1285.0 323.0 10.292591572368563
1293.0 325.0 11.390625000000167
1309.0 303.0 13.950609550695072
1375.0 390.0 7.593750000000061
1387.0 297.0 10.29259157236852
1393.0 297.0 12.605798741586675
1443.0 322.0 10.292591572368458
1453.0 337.0 15.438887358552705
1463.0 382.0 7.593750000000178
1465.0 351.0 6.8617277149123606
1473.0 333.0 11.390625000000151
1473.0 344.0 12.60579874158664
1491.0 278.0 12.605798741586717
1499.0 335.0 12.605798741586732
1503.0 353.0 9.300406367129996
1505.0 375.0 12.605798741586655
1521.0 369.0 15.438887358552748
1523.0 350.0 9.300406367130018
1525.0 386.0 7.593750000000106
1525.0 361.0 10.292591572368655
1533.0 371.0 17.085937500000185
1535.0 325.0 13.950609550695034
1537.0 364.0 13.950609550695123
1549.0 325.0 12.605798741586622
1551.0 333.0 17.0859375000004
1567.0 337.0 13.95060955069495
1567.0 356.0 11.390625000000174
1571.0 370.0 9.300406367130085
1575.0 356.0 19.0
1577.0 350.0 17.085937500000348
1599.0 389.0 12.605798741586591
1605.0 370.0 11.390625000000222
1621.0 352.0 11.390625000000151
1623.0 316.0 19.0
1633.0 361.0 10.292591572368472
1645.0 388.0 15.438887358552744
1647.0 326.0 13.950609550695114
1655.0 346.0 19.0
1655.0 301.0 19.0
1663.0 360.0 19.0
1675.0 397.0 13.950609550694937
1677.0 405.0 19.0
1681.0 351.0 11.39062500000016
1691.0 355.0 17.08593750000022
1707.0 390.0 12.605798741586687
1727.0 333.0 15.438887358552806
1737.0 376.0 15.438887358552936
1739.0 351.0 10.292591572368634
1741.0 378.0 13.95060955069499
1751.0 432.0 12.60579874158661
1757.0 367.0 15.438887358552918
1765.0 352.0 13.950609550695008
1767.0 382.0 18.9086981123802
1769.0 340.0 10.292591572368483
1771.0 331.0 19.0
1771.0 340.0 18.90869811238001
1775.0 395.0 12.605798741586666
1779.0 415.0 13.950609550695075
1781.0 377.0 18.908698112380176
1783.0 313.0 19.0
1789.0 396.0 11.3906250000001
1797.0 391.0 17.085937500000256
1811.0 404.0 9.30040636713013
1819.0 374.0 9.300406367129973
1823.0 341.0 18.908698112379955
1825.0 324.0 19.0
1855.0 370.0 17.085937500000366
1897.0 394.0 11.390625000000272
1897.0 385.0 19.0
1911.0 420.0 8.403865827724552
1935.0 365.0 19.0
1945.0 379.0 19.0
1961.0 390.0 13.950609550695212
1971.0 325.0 19.0
1989.0 409.0 19.0
1991.0 363.0 19.0
2003.0 259.0 19.0
2031.0 384.0 19.0
2073.0 445.0 12.605798741586693
2099.0 354.0 19.0
2127.0 366.0 19.0
2185.0 408.0 19.0
2197.0 392.0 19.0
2235.0 441.0 19.0
2257.0 377.0 19.0
2261.0 380.0 19.0
2271.0 378.0 19.0
2383.0 364.0 19.0
2431.0 423.0 19.0
2591.0 389.0 19.0
2609.0 428.0 19.0
2615.0 453.0 19.0
2667.0 420.0 19.0
2837.0 436.0 17.08593750000021
3349.0 452.0 19.0
