rev1.1
51575.0 10485.0 19.0
52849.0 10548.0 19.0
53269.0 10443.0 19.0
53429.0 10475.0 19.0
53499.0 10669.0 19.0
53903.0 10272.0 19.0
54001.0 10588.0 19.0
54021.0 10897.0 19.0
54067.0 10490.0 19.0
54849.0 10539.0 19.0
55253.0 10629.0 19.0
55275.0 10502.0 19.0
55403.0 10736.0 19.0
55563.0 10620.0 19.0
55617.0 10524.0 19.0
55707.0 10459.0 19.0
55875.0 10773.0 19.0
56033.0 10694.0 19.0
56143.0 10422.0 19.0
56143.0 10688.0 19.0
56385.0 10384.0 19.0
56505.0 10430.0 19.0
56553.0 10564.0 19.0
57177.0 10403.0 19.0
57197.0 10496.0 19.0
57257.0 10409.0 19.0
57343.0 10604.0 19.0
57645.0 10669.0 19.0
57699.0 10456.0 19.0
57707.0 10787.0 19.0
57827.0 10634.0 19.0
57887.0 10476.0 19.0
58137.0 10719.0 19.0
58163.0 10749.0 19.0
58283.0 10861.0 19.0
58395.0 11054.0 19.0
58485.0 10801.0 19.0
58567.0 10726.0 19.0
58711.0 10660.0 19.0
58727.0 10840.0 19.0
58735.0 10683.0 19.0
58821.0 10771.0 19.0
59023.0 10663.0 19.0
59067.0 10842.0 19.0
59105.0 10708.0 19.0
59551.0 11004.0 19.0
59825.0 10789.0 19.0
60021.0 10599.0 19.0
60227.0 10914.0 19.0
60259.0 10415.0 19.0
60441.0 10706.0 19.0
60581.0 10583.0 19.0
60583.0 10742.0 19.0
60825.0 10548.0 19.0
61045.0 10564.0 19.0
61055.0 10385.0 19.0
61067.0 10606.0 19.0
61307.0 10819.0 19.0
61345.0 10756.0 19.0
61659.0 10768.0 19.0
62105.0 10934.0 19.0
62327.0 10705.0 19.0
62373.0 10938.0 19.0
62691.0 10802.0 19.0
62963.0 10976.0 19.0
62991.0 10969.0 19.0
63193.0 10766.0 19.0
63235.0 10910.0 19.0
63303.0 10569.0 19.0
63351.0 11174.0 19.0
63367.0 10955.0 19.0
63377.0 10679.0 19.0
63459.0 11169.0 19.0
63625.0 10788.0 19.0
63655.0 10703.0 19.0
63773.0 10875.0 19.0
64317.0 11031.0 19.0
64667.0 11034.0 19.0
65117.0 10250.0 19.0
65411.0 10779.0 19.0
65579.0 10598.0 19.0
66007.0 11165.0 19.0
66027.0 10518.0 19.0
66119.0 10898.0 19.0
66143.0 11002.0 19.0
66663.0 11029.0 19.0
66829.0 11056.0 19.0
67113.0 10888.0 19.0
67651.0 10875.0 19.0
67651.0 11009.0 19.0
67701.0 10680.0 19.0
67783.0 10566.0 19.0
67919.0 10995.0 19.0
68511.0 11052.0 19.0
69173.0 10817.0 19.0
69341.0 10969.0 19.0
69563.0 11072.0 19.0
70959.0 10835.0 19.0
77703.0 11306.0 19.0
88569.0 11829.0 19.0
