rev1.1
25049.0 5041.0 19.0
25147.0 5320.0 19.0
25475.0 5276.0 19.0
25669.0 5281.0 19.0
26005.0 5172.0 19.0
26191.0 5306.0 19.0
26267.0 5323.0 19.0
26359.0 5390.0 19.0
26411.0 5140.0 19.0
26655.0 5248.0 19.0
26701.0 5530.0 19.0
26811.0 5053.0 19.0
26959.0 5260.0 19.0
26977.0 5161.0 19.0
27105.0 5479.0 19.0
27313.0 5337.0 19.0
27357.0 5321.0 19.0
27373.0 5188.0 19.0
27437.0 5156.0 19.0
27451.0 5250.0 19.0
27535.0 5495.0 19.0
27537.0 5406.0 19.0
27611.0 5442.0 19.0
27695.0 5326.0 19.0
27713.0 5348.0 19.0
27759.0 5393.0 19.0
27777.0 5311.0 19.0
27831.0 5204.0 19.0
27927.0 5272.0 19.0
27983.0 5483.0 19.0
28031.0 5452.0 19.0
28195.0 5335.0 19.0
28229.0 5358.0 19.0
28249.0 5648.0 19.0
28307.0 5206.0 19.0
28325.0 5413.0 19.0
28355.0 5167.0 19.0
28373.0 5387.0 19.0
28455.0 5356.0 19.0
28457.0 5404.0 19.0
28617.0 5231.0 19.0
28639.0 5535.0 19.0
28707.0 5213.0 19.0
28749.0 5263.0 19.0
28761.0 5367.0 19.0
28911.0 5302.0 19.0
29055.0 5477.0 19.0
29273.0 5381.0 19.0
29305.0 5350.0 19.0
29311.0 5515.0 19.0
29395.0 5427.0 19.0
29419.0 5459.0 19.0
29573.0 5272.0 19.0
29655.0 5636.0 19.0
29695.0 5529.0 19.0
29739.0 5519.0 19.0
29755.0 5388.0 19.0
29903.0 5562.0 19.0
30065.0 5340.0 19.0
30145.0 5462.0 19.0
30347.0 5680.0 19.0
30609.0 5339.0 19.0
30683.0 5202.0 19.0
30803.0 5460.0 19.0
30845.0 5592.0 19.0
30957.0 5321.0 19.0
31035.0 5169.0 19.0
31069.0 5334.0 19.0
31097.0 5506.0 19.0
31395.0 5479.0 19.0
31581.0 5577.0 19.0
31603.0 5596.0 19.0
31673.0 5454.0 19.0
32209.0 5444.0 19.0
32357.0 5668.0 19.0
32557.0 5555.0 19.0
32559.0 5556.0 19.0
32579.0 5401.0 19.0
32879.0 5515.0 19.0
32987.0 5454.0 19.0
33109.0 5622.0 19.0
33113.0 5545.0 19.0
33309.0 5337.0 19.0
33487.0 5540.0 19.0
33599.0 5754.0 19.0
33629.0 5633.0 19.0
33697.0 5598.0 19.0
33909.0 5669.0 19.0
34003.0 5588.0 19.0
34417.0 5667.0 19.0
34423.0 5435.0 19.0
34667.0 5353.0 19.0
34803.0 5509.0 19.0
34815.0 5331.0 19.0
34973.0 5471.0 19.0
35693.0 5489.0 19.0
35711.0 5502.0 19.0
35947.0 5645.0 19.0
35949.0 5658.0 19.0
36973.0 5627.0 19.0
