rev1.1
218565.0 41626.0 19.0
219747.0 41744.0 19.0
221277.0 42086.0 19.0
222295.0 41821.0 19.0
223625.0 42047.0 19.0
225015.0 41708.0 19.0
225523.0 41984.0 19.0
225571.0 42566.0 19.0
225697.0 42201.0 19.0
226147.0 41761.0 19.0
226947.0 41747.0 19.0
227133.0 42017.0 19.0
228515.0 42175.0 19.0
228903.0 42485.0 19.0
229325.0 42126.0 19.0
230701.0 42651.0 19.0
231023.0 42957.0 19.0
231463.0 42628.0 19.0
231655.0 42445.0 19.0
231671.0 42298.0 19.0
232225.0 42123.0 19.0
232333.0 42986.0 19.0
232449.0 42854.0 19.0
232647.0 42008.0 19.0
232881.0 42370.0 19.0
233373.0 42020.0 19.0
234175.0 42288.0 19.0
234273.0 41972.0 19.0
234873.0 41936.0 19.0
236185.0 42230.0 19.0
236385.0 42257.0 19.0
236683.0 41669.0 19.0
237049.0 42623.0 19.0
237089.0 41961.0 19.0
237211.0 42747.0 19.0
237241.0 42631.0 19.0
237791.0 41933.0 19.0
238417.0 42494.0 19.0
238705.0 41993.0 19.0
239335.0 42041.0 19.0
240057.0 42807.0 19.0
241277.0 42754.0 19.0
241899.0 42202.0 19.0
242191.0 42168.0 19.0
242451.0 42527.0 19.0
242453.0 42437.0 19.0
242495.0 42426.0 19.0
242651.0 42042.0 19.0
242659.0 42706.0 19.0
243161.0 42869.0 19.0
243959.0 42728.0 19.0
244075.0 42650.0 19.0
245331.0 42423.0 19.0
245879.0 43038.0 19.0
246189.0 43173.0 19.0
246255.0 43132.0 19.0
246267.0 42199.0 19.0
246809.0 42429.0 19.0
247155.0 42115.0 19.0
247615.0 43421.0 19.0
248427.0 42871.0 19.0
248773.0 42681.0 19.0
249249.0 42826.0 19.0
249363.0 42911.0 19.0
249429.0 42506.0 19.0
249461.0 42282.0 19.0
250037.0 42665.0 19.0
250513.0 42667.0 19.0
251429.0 42463.0 19.0
251799.0 42642.0 19.0
251865.0 42931.0 19.0
251895.0 42403.0 19.0
251953.0 42246.0 19.0
252155.0 43018.0 19.0
252241.0 42168.0 19.0
252665.0 42270.0 19.0
252703.0 42460.0 19.0
252887.0 43406.0 19.0
253393.0 43487.0 19.0
253865.0 42351.0 19.0
254383.0 42880.0 19.0
254501.0 43257.0 19.0
254795.0 43283.0 19.0
255353.0 43005.0 19.0
256299.0 42402.0 19.0
256575.0 42857.0 19.0
256841.0 42501.0 19.0
257263.0 43159.0 19.0
257915.0 43395.0 19.0
258581.0 43547.0 19.0
258779.0 43227.0 19.0
261705.0 42598.0 19.0
262813.0 42709.0 19.0
265809.0 43119.0 19.0
268917.0 43404.0 19.0
274429.0 43517.0 19.0
283067.0 44248.0 19.0
284821.0 43349.0 19.0
291501.0 44050.0 19.0
292085.0 44592.0 19.0
