rev1.1
102981.0 20506.0 19.0
106865.0 20747.0 19.0
107703.0 21250.0 19.0
108277.0 21084.0 19.0
108779.0 20786.0 19.0
109127.0 21179.0 19.0
109663.0 20854.0 19.0
110345.0 21079.0 19.0
110975.0 20633.0 19.0
111569.0 20983.0 19.0
111653.0 20884.0 19.0
112003.0 21766.0 19.0
112061.0 21123.0 19.0
112141.0 20627.0 19.0
112465.0 20931.0 19.0
113025.0 20677.0 19.0
113081.0 21184.0 19.0
113225.0 21323.0 19.0
113461.0 21400.0 19.0
113519.0 21149.0 19.0
114043.0 21304.0 19.0
114319.0 21400.0 19.0
114507.0 21326.0 19.0
114611.0 21100.0 19.0
114987.0 21042.0 19.0
115021.0 21040.0 19.0
115117.0 21725.0 19.0
115271.0 21503.0 19.0
115429.0 21071.0 19.0
115483.0 20640.0 19.0
115601.0 21393.0 19.0
115669.0 21351.0 19.0
115809.0 20885.0 19.0
115819.0 21101.0 19.0
116483.0 21268.0 19.0
116707.0 21440.0 19.0
117005.0 21007.0 19.0
117159.0 21799.0 19.0
117753.0 21367.0 19.0
118045.0 21311.0 19.0
118187.0 21435.0 19.0
118399.0 21151.0 19.0
118631.0 20950.0 19.0
118747.0 21754.0 19.0
118977.0 21325.0 19.0
119115.0 21152.0 19.0
119545.0 21662.0 19.0
119957.0 21306.0 19.0
120567.0 21113.0 19.0
120777.0 21530.0 19.0
120777.0 21469.0 19.0
121003.0 21487.0 19.0
121267.0 21524.0 19.0
121297.0 21532.0 19.0
121337.0 21791.0 19.0
121347.0 21292.0 19.0
121469.0 21345.0 19.0
121579.0 21207.0 19.0
121709.0 21957.0 19.0
121895.0 21346.0 19.0
121971.0 21424.0 19.0
122149.0 21364.0 19.0
122151.0 21314.0 19.0
122255.0 21087.0 19.0
122287.0 21195.0 19.0
122541.0 21304.0 19.0
122619.0 22031.0 19.0
123057.0 21282.0 19.0
123067.0 21482.0 19.0
123119.0 21161.0 19.0
123385.0 21847.0 19.0
123433.0 21820.0 19.0
125425.0 21353.0 19.0
125489.0 21179.0 19.0
125697.0 20792.0 19.0
125893.0 21427.0 19.0
126271.0 21723.0 19.0
126293.0 21609.0 19.0
126601.0 21746.0 19.0
126669.0 21371.0 19.0
126789.0 21193.0 19.0
126877.0 21612.0 19.0
127019.0 21034.0 19.0
128061.0 21761.0 19.0
128255.0 22113.0 19.0
128457.0 21464.0 19.0
128673.0 21109.0 19.0
128871.0 21647.0 19.0
129431.0 21233.0 19.0
130053.0 21457.0 19.0
130169.0 21664.0 19.0
131169.0 21559.0 19.0
131639.0 21860.0 19.0
131639.0 21278.0 19.0
133711.0 21247.0 19.0
134427.0 21896.0 19.0
136471.0 22491.0 19.0
137033.0 21879.0 19.0
141977.0 22013.0 19.0
143693.0 22079.0 19.0
