rev1.1
12397.0 2767.0 19.0
12503.0 2621.0 19.0
12545.0 2817.0 19.0
12665.0 2412.0 19.0
12865.0 2637.0 19.0
12911.0 2649.0 19.0
12929.0 2634.0 19.0
12939.0 2688.0 19.0
12965.0 2624.0 19.0
12997.0 2649.0 19.0
13063.0 2634.0 19.0
13091.0 2550.0 19.0
13097.0 2703.0 19.0
13249.0 2691.0 19.0
13295.0 2611.0 19.0
13319.0 2690.0 19.0
13345.0 2555.0 19.0
13347.0 2613.0 19.0
13377.0 2771.0 19.0
13411.0 2685.0 19.0
13463.0 2804.0 19.0
13551.0 2758.0 19.0
13559.0 2819.0 19.0
13593.0 2639.0 19.0
13615.0 2677.0 19.0
13655.0 2629.0 19.0
13677.0 2856.0 19.0
13695.0 2626.0 19.0
13729.0 2817.0 19.0
13747.0 2771.0 19.0
13749.0 2706.0 19.0
13777.0 2772.0 19.0
13781.0 2736.0 19.0
13825.0 2505.0 19.0
13825.0 2591.0 19.0
13833.0 2726.0 19.0
13953.0 2629.0 19.0
13969.0 2593.0 19.0
14009.0 2614.0 19.0
14009.0 2732.0 19.0
14069.0 2605.0 19.0
14139.0 2600.0 19.0
14279.0 2966.0 19.0
14287.0 2912.0 19.0
14309.0 2685.0 19.0
14315.0 2611.0 19.0
14325.0 2809.0 19.0
14341.0 2753.0 19.0
14359.0 2696.0 19.0
14383.0 2854.0 19.0
14477.0 2726.0 19.0
14489.0 2720.0 19.0
14503.0 2775.0 19.0
14503.0 2603.0 19.0
14537.0 2702.0 19.0
14555.0 2762.0 19.0
14563.0 2704.0 19.0
14609.0 2825.0 19.0
14615.0 2537.0 19.0
14681.0 2793.0 19.0
14787.0 2570.0 19.0
14819.0 2712.0 19.0
14821.0 2872.0 19.0
14849.0 2807.0 19.0
14865.0 2794.0 19.0
14871.0 2560.0 19.0
14885.0 2623.0 19.0
14891.0 2779.0 19.0
15051.0 2832.0 19.0
15095.0 2862.0 19.0
15161.0 2646.0 19.0
15181.0 2722.0 19.0
15233.0 2793.0 19.0
15253.0 2879.0 19.0
15263.0 2749.0 19.0
15419.0 2784.0 19.0
15445.0 2831.0 19.0
15453.0 2717.0 19.0
15455.0 2727.0 19.0
15457.0 2749.0 19.0
15461.0 2800.0 19.0
15547.0 2808.0 19.0
15711.0 2762.0 19.0
15879.0 2612.0 19.0
16023.0 2907.0 19.0
16189.0 2685.0 19.0
16297.0 2735.0 19.0
16467.0 2746.0 19.0
16479.0 2831.0 19.0
16531.0 2768.0 19.0
16555.0 2839.0 19.0
16577.0 2660.0 19.0
17277.0 2826.0 19.0
17365.0 2917.0 19.0
17405.0 2867.0 19.0
17507.0 2842.0 19.0
17711.0 2782.0 19.0
18063.0 2736.0 19.0
18375.0 2763.0 19.0
19049.0 2769.0 19.0
