rev1.1
379463.0 68130.0 12.0
384715.0 68698.0 12.0
385675.0 68584.0 12.0
387763.0 68287.0 12.0
388087.0 68489.0 12.0
388161.0 68577.0 12.0
388285.0 68556.0 12.0
388977.0 68769.0 12.0
389277.0 68799.0 12.0
389877.0 68248.0 12.0
390425.0 67933.0 12.0
390505.0 68481.0 12.0
391211.0 68990.0 12.0
391435.0 67579.0 12.0
391963.0 68513.0 12.0
392013.0 68815.0 12.0
393559.0 68161.0 12.0
393901.0 68829.0 12.0
394507.0 68710.0 12.0
394987.0 68708.0 12.0
395163.0 68322.0 12.0
395251.0 68450.0 12.0
395305.0 68905.0 12.0
395507.0 68547.0 12.0
396133.0 68777.0 12.0
397241.0 68953.0 12.0
397719.0 69109.0 12.0
397801.0 69479.0 12.0
398301.0 68548.0 12.0
398405.0 68768.0 12.0
399167.0 69093.0 12.0
399477.0 68983.0 12.0
401157.0 69186.0 12.0
401857.0 69096.0 12.0
402239.0 68708.0 12.0
403065.0 69222.0 12.0
403831.0 69464.0 12.0
404271.0 69439.0 12.0
404333.0 68727.0 12.0
404349.0 69873.0 12.0
404955.0 69208.0 12.0
405531.0 69247.0 12.0
406627.0 69320.0 12.0
408211.0 69265.0 12.0
408719.0 69236.0 12.0
408819.0 69284.0 12.0
409509.0 69840.0 12.0
410257.0 69534.0 12.0
410963.0 69464.0 12.0
411519.0 69574.0 12.0
411739.0 69033.0 12.0
411841.0 69423.0 12.0
413049.0 69443.0 12.0
413627.0 69558.0 12.0
413891.0 69351.0 12.0
414065.0 70129.0 12.0
414171.0 70048.0 12.0
414211.0 69469.0 12.0
414353.0 69388.0 12.0
416089.0 69559.0 12.0
416741.0 69563.0 12.0
416837.0 69677.0 12.0
416889.0 69893.0 12.0
416935.0 69973.0 12.0
417029.0 69404.0 12.0
418935.0 69647.0 12.0
420365.0 69985.0 12.0
421113.0 69677.0 12.0
421295.0 69829.0 12.0
421963.0 69808.0 12.0
422181.0 69564.0 12.0
423537.0 69795.0 12.0
423593.0 70218.0 12.0
424657.0 70102.0 12.0
424753.0 69951.0 12.0
426525.0 70198.0 12.0
428917.0 70322.0 12.0
430701.0 70188.0 12.0
432177.0 70671.0 12.0
432873.0 70333.0 12.0
435127.0 70494.0 12.0
437325.0 70748.0 12.0
438195.0 70619.0 12.0
438381.0 70794.0 12.0
438423.0 70812.0 12.0
438675.0 70919.0 12.0
441285.0 70030.0 12.0
442497.0 70614.0 12.0
443069.0 71177.0 12.0
443351.0 70713.0 12.0
445587.0 70812.0 12.0
445717.0 70755.0 12.0
449103.0 70614.0 12.0
450427.0 71148.0 12.0
453647.0 71467.0 12.0
453907.0 71680.0 12.0
456617.0 70466.0 12.0
465593.0 71830.0 12.0
477243.0 72118.0 12.0
506179.0 73606.0 12.0
