rev1.1
85495.0 16779.0 12.0
86973.0 16578.0 12.0
88629.0 16651.0 12.0
89199.0 16994.0 12.0
89613.0 16926.0 12.0
89753.0 16466.0 12.0
89797.0 16796.0 12.0
90471.0 16873.0 12.0
90999.0 17101.0 12.0
91011.0 16986.0 12.0
91019.0 16670.0 12.0
91255.0 16887.0 12.0
91415.0 16904.0 12.0
91621.0 16904.0 12.0
92047.0 17116.0 12.0
92189.0 17065.0 12.0
92635.0 17143.0 12.0
92695.0 17053.0 12.0
92829.0 16629.0 12.0
93153.0 16934.0 12.0
93171.0 16867.0 12.0
93401.0 16814.0 12.0
93517.0 17189.0 12.0
93591.0 17116.0 12.0
93807.0 16735.0 12.0
93899.0 16993.0 12.0
93927.0 16954.0 12.0
94119.0 16870.0 12.0
94125.0 16961.0 12.0
94369.0 16943.0 12.0
94661.0 17072.0 12.0
94805.0 17081.0 12.0
94875.0 16943.0 12.0
95139.0 17380.0 12.0
95269.0 17106.0 12.0
95325.0 17212.0 12.0
95559.0 16807.0 12.0
95567.0 17096.0 12.0
95707.0 17538.0 12.0
95791.0 16811.0 12.0
95801.0 16914.0 12.0
95805.0 17140.0 12.0
95845.0 17307.0 12.0
96079.0 16938.0 12.0
96183.0 16900.0 12.0
96199.0 17228.0 12.0
96275.0 17093.0 12.0
96461.0 17220.0 12.0
96567.0 17019.0 12.0
96627.0 16903.0 12.0
96739.0 17313.0 12.0
97055.0 17194.0 12.0
97195.0 17209.0 12.0
97327.0 17026.0 12.0
97503.0 17014.0 12.0
97517.0 17089.0 12.0
97665.0 17270.0 12.0
97677.0 17333.0 12.0
97781.0 17036.0 12.0
98065.0 17249.0 12.0
98247.0 17168.0 12.0
98541.0 17291.0 12.0
98555.0 17238.0 12.0
98787.0 17614.0 12.0
98881.0 17093.0 12.0
98897.0 17214.0 12.0
99037.0 17289.0 12.0
99285.0 17005.0 12.0
99323.0 17236.0 12.0
99491.0 17140.0 12.0
99571.0 16978.0 12.0
99699.0 17323.0 12.0
99773.0 17436.0 12.0
100083.0 17163.0 12.0
100177.0 17397.0 12.0
100517.0 17222.0 12.0
100561.0 17368.0 12.0
100675.0 17067.0 12.0
100877.0 17289.0 12.0
100885.0 17118.0 12.0
101089.0 17449.0 12.0
101203.0 17383.0 12.0
101237.0 17205.0 12.0
101343.0 17402.0 12.0
101379.0 17674.0 12.0
101511.0 17081.0 12.0
101551.0 17238.0 12.0
101773.0 17135.0 12.0
102773.0 17309.0 12.0
103013.0 17407.0 12.0
104713.0 17457.0 12.0
104829.0 17388.0 12.0
105573.0 17450.0 12.0
106149.0 17417.0 12.0
107117.0 17608.0 12.0
107193.0 17678.0 12.0
108855.0 17669.0 12.0
110373.0 17721.0 12.0
111807.0 17959.0 12.0
111967.0 17831.0 12.0
