rev1.1
1951.0 523.0 12.0
2021.0 443.0 12.0
2057.0 534.0 11.390625000000124
2079.0 502.0 12.0
2081.0 504.0 12.0
2083.0 522.0 12.0
2095.0 457.0 11.390625000000211
2169.0 511.0 9.30040636713014
2185.0 519.0 12.0
2195.0 525.0 12.0
2205.0 552.0 9.300406367130114
2209.0 515.0 12.0
2227.0 541.0 10.292591572368497
2265.0 484.0 12.0
2271.0 528.0 12.0
2281.0 502.0 11.390625000000204
2289.0 516.0 12.0
2293.0 524.0 12.0
2303.0 501.0 11.390625000000355
2309.0 512.0 11.390625000000336
2315.0 485.0 11.390625000000261
2323.0 513.0 11.390625000000213
2323.0 533.0 12.0
2331.0 549.0 12.0
2341.0 517.0 12.0
2361.0 551.0 12.0
2363.0 491.0 12.0
2365.0 548.0 12.0
2373.0 507.0 12.0
2379.0 540.0 12.0
2379.0 499.0 12.0
2383.0 521.0 12.0
2395.0 500.0 12.0
2395.0 495.0 12.0
2413.0 567.0 11.390625000000215
2419.0 563.0 12.0
2419.0 489.0 12.0
2421.0 536.0 12.0
2445.0 563.0 12.0
2451.0 543.0 12.0
2453.0 541.0 12.0
2461.0 484.0 12.0
2475.0 525.0 12.0
2479.0 496.0 12.0
2483.0 590.0 12.0
2485.0 518.0 12.0
2491.0 537.0 12.0
2497.0 486.0 12.0
2499.0 571.0 12.0
2499.0 564.0 12.0
2515.0 538.0 12.0
2529.0 488.0 12.0
2533.0 518.0 12.0
2543.0 517.0 11.390625000000279
2545.0 515.0 12.0
2553.0 530.0 12.0
2557.0 535.0 12.0
2569.0 495.0 12.0
2573.0 536.0 12.0
2589.0 560.0 12.0
2593.0 536.0 12.0
2593.0 562.0 12.0
2593.0 496.0 12.0
2603.0 498.0 12.0
2613.0 560.0 12.0
2619.0 568.0 12.0
2631.0 513.0 12.0
2645.0 537.0 12.0
2649.0 551.0 12.0
2655.0 546.0 12.0
2673.0 578.0 12.0
2681.0 565.0 12.0
2683.0 535.0 12.0
2687.0 549.0 12.0
2699.0 545.0 12.0
2701.0 548.0 12.0
2707.0 513.0 12.0
2719.0 536.0 12.0
2721.0 486.0 12.0
2737.0 547.0 12.0
2747.0 500.0 12.0
2767.0 545.0 12.0
2769.0 535.0 12.0
2789.0 546.0 12.0
2815.0 537.0 12.0
2817.0 520.0 12.0
2819.0 554.0 12.0
2825.0 545.0 12.0
2835.0 508.0 12.0
2835.0 581.0 12.0
2853.0 502.0 12.0
2859.0 537.0 12.0
2949.0 555.0 12.0
2953.0 555.0 12.0
2955.0 588.0 12.0
2981.0 553.0 12.0
3025.0 576.0 12.0
3093.0 520.0 12.0
3175.0 533.0 12.0
3221.0 603.0 12.0
