rev1.1
20107.0 4157.0 12.0
20489.0 4006.0 12.0
21005.0 4087.0 12.0
21009.0 4013.0 12.0
21071.0 4168.0 12.0
21073.0 4123.0 12.0
21091.0 4194.0 12.0
21169.0 4172.0 12.0
21183.0 4033.0 12.0
21317.0 4088.0 12.0
21321.0 4177.0 12.0
21371.0 4321.0 12.0
21379.0 4062.0 12.0
21415.0 4222.0 12.0
21439.0 4190.0 12.0
21459.0 4143.0 12.0
21491.0 4166.0 12.0
21527.0 4125.0 12.0
21535.0 4224.0 12.0
21571.0 4225.0 12.0
21621.0 4138.0 12.0
21669.0 4229.0 12.0
21715.0 4191.0 12.0
21737.0 4179.0 12.0
21747.0 4273.0 12.0
21791.0 4014.0 12.0
21797.0 4168.0 12.0
21811.0 4214.0 12.0
21845.0 4147.0 12.0
21883.0 4179.0 12.0
21885.0 4337.0 12.0
21889.0 4121.0 12.0
21963.0 4165.0 12.0
22029.0 4058.0 12.0
22047.0 4165.0 12.0
22093.0 4152.0 12.0
22109.0 4139.0 12.0
22165.0 4184.0 12.0
22177.0 4278.0 12.0
22199.0 4314.0 12.0
22257.0 4192.0 12.0
22309.0 4338.0 12.0
22327.0 4228.0 12.0
22335.0 4186.0 12.0
22357.0 4214.0 12.0
22379.0 4260.0 12.0
22379.0 4245.0 12.0
22413.0 4213.0 12.0
22433.0 4314.0 12.0
22437.0 4160.0 12.0
22439.0 4242.0 12.0
22487.0 4333.0 12.0
22573.0 4147.0 12.0
22591.0 4327.0 12.0
22651.0 4319.0 12.0
22665.0 4299.0 12.0
22669.0 4256.0 12.0
22703.0 4057.0 12.0
22745.0 4152.0 12.0
22749.0 4314.0 12.0
22759.0 4300.0 12.0
22797.0 4365.0 12.0
22801.0 4264.0 12.0
22907.0 4121.0 12.0
22947.0 4197.0 12.0
23001.0 4325.0 12.0
23007.0 4157.0 12.0
23031.0 4261.0 12.0
23257.0 4202.0 12.0
23291.0 4205.0 12.0
23391.0 4194.0 12.0
23439.0 4306.0 12.0
23557.0 4169.0 12.0
23571.0 4397.0 12.0
23621.0 4138.0 12.0
23713.0 4373.0 12.0
23721.0 4309.0 12.0
23727.0 4216.0 12.0
23763.0 4284.0 12.0
23833.0 4227.0 12.0
23937.0 4338.0 12.0
23965.0 4242.0 12.0
23975.0 4255.0 12.0
24025.0 4337.0 12.0
24235.0 4322.0 12.0
24685.0 4327.0 12.0
24725.0 4441.0 12.0
24755.0 4246.0 12.0
25097.0 4373.0 12.0
25257.0 4463.0 12.0
25451.0 4354.0 12.0
25487.0 4353.0 12.0
25541.0 4323.0 12.0
25801.0 4301.0 12.0
25879.0 4327.0 12.0
25959.0 4351.0 12.0
26015.0 4419.0 12.0
26105.0 4356.0 12.0
26369.0 4366.0 12.0
27169.0 4445.0 12.0
