rev1.1
786685.0 136577.0 12.0
786999.0 138252.0 12.0
790905.0 137472.0 12.0
794023.0 136744.0 12.0
796617.0 137738.0 12.0
799283.0 138111.0 12.0
801107.0 138357.0 12.0
801145.0 137550.0 12.0
801757.0 138299.0 12.0
801899.0 137617.0 12.0
803741.0 137734.0 12.0
804945.0 138016.0 12.0
806013.0 137929.0 12.0
806017.0 138119.0 12.0
807329.0 138440.0 12.0
807615.0 138845.0 12.0
810503.0 138206.0 12.0
810541.0 139143.0 12.0
812463.0 137433.0 12.0
812983.0 138416.0 12.0
815783.0 139180.0 12.0
817575.0 138508.0 12.0
818925.0 139146.0 12.0
819711.0 138723.0 12.0
819811.0 138583.0 12.0
820539.0 138516.0 12.0
820655.0 138744.0 12.0
822309.0 138354.0 12.0
825051.0 139370.0 12.0
826447.0 138733.0 12.0
826797.0 139509.0 12.0
827757.0 139199.0 12.0
827987.0 139230.0 12.0
829649.0 139266.0 12.0
830493.0 139664.0 12.0
832271.0 139461.0 12.0
833961.0 139085.0 12.0
835033.0 140019.0 12.0
836315.0 140065.0 12.0
837107.0 140013.0 12.0
837319.0 139540.0 12.0
838581.0 139469.0 12.0
840463.0 139261.0 12.0
841705.0 139527.0 12.0
843055.0 139937.0 12.0
843919.0 140022.0 12.0
844273.0 139583.0 12.0
846913.0 139416.0 12.0
848199.0 139821.0 12.0
848263.0 139411.0 12.0
848997.0 139852.0 12.0
850633.0 140250.0 12.0
851713.0 140325.0 12.0
851837.0 140284.0 12.0
853665.0 139807.0 12.0
855787.0 140667.0 12.0
855965.0 140664.0 12.0
856841.0 140401.0 12.0
857363.0 140875.0 12.0
857471.0 140132.0 12.0
858113.0 140361.0 12.0
858413.0 140162.0 12.0
858985.0 140390.0 12.0
859111.0 140330.0 12.0
861213.0 140475.0 12.0
861515.0 140971.0 12.0
863165.0 140437.0 12.0
863723.0 140217.0 12.0
865999.0 140612.0 12.0
866063.0 141418.0 12.0
866707.0 140949.0 12.0
867023.0 140608.0 12.0
867211.0 141000.0 12.0
867253.0 140304.0 12.0
876811.0 140825.0 12.0
881215.0 141698.0 12.0
883385.0 141439.0 12.0
885079.0 140893.0 12.0
885405.0 141465.0 12.0
888565.0 141159.0 12.0
888779.0 141098.0 12.0
888831.0 141725.0 12.0
890919.0 141360.0 12.0
893721.0 142254.0 12.0
893821.0 142081.0 12.0
894723.0 141786.0 12.0
895355.0 142358.0 12.0
899567.0 141804.0 12.0
902651.0 142374.0 12.0
903467.0 142581.0 12.0
911559.0 142290.0 12.0
913731.0 142048.0 12.0
917107.0 142972.0 12.0
917399.0 142802.0 12.0
918573.0 142594.0 12.0
935585.0 143411.0 12.0
953679.0 143844.0 12.0
954695.0 144525.0 12.0
955221.0 145062.0 12.0
955941.0 143997.0 12.0
