rev1.1
4273.0 940.0 12.0
4435.0 1017.0 12.0
4561.0 1069.0 12.0
4691.0 987.0 12.0
4745.0 1006.0 12.0
4749.0 996.0 12.0
4831.0 1073.0 12.0
4849.0 1048.0 12.0
4853.0 966.0 12.0
4893.0 1114.0 12.0
4895.0 1030.0 12.0
4907.0 942.0 12.0
4917.0 1052.0 12.0
4925.0 1008.0 12.0
4929.0 1056.0 12.0
4931.0 963.0 12.0
4941.0 1011.0 12.0
4953.0 1019.0 12.0
4959.0 1027.0 12.0
4969.0 1000.0 12.0
4969.0 1091.0 12.0
4971.0 1034.0 12.0
4973.0 1083.0 12.0
4979.0 1020.0 12.0
4991.0 1076.0 12.0
5009.0 1027.0 12.0
5027.0 1039.0 12.0
5029.0 1013.0 12.0
5043.0 1093.0 12.0
5055.0 1003.0 12.0
5055.0 1057.0 12.0
5097.0 1094.0 12.0
5099.0 1034.0 12.0
5111.0 1048.0 12.0
5123.0 1106.0 12.0
5125.0 1037.0 12.0
5133.0 1027.0 12.0
5161.0 1039.0 12.0
5211.0 1061.0 12.0
5235.0 1083.0 12.0
5237.0 1040.0 12.0
5239.0 1046.0 12.0
5249.0 1060.0 12.0
5253.0 1031.0 12.0
5253.0 1109.0 12.0
5261.0 1091.0 12.0
5283.0 1180.0 12.0
5327.0 1043.0 12.0
5329.0 1122.0 12.0
5353.0 1042.0 12.0
5357.0 1055.0 12.0
5363.0 1058.0 12.0
5373.0 1087.0 12.0
5377.0 1085.0 12.0
5377.0 1019.0 12.0
5389.0 1075.0 12.0
5403.0 1039.0 12.0
5413.0 1144.0 12.0
5453.0 1083.0 12.0
5465.0 1127.0 12.0
5483.0 1026.0 12.0
5507.0 1064.0 12.0
5527.0 1045.0 12.0
5529.0 1070.0 12.0
5531.0 1130.0 12.0
5539.0 1058.0 12.0
5565.0 1109.0 12.0
5571.0 1121.0 12.0
5579.0 1105.0 12.0
5583.0 1000.0 12.0
5615.0 1073.0 12.0
5619.0 1122.0 12.0
5627.0 1017.0 12.0
5629.0 1066.0 12.0
5655.0 1069.0 12.0
5671.0 1121.0 12.0
5673.0 1043.0 12.0
5685.0 1084.0 12.0
5691.0 1073.0 12.0
5741.0 1057.0 12.0
5751.0 1051.0 12.0
5753.0 1039.0 12.0
5775.0 1048.0 12.0
5817.0 1066.0 12.0
5839.0 1085.0 12.0
5879.0 1046.0 12.0
5879.0 1158.0 12.0
5885.0 1121.0 12.0
5931.0 1086.0 12.0
6031.0 1064.0 12.0
6053.0 1112.0 12.0
6191.0 1103.0 12.0
6221.0 1085.0 12.0
6313.0 1008.0 12.0
6373.0 1111.0 12.0
6539.0 1117.0 12.0
6547.0 1136.0 12.0
6569.0 1145.0 12.0
6591.0 1143.0 12.0
7205.0 1054.0 12.0
