rev1.1
42007.0 8153.0 12.0
42327.0 8287.0 12.0
42805.0 8267.0 12.0
43209.0 8601.0 12.0
43295.0 8214.0 12.0
43417.0 8412.0 12.0
43601.0 8186.0 12.0
43761.0 8426.0 12.0
43775.0 8156.0 12.0
44015.0 8287.0 12.0
44111.0 8419.0 12.0
44111.0 8375.0 12.0
44125.0 8211.0 12.0
44365.0 8443.0 12.0
44647.0 8383.0 12.0
44661.0 8450.0 12.0
44869.0 8290.0 12.0
45135.0 8547.0 12.0
45313.0 8548.0 12.0
45357.0 8622.0 12.0
45371.0 8478.0 12.0
45459.0 8331.0 12.0
45487.0 8425.0 12.0
45543.0 8331.0 12.0
45699.0 8724.0 12.0
45785.0 8494.0 12.0
46081.0 8451.0 12.0
46119.0 8561.0 12.0
46179.0 8579.0 12.0
46205.0 8358.0 12.0
46261.0 8724.0 12.0
46293.0 8677.0 12.0
46303.0 8551.0 12.0
46325.0 8299.0 12.0
46357.0 8384.0 12.0
46473.0 8534.0 12.0
46585.0 8427.0 12.0
46651.0 8383.0 12.0
46669.0 8521.0 12.0
46673.0 8236.0 12.0
46673.0 8383.0 12.0
46871.0 8634.0 12.0
46883.0 8551.0 12.0
46961.0 8256.0 12.0
47013.0 8589.0 12.0
47529.0 8370.0 12.0
47531.0 8651.0 12.0
47539.0 8399.0 12.0
47561.0 8483.0 12.0
47615.0 8541.0 12.0
47707.0 8581.0 12.0
47773.0 8567.0 12.0
47865.0 8620.0 12.0
48011.0 8680.0 12.0
48053.0 8445.0 12.0
48283.0 8429.0 12.0
48411.0 8499.0 12.0
48441.0 8500.0 12.0
48527.0 8752.0 12.0
48565.0 8629.0 12.0
48571.0 8592.0 12.0
48605.0 8553.0 12.0
48619.0 8628.0 12.0
48745.0 8443.0 12.0
48811.0 8656.0 12.0
48825.0 8697.0 12.0
48877.0 8464.0 12.0
48945.0 8468.0 12.0
48955.0 8631.0 12.0
48993.0 8626.0 12.0
48997.0 8609.0 12.0
49093.0 8692.0 12.0
49153.0 8623.0 12.0
49219.0 8683.0 12.0
49393.0 8686.0 12.0
49411.0 8600.0 12.0
49453.0 8824.0 12.0
49523.0 8664.0 12.0
49605.0 8651.0 12.0
49845.0 8576.0 12.0
49947.0 8570.0 12.0
50093.0 8637.0 12.0
50101.0 8594.0 12.0
50179.0 8551.0 12.0
50181.0 8690.0 12.0
50693.0 8616.0 12.0
50893.0 8763.0 12.0
50901.0 8629.0 12.0
50949.0 8622.0 12.0
51025.0 8686.0 12.0
51221.0 8648.0 12.0
51643.0 8688.0 12.0
51755.0 8691.0 12.0
53153.0 8708.0 12.0
53185.0 8563.0 12.0
53715.0 9026.0 12.0
54087.0 8898.0 12.0
54353.0 8876.0 12.0
54915.0 8879.0 12.0
56035.0 9044.0 12.0
