rev1.1
9349.0 2081.0 12.0
9509.0 1950.0 12.0
9559.0 2090.0 12.0
9599.0 1952.0 12.0
9619.0 2030.0 12.0
9683.0 1975.0 12.0
9727.0 2037.0 12.0
9921.0 2042.0 12.0
9925.0 2009.0 12.0
9925.0 1980.0 12.0
9925.0 2077.0 12.0
9959.0 2040.0 12.0
9987.0 2056.0 12.0
10037.0 2113.0 12.0
10079.0 2145.0 12.0
10091.0 2098.0 12.0
10121.0 2023.0 12.0
10127.0 1959.0 12.0
10245.0 2054.0 12.0
10261.0 2118.0 12.0
10261.0 2131.0 12.0
10307.0 2026.0 12.0
10387.0 2184.0 12.0
10389.0 2144.0 12.0
10393.0 2050.0 12.0
10417.0 2080.0 12.0
10455.0 1992.0 12.0
10479.0 1990.0 12.0
10485.0 2121.0 12.0
10571.0 2096.0 12.0
10571.0 2087.0 12.0
10581.0 2108.0 12.0
10583.0 2123.0 12.0
10587.0 2149.0 12.0
10609.0 2042.0 12.0
10621.0 1978.0 12.0
10637.0 2100.0 12.0
10655.0 2120.0 12.0
10661.0 2053.0 12.0
10673.0 2095.0 12.0
10693.0 2048.0 12.0
10713.0 2144.0 12.0
10723.0 2100.0 12.0
10723.0 1979.0 12.0
10737.0 2186.0 12.0
10781.0 2174.0 12.0
10793.0 2108.0 12.0
10813.0 2164.0 12.0
10815.0 2080.0 12.0
10823.0 2107.0 12.0
10829.0 2181.0 12.0
10873.0 2047.0 12.0
10885.0 2089.0 12.0
10887.0 2087.0 12.0
10991.0 2119.0 12.0
10993.0 2110.0 12.0
11031.0 2104.0 12.0
11035.0 2090.0 12.0
11043.0 2102.0 12.0
11043.0 2103.0 12.0
11103.0 2157.0 12.0
11143.0 2183.0 12.0
11143.0 2103.0 12.0
11165.0 2076.0 12.0
11199.0 2163.0 12.0
11213.0 2048.0 12.0
11227.0 2031.0 12.0
11239.0 2286.0 12.0
11239.0 2025.0 12.0
11279.0 2166.0 12.0
11281.0 2141.0 12.0
11295.0 2242.0 12.0
11301.0 2177.0 12.0
11363.0 2056.0 12.0
11381.0 2103.0 12.0
11403.0 2102.0 12.0
11413.0 2097.0 12.0
11445.0 2070.0 12.0
11453.0 2226.0 12.0
11547.0 2156.0 12.0
11623.0 2236.0 12.0
11629.0 2160.0 12.0
11633.0 2285.0 12.0
11647.0 2213.0 12.0
11695.0 2240.0 12.0
11795.0 2174.0 12.0
11817.0 2174.0 12.0
11819.0 2139.0 12.0
11853.0 2128.0 12.0
11873.0 2107.0 12.0
11951.0 2195.0 12.0
12061.0 2139.0 12.0
12107.0 2130.0 12.0
12359.0 2218.0 12.0
12389.0 2171.0 12.0
12493.0 2192.0 12.0
12795.0 2183.0 12.0
12979.0 2176.0 12.0
13155.0 2177.0 12.0
13337.0 2194.0 12.0
