rev1.1
873.0 273.0 4.574485143274871
893.0 245.0 6.200270911419993
893.0 255.0 9.300406367129957
933.0 248.0 8.403865827724392
979.0 224.0 7.593750000000074
1019.0 275.0 8.403865827724424
1019.0 272.0 9.300406367129998
1021.0 268.0 7.593750000000068
1021.0 255.0 8.403865827724397
1033.0 286.0 9.30040636712997
1039.0 256.0 7.593750000000032
1043.0 268.0 11.390625000000114
1043.0 262.0 7.59375000000003
1049.0 223.0 12.0
1055.0 245.0 12.0
1065.0 291.0 12.0
1073.0 261.0 12.0
1077.0 261.0 12.0
1089.0 271.0 10.292591572368536
1091.0 237.0 9.300406367129998
1101.0 269.0 12.0
1103.0 261.0 10.292591572368515
1107.0 269.0 7.5937500000000755
1111.0 254.0 12.0
1111.0 270.0 12.0
1113.0 269.0 10.29259157236848
1119.0 256.0 7.5937500000001235
1119.0 269.0 11.390625000000167
1137.0 276.0 6.8617277149123375
1139.0 278.0 10.2925915723685
1143.0 264.0 8.403865827724404
1153.0 280.0 11.390625000000183
1161.0 240.0 11.39062500000012
1161.0 275.0 8.40386582772442
1165.0 260.0 12.0
1167.0 282.0 12.0
1173.0 303.0 10.292591572368517
1173.0 264.0 10.29259157236856
1175.0 261.0 12.0
1183.0 276.0 10.292591572368517
1191.0 260.0 11.390625000000083
1191.0 266.0 7.593750000000108
1193.0 254.0 12.0
1195.0 262.0 11.390625000000105
1195.0 288.0 12.0
1203.0 271.0 9.300406367130014
1205.0 311.0 6.861727714912315
1215.0 267.0 12.0
1225.0 265.0 9.300406367130021
1227.0 285.0 9.300406367130032
1233.0 237.0 12.0
1235.0 286.0 8.403865827724474
1245.0 288.0 9.300406367129977
1247.0 266.0 12.0
1251.0 235.0 12.0
1255.0 271.0 9.30040636713001
1257.0 256.0 12.0
1259.0 264.0 12.0
1265.0 268.0 12.0
1267.0 292.0 10.29259157236852
1275.0 235.0 9.30040636713
1277.0 269.0 12.0
1279.0 255.0 12.0
1281.0 255.0 12.0
1283.0 291.0 9.300406367129927
1289.0 280.0 12.0
1301.0 235.0 12.0
1303.0 267.0 12.0
1307.0 287.0 12.0
1309.0 297.0 12.0
1319.0 302.0 12.0
1319.0 275.0 12.0
1335.0 297.0 12.0
1335.0 313.0 10.292591572368531
1337.0 280.0 12.0
1339.0 291.0 12.0
1339.0 287.0 12.0
1341.0 317.0 11.390625000000114
1347.0 285.0 12.0
1349.0 264.0 12.0
1361.0 277.0 12.0
1367.0 257.0 12.0
1373.0 276.0 12.0
1379.0 272.0 12.0
1389.0 260.0 12.0
1395.0 268.0 11.39062500000014
1409.0 304.0 12.0
1411.0 290.0 12.0
1463.0 265.0 12.0
1501.0 275.0 12.0
1529.0 270.0 12.0
1547.0 274.0 12.0
1573.0 297.0 12.0
1575.0 283.0 12.0
1585.0 259.0 12.0
1597.0 316.0 12.0
1605.0 314.0 12.0
1623.0 305.0 12.0
1643.0 285.0 12.0
1647.0 329.0 12.0
