rev1.1
181711.0 33501.0 12.0
182363.0 33594.0 12.0
182517.0 33448.0 12.0
183433.0 34158.0 12.0
185381.0 33802.0 12.0
186009.0 33911.0 12.0
186127.0 33852.0 12.0
186359.0 33737.0 12.0
186645.0 33963.0 12.0
187581.0 34041.0 12.0
187587.0 34121.0 12.0
187693.0 33730.0 12.0
187717.0 34260.0 12.0
188633.0 33839.0 12.0
188791.0 34043.0 12.0
189103.0 34082.0 12.0
189305.0 34007.0 12.0
189673.0 33988.0 12.0
189901.0 33881.0 12.0
189981.0 34299.0 12.0
190019.0 34156.0 12.0
190141.0 34305.0 12.0
190295.0 34046.0 12.0
190659.0 34104.0 12.0
190777.0 33997.0 12.0
190951.0 34191.0 12.0
190957.0 34084.0 12.0
191567.0 34065.0 12.0
192215.0 34103.0 12.0
192577.0 34240.0 12.0
192639.0 34305.0 12.0
192759.0 34477.0 12.0
192795.0 33878.0 12.0
192829.0 34036.0 12.0
193161.0 33964.0 12.0
193397.0 34048.0 12.0
194215.0 34268.0 12.0
194657.0 34277.0 12.0
194799.0 34373.0 12.0
195149.0 34422.0 12.0
195259.0 34254.0 12.0
195761.0 34596.0 12.0
196105.0 34391.0 12.0
196231.0 34337.0 12.0
196827.0 34053.0 12.0
197187.0 34856.0 12.0
197299.0 34596.0 12.0
197865.0 34607.0 12.0
198285.0 34456.0 12.0
198601.0 34240.0 12.0
198835.0 34437.0 12.0
199667.0 34722.0 12.0
199895.0 34324.0 12.0
199953.0 34430.0 12.0
200207.0 34758.0 12.0
200463.0 34439.0 12.0
200469.0 34497.0 12.0
200671.0 34501.0 12.0
201105.0 34808.0 12.0
201571.0 34467.0 12.0
201937.0 34770.0 12.0
202291.0 34806.0 12.0
202633.0 34727.0 12.0
202847.0 34604.0 12.0
202925.0 34730.0 12.0
204091.0 34634.0 12.0
204519.0 34839.0 12.0
204981.0 34655.0 12.0
205265.0 34897.0 12.0
205459.0 34916.0 12.0
205719.0 34442.0 12.0
207227.0 34725.0 12.0
207277.0 35039.0 12.0
208157.0 35231.0 12.0
209379.0 34624.0 12.0
209441.0 34953.0 12.0
209975.0 34534.0 12.0
209987.0 34784.0 12.0
211259.0 35461.0 12.0
212589.0 35033.0 12.0
213243.0 35128.0 12.0
213397.0 34757.0 12.0
213555.0 35018.0 12.0
214353.0 34904.0 12.0
217333.0 35174.0 12.0
219895.0 35536.0 12.0
221309.0 35316.0 12.0
221341.0 35229.0 12.0
221467.0 35363.0 12.0
221611.0 35345.0 12.0
221873.0 35456.0 12.0
222229.0 35143.0 12.0
222253.0 35346.0 12.0
222301.0 35593.0 12.0
222461.0 35354.0 12.0
223809.0 35699.0 12.0
225743.0 35232.0 12.0
227863.0 35892.0 12.0
232223.0 35952.0 12.0
257533.0 36993.0 12.0
