rev1.1
105495.0 22000.0 12.0
107271.0 21352.0 12.0
107369.0 21418.0 12.0
108209.0 21252.0 12.0
109415.0 21405.0 12.0
109571.0 21590.0 12.0
109797.0 21739.0 12.0
110627.0 21304.0 12.0
110685.0 20929.0 12.0
111389.0 21632.0 12.0
111633.0 21752.0 12.0
111823.0 21705.0 12.0
111859.0 21387.0 12.0
111899.0 21814.0 12.0
112233.0 21230.0 12.0
112353.0 21542.0 12.0
113063.0 21511.0 12.0
113085.0 21564.0 12.0
113153.0 21644.0 12.0
113603.0 21700.0 12.0
113711.0 21576.0 12.0
113713.0 21358.0 12.0
114475.0 21470.0 12.0
114677.0 21643.0 12.0
115097.0 21694.0 12.0
115469.0 22067.0 12.0
115635.0 22041.0 12.0
115733.0 21728.0 12.0
115799.0 22129.0 12.0
115993.0 21687.0 12.0
116353.0 21632.0 12.0
116365.0 21536.0 12.0
116443.0 21688.0 12.0
116741.0 22097.0 12.0
117291.0 21793.0 12.0
117745.0 21963.0 12.0
117925.0 21938.0 12.0
118395.0 22009.0 12.0
118437.0 21868.0 12.0
118653.0 21939.0 12.0
118733.0 21733.0 12.0
118911.0 22051.0 12.0
119811.0 21980.0 12.0
120495.0 21850.0 12.0
120913.0 22256.0 12.0
121245.0 22431.0 12.0
121245.0 22188.0 12.0
121269.0 22068.0 12.0
121371.0 22247.0 12.0
121743.0 22130.0 12.0
121947.0 21615.0 12.0
121981.0 22199.0 12.0
122559.0 22085.0 12.0
123115.0 22068.0 12.0
123201.0 22387.0 12.0
123419.0 21714.0 12.0
123481.0 21791.0 12.0
123527.0 22117.0 12.0
124137.0 22025.0 12.0
124283.0 22379.0 12.0
124345.0 22094.0 12.0
124503.0 22442.0 12.0
124621.0 22028.0 12.0
125403.0 22445.0 12.0
125453.0 21813.0 12.0
125873.0 21934.0 12.0
125961.0 22146.0 12.0
126293.0 22137.0 12.0
126411.0 21754.0 12.0
126691.0 22034.0 12.0
126753.0 22405.0 12.0
127081.0 22570.0 12.0
127133.0 21949.0 12.0
127559.0 22451.0 12.0
127567.0 22446.0 12.0
128187.0 22490.0 12.0
128217.0 22295.0 12.0
128879.0 22181.0 12.0
129309.0 22904.0 12.0
129421.0 22713.0 12.0
129601.0 22531.0 12.0
130627.0 22396.0 12.0
130783.0 22114.0 12.0
131763.0 22222.0 12.0
131951.0 22507.0 12.0
132741.0 22830.0 12.0
132933.0 22563.0 12.0
133027.0 23076.0 12.0
133497.0 22557.0 12.0
134373.0 22784.0 12.0
135891.0 22641.0 12.0
138317.0 23217.0 12.0
138771.0 22804.0 12.0
138871.0 23186.0 12.0
141769.0 22759.0 12.0
144065.0 22881.0 12.0
145473.0 22447.0 12.0
145971.0 23475.0 12.0
149887.0 22986.0 12.0
160587.0 23688.0 12.0
