rev1.1
5349.0 1219.0 12.0
5501.0 1218.0 12.0
5871.0 1237.0 12.0
5913.0 1336.0 12.0
5929.0 1330.0 12.0
5965.0 1413.0 12.0
6025.0 1357.0 12.0
6085.0 1375.0 12.0
6099.0 1315.0 12.0
6105.0 1261.0 12.0
6107.0 1357.0 12.0
6127.0 1280.0 12.0
6191.0 1372.0 12.0
6243.0 1356.0 12.0
6263.0 1356.0 12.0
6273.0 1290.0 12.0
6325.0 1326.0 12.0
6361.0 1375.0 12.0
6371.0 1435.0 12.0
6383.0 1320.0 12.0
6397.0 1423.0 12.0
6429.0 1338.0 12.0
6477.0 1277.0 12.0
6483.0 1355.0 12.0
6509.0 1496.0 12.0
6577.0 1319.0 12.0
6585.0 1381.0 12.0
6633.0 1325.0 12.0
6699.0 1366.0 12.0
6709.0 1346.0 12.0
6713.0 1344.0 12.0
6715.0 1377.0 12.0
6721.0 1417.0 12.0
6729.0 1336.0 12.0
6733.0 1341.0 12.0
6755.0 1368.0 12.0
6765.0 1421.0 12.0
6805.0 1423.0 12.0
6807.0 1425.0 12.0
6821.0 1335.0 12.0
6829.0 1383.0 12.0
6831.0 1287.0 12.0
6859.0 1486.0 12.0
6873.0 1527.0 12.0
6945.0 1342.0 12.0
6947.0 1398.0 12.0
6947.0 1416.0 12.0
6975.0 1286.0 12.0
7007.0 1427.0 12.0
7011.0 1496.0 12.0
7025.0 1329.0 12.0
7033.0 1477.0 12.0
7033.0 1464.0 12.0
7037.0 1283.0 12.0
7039.0 1416.0 12.0
7063.0 1462.0 12.0
7067.0 1332.0 12.0
7121.0 1363.0 12.0
7181.0 1311.0 12.0
7183.0 1386.0 12.0
7187.0 1286.0 12.0
7205.0 1326.0 12.0
7247.0 1462.0 12.0
7249.0 1363.0 12.0
7283.0 1463.0 12.0
7303.0 1418.0 12.0
7335.0 1441.0 12.0
7379.0 1548.0 12.0
7445.0 1450.0 12.0
7451.0 1405.0 12.0
7485.0 1489.0 12.0
7489.0 1342.0 12.0
7499.0 1483.0 12.0
7529.0 1266.0 12.0
7561.0 1396.0 12.0
7563.0 1372.0 12.0
7585.0 1560.0 12.0
7635.0 1505.0 12.0
7635.0 1494.0 12.0
7695.0 1419.0 12.0
7781.0 1510.0 12.0
7865.0 1426.0 12.0
8035.0 1489.0 12.0
8067.0 1508.0 12.0
8117.0 1484.0 12.0
8151.0 1520.0 12.0
8155.0 1371.0 12.0
8185.0 1325.0 12.0
8195.0 1412.0 12.0
8349.0 1548.0 12.0
8371.0 1435.0 12.0
8409.0 1431.0 12.0
8451.0 1466.0 12.0
8453.0 1407.0 12.0
8859.0 1381.0 12.0
9029.0 1513.0 12.0
9083.0 1460.0 12.0
9555.0 1558.0 12.0
9621.0 1561.0 12.0
11195.0 1625.0 12.0
