rev1.1
895937.0 170166.0 12.0
925177.0 172174.0 12.0
929651.0 172182.0 12.0
929859.0 171976.0 12.0
930913.0 171279.0 12.0
941951.0 172045.0 12.0
941993.0 171517.0 12.0
942917.0 173009.0 12.0
943907.0 173050.0 12.0
952749.0 172708.0 12.0
954769.0 171794.0 12.0
955107.0 173866.0 12.0
957737.0 173996.0 12.0
958005.0 172277.0 12.0
958555.0 173227.0 12.0
958623.0 172801.0 12.0
959289.0 171798.0 12.0
959665.0 172755.0 12.0
961801.0 172905.0 12.0
968229.0 173269.0 12.0
972123.0 173261.0 12.0
978903.0 173546.0 12.0
979485.0 174050.0 12.0
979847.0 173212.0 12.0
979933.0 175032.0 12.0
980079.0 174025.0 12.0
981151.0 173866.0 12.0
984687.0 175050.0 12.0
984907.0 174447.0 12.0
986119.0 174588.0 12.0
991013.0 175538.0 12.0
994593.0 173232.0 12.0
998309.0 174348.0 12.0
1000625.0 175381.0 12.0
1002121.0 174848.0 12.0
1003327.0 174896.0 12.0
1003803.0 174897.0 12.0
1006645.0 174961.0 12.0
1006673.0 175571.0 12.0
1008441.0 175209.0 12.0
1010521.0 175834.0 12.0
1011047.0 175683.0 12.0
1015185.0 174749.0 12.0
1016301.0 176376.0 12.0
1016399.0 175717.0 12.0
1016617.0 175018.0 12.0
1017517.0 175905.0 12.0
1018875.0 176107.0 12.0
1020561.0 176563.0 12.0
1024159.0 176906.0 12.0
1024307.0 174628.0 12.0
1025151.0 175160.0 12.0
1025527.0 175353.0 12.0
1027049.0 176428.0 12.0
1028949.0 176234.0 12.0
1029421.0 177028.0 12.0
1033123.0 175883.0 12.0
1038613.0 177107.0 12.0
1041413.0 176510.0 12.0
1041625.0 177598.0 12.0
1043235.0 177202.0 12.0
1048315.0 176942.0 12.0
1050449.0 176504.0 12.0
1052795.0 176508.0 12.0
1053805.0 177296.0 12.0
1054771.0 177028.0 12.0
1055449.0 176969.0 12.0
1056039.0 177916.0 12.0
1057381.0 178044.0 12.0
1058445.0 177257.0 12.0
1058917.0 177339.0 12.0
1061085.0 178013.0 12.0
1062183.0 178165.0 12.0
1065341.0 176728.0 12.0
1065371.0 178370.0 12.0
1068361.0 177688.0 12.0
1068957.0 177013.0 12.0
1069359.0 178095.0 12.0
1072653.0 178209.0 12.0
1073253.0 177629.0 12.0
1075373.0 177497.0 12.0
1075959.0 176747.0 12.0
1077555.0 178343.0 12.0
1079117.0 178449.0 12.0
1079877.0 179658.0 12.0
1083181.0 177669.0 12.0
1085637.0 178351.0 12.0
1095927.0 178377.0 12.0
1096239.0 178931.0 12.0
1096603.0 177784.0 12.0
1115763.0 180351.0 12.0
1119009.0 179335.0 12.0
1120695.0 179589.0 12.0
1134501.0 180070.0 12.0
1137635.0 181194.0 12.0
1150733.0 181030.0 12.0
1168661.0 182127.0 12.0
1188785.0 183583.0 12.0
1188919.0 181494.0 12.0
1330357.0 189307.0 12.0
