rev1.1
2589.0 587.0 12.0
2703.0 643.0 12.0
2725.0 676.0 12.0
2745.0 666.0 11.390625000000261
2751.0 667.0 9.300406367130009
2767.0 637.0 12.0
2793.0 621.0 12.0
2795.0 632.0 10.292591572368602
2797.0 677.0 12.0
2831.0 707.0 11.390625000000176
2881.0 617.0 12.0
2893.0 614.0 12.0
2935.0 673.0 12.0
2963.0 638.0 12.0
2969.0 633.0 12.0
2973.0 689.0 12.0
3005.0 669.0 12.0
3019.0 726.0 12.0
3029.0 607.0 12.0
3037.0 620.0 12.0
3057.0 690.0 12.0
3065.0 651.0 12.0
3069.0 675.0 12.0
3079.0 716.0 12.0
3091.0 626.0 12.0
3109.0 677.0 12.0
3125.0 672.0 12.0
3129.0 718.0 12.0
3153.0 710.0 12.0
3155.0 692.0 12.0
3157.0 650.0 12.0
3161.0 630.0 12.0
3167.0 724.0 12.0
3167.0 669.0 12.0
3183.0 747.0 12.0
3191.0 662.0 12.0
3205.0 666.0 12.0
3223.0 665.0 12.0
3247.0 672.0 12.0
3261.0 759.0 12.0
3267.0 681.0 12.0
3281.0 687.0 12.0
3285.0 641.0 12.0
3291.0 642.0 12.0
3297.0 712.0 12.0
3297.0 638.0 12.0
3319.0 703.0 12.0
3373.0 732.0 12.0
3383.0 686.0 12.0
3405.0 711.0 12.0
3411.0 702.0 12.0
3417.0 708.0 12.0
3437.0 748.0 12.0
3443.0 750.0 12.0
3453.0 809.0 12.0
3455.0 689.0 12.0
3479.0 734.0 12.0
3485.0 699.0 12.0
3491.0 779.0 12.0
3513.0 755.0 12.0
3517.0 649.0 12.0
3531.0 768.0 12.0
3533.0 715.0 12.0
3557.0 684.0 12.0
3559.0 742.0 12.0
3587.0 722.0 12.0
3597.0 708.0 12.0
3647.0 783.0 12.0
3693.0 736.0 12.0
3695.0 694.0 12.0
3719.0 744.0 12.0
3743.0 683.0 12.0
3745.0 687.0 12.0
3777.0 673.0 12.0
3819.0 824.0 12.0
3827.0 703.0 12.0
3867.0 666.0 12.0
3875.0 765.0 12.0
3903.0 789.0 12.0
3907.0 718.0 12.0
3937.0 849.0 12.0
3943.0 780.0 12.0
3949.0 687.0 12.0
3975.0 766.0 12.0
3999.0 693.0 12.0
4023.0 768.0 12.0
4027.0 753.0 12.0
4121.0 814.0 12.0
4167.0 656.0 12.0
4217.0 667.0 12.0
4239.0 833.0 12.0
4333.0 808.0 12.0
4345.0 817.0 12.0
4475.0 867.0 12.0
4545.0 778.0 12.0
4555.0 826.0 12.0
4799.0 701.0 12.0
4843.0 783.0 12.0
4937.0 804.0 12.0
5025.0 766.0 12.0
