rev1.1
12043.0 2756.0 12.0
12133.0 2541.0 12.0
12151.0 2596.0 12.0
12247.0 2620.0 12.0
12485.0 2642.0 12.0
12503.0 2708.0 12.0
12523.0 2549.0 12.0
12539.0 2651.0 12.0
12591.0 2634.0 12.0
12633.0 2659.0 12.0
12633.0 2679.0 12.0
12659.0 2568.0 12.0
12679.0 2786.0 12.0
12779.0 2755.0 12.0
13065.0 2740.0 12.0
13085.0 2680.0 12.0
13115.0 2672.0 12.0
13131.0 2754.0 12.0
13167.0 2853.0 12.0
13277.0 2672.0 12.0
13277.0 2856.0 12.0
13283.0 2720.0 12.0
13295.0 2686.0 12.0
13385.0 2840.0 12.0
13395.0 2612.0 12.0
13447.0 2701.0 12.0
13451.0 2678.0 12.0
13511.0 2793.0 12.0
13543.0 2566.0 12.0
13571.0 2559.0 12.0
13577.0 2852.0 12.0
13619.0 2743.0 12.0
13633.0 2844.0 12.0
13637.0 2814.0 12.0
13743.0 2783.0 12.0
13771.0 2805.0 12.0
13777.0 2682.0 12.0
13785.0 2722.0 12.0
13887.0 2845.0 12.0
13889.0 2696.0 12.0
13941.0 2793.0 12.0
13981.0 2780.0 12.0
13983.0 3021.0 12.0
13997.0 2553.0 12.0
14023.0 2818.0 12.0
14067.0 2558.0 12.0
14077.0 2790.0 12.0
14123.0 2804.0 12.0
14131.0 2871.0 12.0
14139.0 2966.0 12.0
14163.0 2944.0 12.0
14197.0 2641.0 12.0
14239.0 2682.0 12.0
14245.0 2760.0 12.0
14269.0 2951.0 12.0
14275.0 2824.0 12.0
14293.0 2670.0 12.0
14339.0 2717.0 12.0
14445.0 2786.0 12.0
14523.0 2788.0 12.0
14537.0 2890.0 12.0
14541.0 2669.0 12.0
14557.0 2781.0 12.0
14577.0 2807.0 12.0
14591.0 2831.0 12.0
14639.0 2887.0 12.0
14689.0 2882.0 12.0
14775.0 2740.0 12.0
14779.0 2817.0 12.0
14783.0 2844.0 12.0
14815.0 2801.0 12.0
14905.0 2799.0 12.0
14933.0 2897.0 12.0
14997.0 2904.0 12.0
15039.0 2888.0 12.0
15103.0 2754.0 12.0
15113.0 2793.0 12.0
15125.0 2854.0 12.0
15147.0 2767.0 12.0
15323.0 2925.0 12.0
15475.0 2859.0 12.0
15565.0 2810.0 12.0
15657.0 2934.0 12.0
15723.0 2900.0 12.0
16013.0 2906.0 12.0
16125.0 2972.0 12.0
16433.0 3007.0 12.0
16451.0 2851.0 12.0
16477.0 2821.0 12.0
16659.0 2836.0 12.0
16721.0 2871.0 12.0
16955.0 3102.0 12.0
17113.0 2946.0 12.0
17217.0 3134.0 12.0
17231.0 3032.0 12.0
17777.0 2982.0 12.0
18199.0 2902.0 12.0
18463.0 2968.0 12.0
18501.0 3077.0 12.0
20045.0 3149.0 12.0
