rev1.1
1113.0 235.0 10.292591572368504
1209.0 325.0 6.200270911420035
1267.0 316.0 12.0
1313.0 325.0 6.861727714912321
1331.0 347.0 7.593750000000162
1347.0 336.0 9.3004063671301
1359.0 348.0 7.5937500000001386
1361.0 340.0 12.0
1375.0 265.0 12.0
1375.0 317.0 9.300406367130002
1379.0 353.0 8.403865827724413
1395.0 320.0 12.0
1415.0 344.0 11.390625000000162
1417.0 350.0 11.390625000000167
1419.0 347.0 12.0
1421.0 321.0 12.0
1423.0 373.0 7.593750000000105
1423.0 286.0 12.0
1435.0 310.0 12.0
1441.0 343.0 9.300406367129986
1447.0 350.0 10.292591572368467
1455.0 330.0 12.0
1461.0 279.0 12.0
1477.0 347.0 12.0
1483.0 342.0 12.0
1503.0 352.0 12.0
1545.0 354.0 12.0
1557.0 381.0 12.0
1595.0 325.0 12.0
1603.0 375.0 12.0
1617.0 332.0 12.0
1621.0 406.0 10.292591572368472
1633.0 352.0 12.0
1645.0 356.0 12.0
1657.0 353.0 12.0
1659.0 343.0 12.0
1673.0 394.0 12.0
1675.0 313.0 12.0
1683.0 366.0 12.0
1693.0 358.0 12.0
1705.0 323.0 12.0
1721.0 396.0 12.0
1751.0 374.0 12.0
1751.0 387.0 12.0
1751.0 380.0 12.0
1763.0 453.0 12.0
1771.0 347.0 12.0
1777.0 349.0 10.292591572368602
1783.0 363.0 12.0
1791.0 343.0 12.0
1795.0 355.0 12.0
1799.0 354.0 12.0
1807.0 385.0 12.0
1809.0 324.0 12.0
1827.0 421.0 12.0
1841.0 376.0 12.0
1847.0 316.0 12.0
1865.0 368.0 10.292591572368625
1889.0 364.0 12.0
1897.0 384.0 12.0
1911.0 375.0 12.0
1935.0 403.0 12.0
1937.0 338.0 12.0
1943.0 353.0 12.0
1967.0 412.0 12.0
1971.0 340.0 12.0
1975.0 329.0 12.0
1979.0 369.0 12.0
1989.0 398.0 12.0
1993.0 364.0 12.0
2021.0 376.0 12.0
2027.0 333.0 12.0
2029.0 379.0 12.0
2035.0 402.0 12.0
2035.0 427.0 12.0
2039.0 362.0 12.0
2069.0 371.0 12.0
2095.0 427.0 12.0
2097.0 382.0 12.0
2125.0 344.0 12.0
2127.0 421.0 12.0
2139.0 360.0 12.0
2161.0 357.0 12.0
2169.0 440.0 11.390625000000314
2183.0 369.0 12.0
2209.0 387.0 12.0
2219.0 410.0 12.0
2245.0 417.0 12.0
2247.0 421.0 12.0
2251.0 391.0 12.0
2269.0 449.0 12.0
2275.0 436.0 12.0
2275.0 353.0 12.0
2279.0 401.0 12.0
2287.0 371.0 12.0
2443.0 451.0 12.0
2465.0 441.0 12.0
2485.0 415.0 12.0
2661.0 432.0 12.0
2747.0 442.0 12.0
