rev1.1
23555.0 5114.0 12.0
25465.0 5273.0 12.0
25631.0 5289.0 12.0
25969.0 5318.0 12.0
26029.0 5229.0 12.0
26089.0 5169.0 12.0
26097.0 5385.0 12.0
26399.0 5125.0 12.0
26441.0 5279.0 12.0
26483.0 5494.0 12.0
26533.0 5295.0 12.0
26537.0 5276.0 12.0
26557.0 5394.0 12.0
26589.0 5283.0 12.0
26595.0 5239.0 12.0
26599.0 5344.0 12.0
26601.0 5444.0 12.0
26681.0 5541.0 12.0
26753.0 5391.0 12.0
26753.0 5236.0 12.0
26791.0 5194.0 12.0
26825.0 5240.0 12.0
26903.0 5336.0 12.0
26945.0 5386.0 12.0
27031.0 5388.0 12.0
27317.0 5384.0 12.0
27373.0 5412.0 12.0
27463.0 5448.0 12.0
27465.0 5465.0 12.0
27689.0 5462.0 12.0
27717.0 5398.0 12.0
27743.0 5403.0 12.0
27755.0 5570.0 12.0
27795.0 5560.0 12.0
27843.0 5238.0 12.0
27943.0 5456.0 12.0
27975.0 5406.0 12.0
28053.0 5436.0 12.0
28059.0 5301.0 12.0
28189.0 5477.0 12.0
28229.0 5309.0 12.0
28269.0 5554.0 12.0
28391.0 5521.0 12.0
28423.0 5516.0 12.0
28437.0 5568.0 12.0
28505.0 5446.0 12.0
28525.0 5547.0 12.0
28669.0 5551.0 12.0
28901.0 5596.0 12.0
28999.0 5652.0 12.0
29009.0 5444.0 12.0
29051.0 5525.0 12.0
29123.0 5357.0 12.0
29139.0 5463.0 12.0
29157.0 5542.0 12.0
29279.0 5484.0 12.0
29419.0 5468.0 12.0
29491.0 5451.0 12.0
29497.0 5508.0 12.0
29547.0 5465.0 12.0
29565.0 5668.0 12.0
29605.0 5628.0 12.0
29611.0 5598.0 12.0
29695.0 5719.0 12.0
29753.0 5702.0 12.0
29933.0 5590.0 12.0
29949.0 5527.0 12.0
30009.0 5767.0 12.0
30135.0 5512.0 12.0
30147.0 5543.0 12.0
30159.0 5451.0 12.0
30163.0 5562.0 12.0
30255.0 5762.0 12.0
30299.0 5380.0 12.0
30399.0 5650.0 12.0
30537.0 5650.0 12.0
30573.0 5351.0 12.0
30907.0 5418.0 12.0
31031.0 5659.0 12.0
31033.0 5456.0 12.0
31099.0 5512.0 12.0
31337.0 5775.0 12.0
31461.0 5594.0 12.0
31593.0 5743.0 12.0
31603.0 5480.0 12.0
31845.0 5288.0 12.0
32057.0 5382.0 12.0
32381.0 5660.0 12.0
33419.0 5649.0 12.0
33479.0 5875.0 12.0
33717.0 5827.0 12.0
33885.0 5796.0 12.0
34075.0 5646.0 12.0
34155.0 5712.0 12.0
34349.0 5658.0 12.0
34797.0 5728.0 12.0
35009.0 5756.0 12.0
35861.0 6021.0 12.0
38655.0 5834.0 12.0
38745.0 5910.0 12.0
