rev1.1
215733.0 43032.0 12.0
216635.0 43270.0 12.0
222339.0 43009.0 12.0
222853.0 43095.0 12.0
222859.0 42543.0 12.0
223311.0 42870.0 12.0
225223.0 43104.0 12.0
225503.0 42258.0 12.0
226437.0 43107.0 12.0
227121.0 43338.0 12.0
227711.0 43053.0 12.0
228049.0 43528.0 12.0
228395.0 43065.0 12.0
228861.0 42475.0 12.0
229995.0 43665.0 12.0
230231.0 43278.0 12.0
230433.0 42831.0 12.0
232423.0 43898.0 12.0
234001.0 43046.0 12.0
234067.0 43875.0 12.0
234429.0 43301.0 12.0
234437.0 43109.0 12.0
234507.0 43701.0 12.0
234519.0 42918.0 12.0
234707.0 43464.0 12.0
234901.0 44037.0 12.0
235167.0 43514.0 12.0
235435.0 43582.0 12.0
235591.0 43363.0 12.0
236411.0 43319.0 12.0
236639.0 43244.0 12.0
237417.0 44163.0 12.0
237743.0 43570.0 12.0
238249.0 43899.0 12.0
238849.0 43645.0 12.0
239099.0 43970.0 12.0
239285.0 43068.0 12.0
239645.0 43945.0 12.0
239711.0 43392.0 12.0
239941.0 43717.0 12.0
240283.0 43255.0 12.0
240579.0 43451.0 12.0
240697.0 43177.0 12.0
241291.0 43809.0 12.0
241301.0 43816.0 12.0
242211.0 43351.0 12.0
242829.0 43355.0 12.0
243935.0 44131.0 12.0
244089.0 44032.0 12.0
244927.0 44118.0 12.0
245083.0 43859.0 12.0
245545.0 43111.0 12.0
246273.0 43408.0 12.0
246363.0 44257.0 12.0
247187.0 43658.0 12.0
247933.0 44164.0 12.0
249403.0 43495.0 12.0
249567.0 44571.0 12.0
249913.0 43746.0 12.0
250547.0 44151.0 12.0
251087.0 43901.0 12.0
251097.0 44045.0 12.0
251225.0 43868.0 12.0
251241.0 44455.0 12.0
251595.0 44427.0 12.0
251689.0 43976.0 12.0
251703.0 44338.0 12.0
251919.0 43871.0 12.0
252109.0 44104.0 12.0
252379.0 44635.0 12.0
252517.0 44072.0 12.0
253539.0 43797.0 12.0
254401.0 44633.0 12.0
254579.0 44164.0 12.0
255083.0 44574.0 12.0
255781.0 44908.0 12.0
255883.0 44418.0 12.0
256645.0 44472.0 12.0
258585.0 44367.0 12.0
260105.0 44345.0 12.0
260953.0 44777.0 12.0
261663.0 44901.0 12.0
261719.0 43996.0 12.0
266601.0 44698.0 12.0
267411.0 44982.0 12.0
267735.0 44862.0 12.0
268073.0 44557.0 12.0
268097.0 44231.0 12.0
269237.0 44917.0 12.0
270945.0 45045.0 12.0
271283.0 44772.0 12.0
272521.0 44873.0 12.0
274517.0 45707.0 12.0
274553.0 44882.0 12.0
275679.0 45267.0 12.0
276235.0 45759.0 12.0
282565.0 45377.0 12.0
287749.0 45253.0 12.0
309355.0 46356.0 12.0
310911.0 46256.0 12.0
