rev1.1
52391.0 10519.0 12.0
52555.0 10659.0 12.0
52767.0 11011.0 12.0
52805.0 10802.0 12.0
53199.0 10668.0 12.0
53807.0 10570.0 12.0
53897.0 10773.0 12.0
54245.0 10889.0 12.0
54317.0 10975.0 12.0
54361.0 10473.0 12.0
54425.0 10911.0 12.0
54843.0 11161.0 12.0
54843.0 10832.0 12.0
55025.0 11038.0 12.0
55103.0 10786.0 12.0
55235.0 10530.0 12.0
55251.0 10882.0 12.0
55263.0 10850.0 12.0
55415.0 10972.0 12.0
55595.0 10713.0 12.0
55765.0 10550.0 12.0
55803.0 10749.0 12.0
55825.0 10630.0 12.0
56077.0 11050.0 12.0
56147.0 11048.0 12.0
56217.0 11024.0 12.0
56229.0 10905.0 12.0
56365.0 10774.0 12.0
56373.0 10903.0 12.0
56615.0 10761.0 12.0
56743.0 10874.0 12.0
56905.0 11172.0 12.0
57119.0 10871.0 12.0
57225.0 10869.0 12.0
57279.0 10789.0 12.0
57569.0 10821.0 12.0
57621.0 10970.0 12.0
57679.0 11301.0 12.0
57703.0 10677.0 12.0
57777.0 10925.0 12.0
57777.0 11234.0 12.0
57879.0 10931.0 12.0
58073.0 11208.0 12.0
58237.0 10966.0 12.0
58317.0 10758.0 12.0
58369.0 10965.0 12.0
58379.0 10799.0 12.0
58513.0 11005.0 12.0
58763.0 11023.0 12.0
58825.0 11009.0 12.0
59093.0 10953.0 12.0
59335.0 11003.0 12.0
59455.0 10928.0 12.0
59457.0 10950.0 12.0
59647.0 11129.0 12.0
59887.0 11045.0 12.0
59903.0 11351.0 12.0
59991.0 11187.0 12.0
60157.0 10832.0 12.0
60323.0 11012.0 12.0
60359.0 11341.0 12.0
60699.0 11222.0 12.0
60707.0 11221.0 12.0
60733.0 11275.0 12.0
60899.0 11331.0 12.0
60945.0 11088.0 12.0
61087.0 11217.0 12.0
61245.0 10899.0 12.0
61379.0 11365.0 12.0
61447.0 11221.0 12.0
61587.0 11006.0 12.0
61971.0 11275.0 12.0
62091.0 11516.0 12.0
62449.0 11133.0 12.0
62617.0 10857.0 12.0
62799.0 11168.0 12.0
62823.0 11522.0 12.0
63223.0 11061.0 12.0
63507.0 11297.0 12.0
63519.0 11359.0 12.0
63803.0 11101.0 12.0
64131.0 11133.0 12.0
64395.0 11095.0 12.0
64597.0 11006.0 12.0
64645.0 10939.0 12.0
64869.0 11031.0 12.0
64917.0 11251.0 12.0
66129.0 11375.0 12.0
66153.0 11106.0 12.0
66247.0 11032.0 12.0
66569.0 11383.0 12.0
67213.0 11250.0 12.0
67581.0 11304.0 12.0
67649.0 11406.0 12.0
68083.0 11429.0 12.0
68837.0 11122.0 12.0
69355.0 11406.0 12.0
70465.0 11206.0 12.0
73899.0 11574.0 12.0
76069.0 11834.0 12.0
