rev1.1
451673.0 84980.0 12.0
451975.0 84813.0 12.0
454407.0 86030.0 12.0
459361.0 85776.0 12.0
459737.0 86232.0 12.0
463555.0 86432.0 12.0
463657.0 85722.0 12.0
464291.0 86744.0 12.0
464609.0 86545.0 12.0
465477.0 86898.0 12.0
468707.0 86892.0 12.0
469303.0 86634.0 12.0
469349.0 87014.0 12.0
469389.0 86973.0 12.0
469863.0 87120.0 12.0
473635.0 86765.0 12.0
473889.0 86617.0 12.0
474811.0 85416.0 12.0
475045.0 87318.0 12.0
476263.0 85777.0 12.0
478077.0 86817.0 12.0
478885.0 87504.0 12.0
479337.0 87451.0 12.0
480683.0 86298.0 12.0
481043.0 87536.0 12.0
484165.0 87589.0 12.0
484409.0 87618.0 12.0
484585.0 86450.0 12.0
484939.0 87182.0 12.0
485149.0 87116.0 12.0
486837.0 86553.0 12.0
487267.0 87352.0 12.0
487413.0 87047.0 12.0
487421.0 87263.0 12.0
487883.0 86787.0 12.0
489471.0 88329.0 12.0
489653.0 87116.0 12.0
489655.0 86969.0 12.0
489715.0 86590.0 12.0
490419.0 87540.0 12.0
490849.0 86700.0 12.0
491035.0 86939.0 12.0
492815.0 87801.0 12.0
493495.0 86861.0 12.0
494617.0 87068.0 12.0
494869.0 87627.0 12.0
496961.0 87264.0 12.0
496983.0 87147.0 12.0
497423.0 87306.0 12.0
497585.0 87530.0 12.0
498575.0 86888.0 12.0
500721.0 88538.0 12.0
501029.0 87295.0 12.0
504719.0 88123.0 12.0
505037.0 88851.0 12.0
506251.0 87524.0 12.0
506673.0 87798.0 12.0
506831.0 88571.0 12.0
507167.0 88355.0 12.0
507757.0 88514.0 12.0
508273.0 87917.0 12.0
509467.0 88517.0 12.0
511455.0 87903.0 12.0
512553.0 87589.0 12.0
513967.0 87943.0 12.0
514093.0 88515.0 12.0
514093.0 88630.0 12.0
514581.0 88594.0 12.0
516713.0 88540.0 12.0
518323.0 88372.0 12.0
522169.0 89115.0 12.0
522647.0 88594.0 12.0
524069.0 87667.0 12.0
524331.0 88934.0 12.0
525813.0 88860.0 12.0
526333.0 87774.0 12.0
528153.0 89278.0 12.0
533285.0 88563.0 12.0
535247.0 88739.0 12.0
539323.0 88374.0 12.0
539773.0 89363.0 12.0
540011.0 89588.0 12.0
542615.0 88789.0 12.0
543093.0 89667.0 12.0
545595.0 89905.0 12.0
546309.0 90248.0 12.0
548603.0 90632.0 12.0
549135.0 89901.0 12.0
551317.0 90582.0 12.0
553979.0 90473.0 12.0
555457.0 90603.0 12.0
557411.0 90448.0 12.0
558707.0 89882.0 12.0
571809.0 90484.0 12.0
571829.0 91244.0 12.0
574339.0 91216.0 12.0
575589.0 90710.0 12.0
581369.0 91529.0 12.0
594687.0 92090.0 12.0
620375.0 92360.0 12.0
