rev1.1
12323.0 2954.0 3.0
12833.0 3119.0 3.0
13125.0 3195.0 3.0
13649.0 3204.0 3.0
13703.0 3264.0 3.0
13811.0 3248.0 3.0
13825.0 3234.0 3.0
13829.0 3272.0 3.0
14009.0 3375.0 3.0
14103.0 3251.0 3.0
14125.0 3319.0 3.0
14193.0 3346.0 3.0
14469.0 3362.0 3.0
14481.0 3353.0 3.0
14531.0 3445.0 3.0
14539.0 3353.0 3.0
14539.0 3428.0 3.0
14667.0 3417.0 3.0
14765.0 3460.0 3.0
14859.0 3462.0 3.0
14997.0 3493.0 3.0
15003.0 3489.0 3.0
15137.0 3558.0 3.0
15205.0 3450.0 3.0
15345.0 3516.0 3.0
15423.0 3554.0 3.0
15489.0 3584.0 3.0
15605.0 3606.0 3.0
15667.0 3585.0 3.0
15673.0 3584.0 3.0
15681.0 3597.0 3.0
15763.0 3669.0 3.0
15811.0 3655.0 3.0
16001.0 3639.0 3.0
16015.0 3665.0 3.0
16023.0 3634.0 3.0
16187.0 3690.0 3.0
16239.0 3670.0 3.0
16305.0 3733.0 3.0
16309.0 3721.0 3.0
16429.0 3703.0 3.0
16437.0 3773.0 3.0
16473.0 3783.0 3.0
16559.0 3729.0 3.0
16597.0 3687.0 3.0
16697.0 3696.0 3.0
16697.0 3672.0 3.0
16701.0 3815.0 3.0
16739.0 3764.0 3.0
16859.0 3764.0 3.0
17117.0 3810.0 3.0
17227.0 3880.0 3.0
17289.0 3867.0 3.0
17305.0 3808.0 3.0
17343.0 3793.0 3.0
17535.0 3902.0 3.0
17593.0 3898.0 3.0
17631.0 3885.0 3.0
17669.0 3914.0 3.0
17681.0 3924.0 3.0
17785.0 3959.0 3.0
17895.0 3982.0 3.0
17987.0 3970.0 3.0
18063.0 4015.0 3.0
18073.0 3995.0 3.0
18099.0 4045.0 3.0
18149.0 4071.0 3.0
18187.0 4021.0 3.0
18301.0 4030.0 3.0
18361.0 4000.0 3.0
18443.0 4071.0 3.0
18559.0 4072.0 3.0
18579.0 4042.0 3.0
18611.0 4108.0 3.0
18693.0 4164.0 3.0
18757.0 4179.0 3.0
18921.0 4176.0 3.0
18973.0 4115.0 3.0
19099.0 4175.0 3.0
19129.0 4230.0 3.0
19171.0 4131.0 3.0
19431.0 4178.0 3.0
19681.0 4269.0 3.0
19815.0 4301.0 3.0
19963.0 4312.0 3.0
19965.0 4243.0 3.0
20011.0 4321.0 3.0
20039.0 4330.0 3.0
20461.0 4433.0 3.0
20579.0 4396.0 3.0
21021.0 4502.0 3.0
21581.0 4564.0 3.0
21973.0 4668.0 3.0
22875.0 4863.0 3.0
22927.0 4786.0 3.0
23333.0 4877.0 3.0
23367.0 4914.0 3.0
23623.0 4911.0 3.0
23687.0 4971.0 3.0
30683.0 6082.0 3.0
