rev1.1
64517.0 14605.0 3.0
64653.0 14620.0 3.0
65379.0 14714.0 3.0
66439.0 14863.0 3.0
66581.0 15034.0 3.0
66631.0 14903.0 3.0
66715.0 15095.0 3.0
66789.0 15006.0 3.0
67189.0 15069.0 3.0
67951.0 15268.0 3.0
68043.0 15185.0 3.0
68063.0 15263.0 3.0
68199.0 15249.0 3.0
68391.0 15241.0 3.0
70255.0 15548.0 3.0
70387.0 15639.0 3.0
71331.0 15710.0 3.0
71813.0 15851.0 3.0
71963.0 15988.0 3.0
72265.0 15952.0 3.0
72453.0 15955.0 3.0
72673.0 16059.0 3.0
72901.0 16005.0 3.0
73455.0 16156.0 3.0
73465.0 16171.0 3.0
73571.0 16219.0 3.0
73571.0 16253.0 3.0
73607.0 16165.0 3.0
73979.0 16250.0 3.0
74219.0 16287.0 3.0
74289.0 16219.0 3.0
74699.0 16325.0 3.0
74873.0 16404.0 3.0
75391.0 16659.0 3.0
75603.0 16534.0 3.0
75633.0 16627.0 3.0
75715.0 16537.0 3.0
76219.0 16669.0 3.0
76283.0 16636.0 3.0
76423.0 16702.0 3.0
76589.0 16632.0 3.0
76875.0 16716.0 3.0
76921.0 16748.0 3.0
77393.0 16833.0 3.0
77601.0 16832.0 3.0
77861.0 16969.0 3.0
78065.0 16991.0 3.0
78171.0 17044.0 3.0
78475.0 17061.0 3.0
78863.0 16947.0 3.0
78865.0 16985.0 3.0
78959.0 17162.0 3.0
79127.0 17128.0 3.0
79187.0 17051.0 3.0
79193.0 17119.0 3.0
79703.0 17139.0 3.0
80243.0 17352.0 3.0
80635.0 17358.0 3.0
80843.0 17395.0 3.0
81065.0 17376.0 3.0
81243.0 17401.0 3.0
81423.0 17572.0 3.0
81511.0 17547.0 3.0
81655.0 17625.0 3.0
81689.0 17521.0 3.0
81753.0 17565.0 3.0
82027.0 17443.0 3.0
82169.0 17652.0 3.0
82675.0 17726.0 3.0
83011.0 17759.0 3.0
83113.0 17863.0 3.0
84301.0 17928.0 3.0
85015.0 18079.0 3.0
85181.0 18142.0 3.0
85825.0 18280.0 3.0
86367.0 18321.0 3.0
86383.0 18236.0 3.0
86469.0 18379.0 3.0
87169.0 18434.0 3.0
87271.0 18513.0 3.0
87491.0 18569.0 3.0
87987.0 18550.0 3.0
88071.0 18532.0 3.0
88313.0 18490.0 3.0
88345.0 18611.0 3.0
88403.0 18690.0 3.0
88529.0 18768.0 3.0
88997.0 18772.0 3.0
89621.0 18786.0 3.0
91109.0 19138.0 3.0
91645.0 19109.0 3.0
92197.0 19270.0 3.0
93001.0 19528.0 3.0
93671.0 19587.0 3.0
97141.0 20161.0 3.0
98125.0 20213.0 3.0
101277.0 20886.0 3.0
101541.0 20869.0 3.0
117311.0 23471.0 3.0
117673.0 23553.0 3.0
