rev1.1
136469.0 30434.0 3.0
140381.0 31243.0 3.0
141459.0 31468.0 3.0
143731.0 31790.0 3.0
144039.0 31760.0 3.0
147173.0 32456.0 3.0
147463.0 32430.0 3.0
147831.0 32284.0 3.0
149425.0 32693.0 3.0
150767.0 33022.0 3.0
151733.0 33142.0 3.0
151905.0 33095.0 3.0
152803.0 33190.0 3.0
152855.0 33289.0 3.0
153583.0 33377.0 3.0
154525.0 33461.0 3.0
154571.0 33441.0 3.0
154889.0 33831.0 3.0
154987.0 33665.0 3.0
155281.0 33691.0 3.0
155659.0 33722.0 3.0
156179.0 33935.0 3.0
156877.0 33857.0 3.0
157045.0 33949.0 3.0
157081.0 34046.0 3.0
157367.0 34096.0 3.0
157455.0 34101.0 3.0
158211.0 34285.0 3.0
158383.0 34248.0 3.0
158459.0 34225.0 3.0
159023.0 34455.0 3.0
159133.0 34301.0 3.0
159843.0 34460.0 3.0
161343.0 34590.0 3.0
161659.0 34699.0 3.0
162101.0 34785.0 3.0
162323.0 34963.0 3.0
162751.0 34952.0 3.0
162915.0 34979.0 3.0
163363.0 35051.0 3.0
164077.0 35215.0 3.0
164201.0 35040.0 3.0
165819.0 35627.0 3.0
166701.0 35496.0 3.0
167433.0 35912.0 3.0
167487.0 35801.0 3.0
167601.0 35736.0 3.0
168173.0 35750.0 3.0
168975.0 35894.0 3.0
169737.0 36144.0 3.0
171111.0 36341.0 3.0
171557.0 36355.0 3.0
172089.0 36355.0 3.0
172151.0 36431.0 3.0
172517.0 36533.0 3.0
173853.0 36695.0 3.0
174067.0 36781.0 3.0
174569.0 36963.0 3.0
174619.0 36818.0 3.0
174625.0 36912.0 3.0
174883.0 36998.0 3.0
174913.0 37111.0 3.0
175121.0 36985.0 3.0
175783.0 37164.0 3.0
176151.0 37029.0 3.0
176659.0 37266.0 3.0
177149.0 37358.0 3.0
177519.0 37360.0 3.0
177933.0 37705.0 3.0
179069.0 37585.0 3.0
179389.0 37814.0 3.0
180929.0 37861.0 3.0
180965.0 37849.0 3.0
181087.0 37923.0 3.0
181519.0 38057.0 3.0
181779.0 38183.0 3.0
181843.0 38167.0 3.0
182223.0 38060.0 3.0
182363.0 38173.0 3.0
184757.0 38571.0 3.0
185135.0 38745.0 3.0
185247.0 38355.0 3.0
185475.0 38833.0 3.0
186927.0 39095.0 3.0
187799.0 39182.0 3.0
190687.0 39808.0 3.0
192063.0 39632.0 3.0
192187.0 39695.0 3.0
195457.0 40272.0 3.0
200751.0 41460.0 3.0
200999.0 41381.0 3.0
201733.0 41303.0 3.0
206003.0 42277.0 3.0
209637.0 42600.0 3.0
210291.0 42992.0 3.0
217111.0 44104.0 3.0
233075.0 46493.0 3.0
281375.0 54595.0 3.0
285607.0 55258.0 3.0
297265.0 57336.0 3.0
