rev1.1
27835.0 6625.0 3.0
27863.0 6551.0 3.0
28865.0 6713.0 3.0
29343.0 6890.0 3.0
29433.0 6876.0 3.0
30073.0 6948.0 3.0
30991.0 7121.0 3.0
31209.0 7195.0 3.0
31697.0 7191.0 3.0
31799.0 7356.0 3.0
32049.0 7338.0 3.0
32131.0 7330.0 3.0
32327.0 7326.0 3.0
32337.0 7374.0 3.0
32437.0 7273.0 3.0
32625.0 7401.0 3.0
32663.0 7337.0 3.0
32997.0 7513.0 3.0
33061.0 7456.0 3.0
33079.0 7509.0 3.0
33357.0 7438.0 3.0
33375.0 7590.0 3.0
33395.0 7493.0 3.0
33395.0 7436.0 3.0
33415.0 7498.0 3.0
33509.0 7594.0 3.0
33513.0 7599.0 3.0
33621.0 7619.0 3.0
33695.0 7502.0 3.0
33753.0 7560.0 3.0
33835.0 7576.0 3.0
33929.0 7510.0 3.0
34301.0 7687.0 3.0
34335.0 7643.0 3.0
34581.0 7758.0 3.0
34923.0 7845.0 3.0
35119.0 7716.0 3.0
35279.0 7946.0 3.0
35373.0 7790.0 3.0
35819.0 7844.0 3.0
35829.0 7843.0 3.0
35929.0 7836.0 3.0
36021.0 7998.0 3.0
36045.0 7957.0 3.0
36381.0 7927.0 3.0
36441.0 7993.0 3.0
36545.0 8101.0 3.0
36621.0 8006.0 3.0
36711.0 8139.0 3.0
36739.0 8119.0 3.0
36853.0 8162.0 3.0
36949.0 8166.0 3.0
37053.0 8076.0 3.0
37269.0 8166.0 3.0
37355.0 8109.0 3.0
37377.0 8175.0 3.0
37449.0 8147.0 3.0
37545.0 8222.0 3.0
37915.0 8326.0 3.0
37941.0 8142.0 3.0
38069.0 8385.0 3.0
38135.0 8341.0 3.0
38135.0 8346.0 3.0
38647.0 8455.0 3.0
38937.0 8428.0 3.0
38991.0 8531.0 3.0
39083.0 8417.0 3.0
39203.0 8459.0 3.0
39435.0 8420.0 3.0
39561.0 8473.0 3.0
39647.0 8649.0 3.0
39775.0 8617.0 3.0
39989.0 8535.0 3.0
40029.0 8566.0 3.0
40179.0 8619.0 3.0
40485.0 8598.0 3.0
41057.0 8870.0 3.0
41491.0 8885.0 3.0
41533.0 8874.0 3.0
41537.0 8960.0 3.0
41565.0 8924.0 3.0
41743.0 8868.0 3.0
41963.0 9029.0 3.0
42231.0 9080.0 3.0
42537.0 9113.0 3.0
42563.0 8983.0 3.0
42875.0 9194.0 3.0
43087.0 9228.0 3.0
43275.0 9041.0 3.0
43683.0 9200.0 3.0
43893.0 9285.0 3.0
43991.0 9307.0 3.0
44237.0 9362.0 3.0
44785.0 9342.0 3.0
44909.0 9456.0 3.0
46287.0 9680.0 3.0
46509.0 9707.0 3.0
47339.0 9871.0 3.0
51669.0 10526.0 3.0
53773.0 10934.0 3.0
