rev1.1
2197.0 590.0 3.0
2419.0 624.0 3.0
2507.0 662.0 3.0
2533.0 669.0 3.0
2559.0 670.0 3.0
2615.0 686.0 3.0
2721.0 705.0 3.0
2745.0 703.0 3.0
2747.0 715.0 3.0
2767.0 704.0 3.0
2775.0 724.0 3.0
2785.0 652.0 3.0
2785.0 699.0 3.0
2789.0 685.0 3.0
2823.0 714.0 3.0
2833.0 685.0 3.0
2849.0 749.0 3.0
2859.0 717.0 3.0
2885.0 753.0 3.0
2887.0 746.0 3.0
2893.0 735.0 3.0
2923.0 714.0 3.0
2941.0 739.0 3.0
2961.0 735.0 3.0
2967.0 747.0 3.0
2969.0 718.0 3.0
2979.0 751.0 3.0
2981.0 696.0 3.0
2995.0 739.0 3.0
2997.0 727.0 3.0
3017.0 752.0 3.0
3021.0 747.0 3.0
3037.0 744.0 3.0
3067.0 749.0 3.0
3075.0 784.0 3.0
3095.0 774.0 3.0
3097.0 786.0 3.0
3111.0 774.0 3.0
3111.0 764.0 3.0
3153.0 793.0 3.0
3205.0 791.0 3.0
3213.0 769.0 3.0
3249.0 770.0 3.0
3283.0 780.0 3.0
3285.0 786.0 3.0
3287.0 799.0 3.0
3321.0 816.0 3.0
3349.0 811.0 3.0
3375.0 809.0 3.0
3387.0 826.0 3.0
3389.0 828.0 3.0
3391.0 813.0 3.0
3413.0 822.0 3.0
3433.0 802.0 3.0
3477.0 869.0 3.0
3477.0 820.0 3.0
3487.0 840.0 3.0
3515.0 815.0 3.0
3521.0 832.0 3.0
3531.0 839.0 3.0
3533.0 817.0 3.0
3543.0 869.0 3.0
3587.0 841.0 3.0
3629.0 858.0 3.0
3677.0 885.0 3.0
3693.0 835.0 3.0
3705.0 854.0 3.0
3719.0 878.0 3.0
3727.0 863.0 3.0
3727.0 883.0 3.0
3773.0 903.0 3.0
3825.0 898.0 3.0
3893.0 925.0 3.0
3903.0 898.0 3.0
3905.0 894.0 3.0
3915.0 869.0 3.0
3951.0 904.0 3.0
3951.0 883.0 3.0
4019.0 903.0 3.0
4055.0 923.0 3.0
4097.0 916.0 3.0
4097.0 937.0 3.0
4117.0 948.0 3.0
4119.0 930.0 3.0
4149.0 934.0 3.0
4163.0 958.0 3.0
4219.0 996.0 3.0
4315.0 970.0 3.0
4399.0 974.0 3.0
4435.0 1014.0 3.0
4505.0 1015.0 3.0
4661.0 1017.0 3.0
4883.0 1064.0 3.0
4917.0 1065.0 3.0
4925.0 1085.0 3.0
5627.0 1187.0 3.0
5809.0 1218.0 3.0
5977.0 1250.0 3.0
6479.0 1325.0 3.0
6995.0 1419.0 3.0
