rev1.1
5341.0 1410.0 3.0
5733.0 1428.0 3.0
5911.0 1446.0 3.0
5933.0 1495.0 3.0
5939.0 1486.0 3.0
5947.0 1529.0 3.0
6003.0 1480.0 3.0
6027.0 1506.0 3.0
6219.0 1551.0 3.0
6285.0 1531.0 3.0
6323.0 1550.0 3.0
6335.0 1561.0 3.0
6365.0 1554.0 3.0
6487.0 1582.0 3.0
6525.0 1546.0 3.0
6575.0 1614.0 3.0
6611.0 1558.0 3.0
6613.0 1584.0 3.0
6641.0 1601.0 3.0
6647.0 1613.0 3.0
6647.0 1568.0 3.0
6661.0 1620.0 3.0
6669.0 1595.0 3.0
6723.0 1621.0 3.0
6791.0 1623.0 3.0
6819.0 1639.0 3.0
6905.0 1654.0 3.0
6907.0 1616.0 3.0
6931.0 1628.0 3.0
6951.0 1655.0 3.0
6977.0 1652.0 3.0
7061.0 1675.0 3.0
7095.0 1674.0 3.0
7125.0 1654.0 3.0
7133.0 1662.0 3.0
7141.0 1680.0 3.0
7187.0 1717.0 3.0
7339.0 1731.0 3.0
7355.0 1699.0 3.0
7377.0 1748.0 3.0
7393.0 1737.0 3.0
7393.0 1698.0 3.0
7415.0 1735.0 3.0
7427.0 1714.0 3.0
7445.0 1735.0 3.0
7449.0 1714.0 3.0
7471.0 1703.0 3.0
7475.0 1728.0 3.0
7511.0 1741.0 3.0
7545.0 1773.0 3.0
7559.0 1807.0 3.0
7615.0 1798.0 3.0
7727.0 1749.0 3.0
7769.0 1792.0 3.0
7835.0 1822.0 3.0
7875.0 1776.0 3.0
7883.0 1816.0 3.0
7911.0 1791.0 3.0
7913.0 1803.0 3.0
7915.0 1833.0 3.0
7959.0 1830.0 3.0
8021.0 1808.0 3.0
8063.0 1865.0 3.0
8177.0 1854.0 3.0
8203.0 1837.0 3.0
8241.0 1874.0 3.0
8285.0 1907.0 3.0
8329.0 1886.0 3.0
8369.0 1844.0 3.0
8401.0 1912.0 3.0
8407.0 1862.0 3.0
8413.0 1918.0 3.0
8421.0 1861.0 3.0
8487.0 1923.0 3.0
8583.0 1906.0 3.0
8583.0 1981.0 3.0
8649.0 1886.0 3.0
8701.0 1970.0 3.0
8715.0 1951.0 3.0
8915.0 1977.0 3.0
8953.0 1950.0 3.0
9073.0 1997.0 3.0
9083.0 1990.0 3.0
9113.0 2019.0 3.0
9185.0 2008.0 3.0
9191.0 1995.0 3.0
9259.0 2012.0 3.0
9375.0 2047.0 3.0
9445.0 2082.0 3.0
9571.0 2100.0 3.0
9595.0 2123.0 3.0
9761.0 2156.0 3.0
9777.0 2111.0 3.0
9779.0 2115.0 3.0
9785.0 2124.0 3.0
10593.0 2274.0 3.0
11401.0 2427.0 3.0
11841.0 2471.0 3.0
12233.0 2515.0 3.0
14075.0 2843.0 3.0
