rev1.1
987.0 307.0 3.0
1019.0 276.0 3.0
1033.0 292.0 3.0
1035.0 298.0 3.0
1047.0 298.0 3.0
1113.0 319.0 3.0
1135.0 313.0 3.0
1137.0 315.0 3.0
1147.0 307.0 3.0
1159.0 306.0 3.0
1163.0 332.0 3.0
1183.0 311.0 3.0
1191.0 328.0 3.0
1235.0 342.0 3.0
1249.0 321.0 3.0
1255.0 298.0 3.0
1267.0 346.0 3.0
1267.0 315.0 3.0
1269.0 341.0 3.0
1273.0 346.0 3.0
1283.0 331.0 3.0
1303.0 349.0 3.0
1327.0 333.0 3.0
1339.0 328.0 3.0
1343.0 336.0 3.0
1365.0 361.0 3.0
1377.0 339.0 3.0
1379.0 362.0 3.0
1381.0 354.0 3.0
1387.0 360.0 3.0
1391.0 375.0 3.0
1409.0 359.0 3.0
1421.0 371.0 3.0
1437.0 368.0 3.0
1439.0 356.0 3.0
1459.0 379.0 3.0
1471.0 368.0 3.0
1475.0 395.0 3.0
1479.0 358.0 3.0
1483.0 371.0 3.0
1505.0 373.0 3.0
1507.0 373.0 3.0
1507.0 374.0 3.0
1515.0 382.0 3.0
1517.0 378.0 3.0
1521.0 384.0 3.0
1529.0 383.0 3.0
1529.0 381.0 3.0
1533.0 400.0 3.0
1533.0 374.0 3.0
1537.0 399.0 3.0
1549.0 377.0 3.0
1557.0 395.0 3.0
1559.0 386.0 3.0
1567.0 397.0 3.0
1573.0 374.0 3.0
1577.0 390.0 3.0
1593.0 393.0 3.0
1595.0 377.0 3.0
1597.0 399.0 3.0
1615.0 391.0 3.0
1621.0 389.0 3.0
1627.0 417.0 3.0
1637.0 420.0 3.0
1655.0 401.0 3.0
1661.0 382.0 3.0
1667.0 400.0 3.0
1695.0 424.0 3.0
1729.0 434.0 3.0
1731.0 427.0 3.0
1741.0 415.0 3.0
1753.0 407.0 3.0
1759.0 431.0 3.0
1759.0 418.0 3.0
1793.0 434.0 3.0
1799.0 435.0 3.0
1813.0 433.0 3.0
1827.0 436.0 3.0
1835.0 422.0 3.0
1845.0 448.0 3.0
1883.0 457.0 3.0
1907.0 452.0 3.0
1923.0 441.0 3.0
1925.0 425.0 3.0
1949.0 461.0 3.0
1959.0 452.0 3.0
2007.0 467.0 3.0
2045.0 462.0 3.0
2069.0 465.0 3.0
2097.0 487.0 3.0
2137.0 490.0 3.0
2179.0 492.0 3.0
2235.0 496.0 3.0
2245.0 486.0 3.0
2349.0 514.0 3.0
2403.0 517.0 3.0
2411.0 552.0 3.0
2441.0 538.0 3.0
2477.0 550.0 3.0
2553.0 557.0 3.0
