rev1.1
1390147.0 293921.0 3.0
1403849.0 296176.0 3.0
1422881.0 299737.0 3.0
1436389.0 302105.0 3.0
1447169.0 303299.0 3.0
1467935.0 307132.0 3.0
1468827.0 307737.0 3.0
1468839.0 307048.0 3.0
1478401.0 308753.0 3.0
1485439.0 310388.0 3.0
1485945.0 310080.0 3.0
1492163.0 311077.0 3.0
1498747.0 312341.0 3.0
1499791.0 312816.0 3.0
1520457.0 316061.0 3.0
1525989.0 316568.0 3.0
1532737.0 317718.0 3.0
1537693.0 319128.0 3.0
1537883.0 318681.0 3.0
1538865.0 319137.0 3.0
1544179.0 319604.0 3.0
1552121.0 320912.0 3.0
1553947.0 321313.0 3.0
1555797.0 322592.0 3.0
1557071.0 322037.0 3.0
1564309.0 323492.0 3.0
1569749.0 324298.0 3.0
1570451.0 323971.0 3.0
1572271.0 324517.0 3.0
1574757.0 325372.0 3.0
1575737.0 325284.0 3.0
1577179.0 325531.0 3.0
1579811.0 325506.0 3.0
1580655.0 326525.0 3.0
1586933.0 326927.0 3.0
1589267.0 327131.0 3.0
1589929.0 327553.0 3.0
1590785.0 327788.0 3.0
1592909.0 327872.0 3.0
1596543.0 329022.0 3.0
1601481.0 329258.0 3.0
1601743.0 329362.0 3.0
1602381.0 329607.0 3.0
1613355.0 331378.0 3.0
1613377.0 331133.0 3.0
1620947.0 332384.0 3.0
1626545.0 333449.0 3.0
1628873.0 334123.0 3.0
1629051.0 334006.0 3.0
1641439.0 336047.0 3.0
1642261.0 336519.0 3.0
1642741.0 336367.0 3.0
1650973.0 337956.0 3.0
1651867.0 337933.0 3.0
1652725.0 338528.0 3.0
1656633.0 338425.0 3.0
1661087.0 339008.0 3.0
1668183.0 340205.0 3.0
1668651.0 340366.0 3.0
1671057.0 341089.0 3.0
1689471.0 343924.0 3.0
1690927.0 343986.0 3.0
1698905.0 345641.0 3.0
1704165.0 346516.0 3.0
1712327.0 348090.0 3.0
1712865.0 347834.0 3.0
1717589.0 348692.0 3.0
1719639.0 349015.0 3.0
1723489.0 349648.0 3.0
1741193.0 352432.0 3.0
1742335.0 353066.0 3.0
1749575.0 354584.0 3.0
1754963.0 354757.0 3.0
1757451.0 355306.0 3.0
1761873.0 356542.0 3.0
1762475.0 356118.0 3.0
1765931.0 356557.0 3.0
1766725.0 356977.0 3.0
1768055.0 357931.0 3.0
1769399.0 357134.0 3.0
1775573.0 358023.0 3.0
1806757.0 364399.0 3.0
1807121.0 363630.0 3.0
1835623.0 368170.0 3.0
1843315.0 369590.0 3.0
1856717.0 372167.0 3.0
1875713.0 375282.0 3.0
1881289.0 376022.0 3.0
1888223.0 377379.0 3.0
1917565.0 382337.0 3.0
1926045.0 383734.0 3.0
1990885.0 394115.0 3.0
1998095.0 395812.0 3.0
2009723.0 397567.0 3.0
2023293.0 399690.0 3.0
2041407.0 402943.0 3.0
2057823.0 405390.0 3.0
2060513.0 406499.0 3.0
2070953.0 407665.0 3.0
2220945.0 432626.0 3.0
