rev1.1
636579.0 137276.0 3.0
667111.0 142704.0 3.0
670365.0 142936.0 3.0
670879.0 143775.0 3.0
680669.0 144481.0 3.0
680953.0 144596.0 3.0
686399.0 145406.0 3.0
688855.0 146344.0 3.0
692989.0 147223.0 3.0
697027.0 147377.0 3.0
697453.0 147516.0 3.0
698177.0 147515.0 3.0
698801.0 147786.0 3.0
700311.0 148302.0 3.0
707671.0 149259.0 3.0
710733.0 150015.0 3.0
710895.0 149681.0 3.0
711559.0 150117.0 3.0
712033.0 150008.0 3.0
715755.0 150761.0 3.0
717415.0 150633.0 3.0
719809.0 151041.0 3.0
723641.0 151787.0 3.0
725419.0 151959.0 3.0
727637.0 152333.0 3.0
728421.0 153108.0 3.0
739013.0 154270.0 3.0
739605.0 155040.0 3.0
740363.0 154839.0 3.0
742539.0 155066.0 3.0
746515.0 155926.0 3.0
748741.0 156219.0 3.0
750367.0 156175.0 3.0
752725.0 156934.0 3.0
753007.0 156826.0 3.0
755801.0 157478.0 3.0
755867.0 156743.0 3.0
758349.0 157506.0 3.0
760777.0 157759.0 3.0
764487.0 159178.0 3.0
765603.0 159040.0 3.0
765895.0 158711.0 3.0
768101.0 158848.0 3.0
769261.0 159022.0 3.0
769697.0 159478.0 3.0
770169.0 159384.0 3.0
770421.0 159577.0 3.0
771209.0 159587.0 3.0
772705.0 159483.0 3.0
772883.0 160065.0 3.0
777519.0 160807.0 3.0
778203.0 160726.0 3.0
779873.0 161270.0 3.0
791101.0 162881.0 3.0
791927.0 163337.0 3.0
794615.0 163483.0 3.0
796129.0 164297.0 3.0
796603.0 163834.0 3.0
797205.0 163983.0 3.0
803717.0 165396.0 3.0
804873.0 165741.0 3.0
807189.0 165733.0 3.0
809651.0 166557.0 3.0
814345.0 167100.0 3.0
817563.0 167945.0 3.0
820275.0 167985.0 3.0
821421.0 168359.0 3.0
822281.0 168127.0 3.0
824039.0 168547.0 3.0
828779.0 169460.0 3.0
830769.0 169462.0 3.0
830775.0 170156.0 3.0
846189.0 172381.0 3.0
847389.0 172385.0 3.0
848525.0 172740.0 3.0
851779.0 173180.0 3.0
853309.0 173478.0 3.0
854057.0 173485.0 3.0
860203.0 174689.0 3.0
860295.0 174625.0 3.0
863027.0 175232.0 3.0
873601.0 176399.0 3.0
873819.0 176701.0 3.0
885777.0 178807.0 3.0
889939.0 179519.0 3.0
900795.0 181562.0 3.0
902049.0 181622.0 3.0
913945.0 184009.0 3.0
918507.0 184322.0 3.0
935923.0 187452.0 3.0
944503.0 188749.0 3.0
953353.0 189901.0 3.0
963305.0 191950.0 3.0
983295.0 194906.0 3.0
992161.0 196244.0 3.0
1052615.0 206632.0 3.0
1072893.0 209989.0 3.0
1109275.0 215890.0 3.0
1153373.0 223471.0 3.0
1261287.0 241555.0 3.0
