rev1.1
303667.0 66274.0 3.0
305751.0 66487.0 3.0
312019.0 67456.0 3.0
316385.0 68231.0 3.0
320027.0 68826.0 3.0
323361.0 69698.0 3.0
324867.0 69696.0 3.0
328401.0 70431.0 3.0
329341.0 70421.0 3.0
331931.0 71147.0 3.0
333643.0 71170.0 3.0
335937.0 71475.0 3.0
336275.0 71469.0 3.0
337363.0 71944.0 3.0
337447.0 71658.0 3.0
337515.0 71944.0 3.0
338901.0 72048.0 3.0
338955.0 71854.0 3.0
340053.0 72369.0 3.0
342671.0 72666.0 3.0
343445.0 73067.0 3.0
343851.0 72815.0 3.0
345917.0 73167.0 3.0
346273.0 73267.0 3.0
346805.0 73314.0 3.0
347009.0 73453.0 3.0
347497.0 73474.0 3.0
347917.0 73613.0 3.0
350505.0 74292.0 3.0
352893.0 74688.0 3.0
353215.0 74588.0 3.0
354051.0 74599.0 3.0
354159.0 74462.0 3.0
354941.0 74929.0 3.0
355095.0 74630.0 3.0
355431.0 74897.0 3.0
355555.0 74824.0 3.0
355933.0 74917.0 3.0
356957.0 75125.0 3.0
357031.0 75106.0 3.0
357227.0 75027.0 3.0
358485.0 75316.0 3.0
358827.0 75412.0 3.0
359165.0 75455.0 3.0
359305.0 75736.0 3.0
359371.0 75440.0 3.0
359565.0 75524.0 3.0
359889.0 75671.0 3.0
360197.0 75629.0 3.0
361637.0 75851.0 3.0
363463.0 76200.0 3.0
363699.0 76528.0 3.0
364003.0 75991.0 3.0
364981.0 76370.0 3.0
365087.0 76428.0 3.0
366187.0 76465.0 3.0
368611.0 77083.0 3.0
371235.0 77321.0 3.0
372239.0 77594.0 3.0
372569.0 77913.0 3.0
372883.0 77985.0 3.0
374113.0 77727.0 3.0
375027.0 78196.0 3.0
376335.0 78277.0 3.0
377519.0 78204.0 3.0
377841.0 78643.0 3.0
378097.0 78780.0 3.0
378667.0 78848.0 3.0
385413.0 80014.0 3.0
387345.0 80341.0 3.0
387515.0 80173.0 3.0
389881.0 80736.0 3.0
391643.0 80765.0 3.0
391905.0 80956.0 3.0
392517.0 81149.0 3.0
392587.0 80960.0 3.0
394125.0 81294.0 3.0
395907.0 81664.0 3.0
396639.0 81883.0 3.0
400759.0 82443.0 3.0
407705.0 83640.0 3.0
412363.0 84248.0 3.0
419847.0 85318.0 3.0
425869.0 86762.0 3.0
426597.0 86694.0 3.0
427225.0 86752.0 3.0
428653.0 86929.0 3.0
432479.0 87533.0 3.0
434099.0 88211.0 3.0
434301.0 87856.0 3.0
448909.0 90661.0 3.0
450185.0 90743.0 3.0
452873.0 91020.0 3.0
455181.0 91589.0 3.0
458975.0 92333.0 3.0
465287.0 93053.0 3.0
477689.0 95321.0 3.0
482227.0 96027.0 3.0
484431.0 96372.0 3.0
497899.0 98482.0 3.0
