rev1.1
317875.0 73047.0 3.0
328027.0 74821.0 3.0
341291.0 77034.0 3.0
343191.0 77301.0 3.0
343403.0 77834.0 3.0
343909.0 78345.0 3.0
346829.0 78200.0 3.0
348873.0 78486.0 3.0
350229.0 78590.0 3.0
353511.0 79448.0 3.0
355971.0 79646.0 3.0
357621.0 79874.0 3.0
357919.0 79760.0 3.0
358433.0 80479.0 3.0
361513.0 80841.0 3.0
362701.0 80943.0 3.0
362717.0 80785.0 3.0
363453.0 80956.0 3.0
363703.0 80734.0 3.0
365467.0 81209.0 3.0
365799.0 81169.0 3.0
365839.0 81393.0 3.0
367329.0 81686.0 3.0
367379.0 81676.0 3.0
367483.0 81519.0 3.0
368961.0 81597.0 3.0
369359.0 82054.0 3.0
372247.0 82471.0 3.0
372345.0 82441.0 3.0
374319.0 82701.0 3.0
374889.0 82931.0 3.0
375791.0 82944.0 3.0
376621.0 83725.0 3.0
378075.0 83372.0 3.0
378401.0 83451.0 3.0
378639.0 83559.0 3.0
386295.0 85006.0 3.0
386411.0 84987.0 3.0
390113.0 85516.0 3.0
390855.0 85355.0 3.0
391835.0 85387.0 3.0
393735.0 85949.0 3.0
396057.0 86382.0 3.0
396901.0 86284.0 3.0
398013.0 87176.0 3.0
398165.0 86386.0 3.0
399651.0 87038.0 3.0
399887.0 87358.0 3.0
401897.0 87382.0 3.0
402217.0 87115.0 3.0
402549.0 87376.0 3.0
403271.0 87739.0 3.0
403773.0 87577.0 3.0
404217.0 87671.0 3.0
404805.0 88234.0 3.0
406179.0 87959.0 3.0
406449.0 88237.0 3.0
406641.0 88373.0 3.0
407159.0 88168.0 3.0
407327.0 88072.0 3.0
407501.0 88383.0 3.0
407765.0 88488.0 3.0
409357.0 88489.0 3.0
409611.0 88523.0 3.0
409977.0 88794.0 3.0
411165.0 89365.0 3.0
411223.0 88775.0 3.0
412597.0 89028.0 3.0
413287.0 89446.0 3.0
413817.0 89021.0 3.0
416951.0 90063.0 3.0
418187.0 90452.0 3.0
421163.0 90765.0 3.0
423227.0 91021.0 3.0
424565.0 91091.0 3.0
427491.0 91795.0 3.0
428197.0 91912.0 3.0
428569.0 91863.0 3.0
428893.0 91823.0 3.0
429903.0 92402.0 3.0
430375.0 92201.0 3.0
431699.0 92304.0 3.0
436437.0 92904.0 3.0
436869.0 92992.0 3.0
438001.0 93507.0 3.0
442757.0 94229.0 3.0
448145.0 95025.0 3.0
449187.0 95037.0 3.0
452135.0 96049.0 3.0
456117.0 96198.0 3.0
458927.0 96725.0 3.0
461795.0 97498.0 3.0
464235.0 97836.0 3.0
467667.0 97995.0 3.0
470655.0 98832.0 3.0
481755.0 101056.0 3.0
484325.0 100976.0 3.0
485931.0 101072.0 3.0
490895.0 101978.0 3.0
546733.0 111638.0 3.0
