rev1.1
1444609.0 321740.0 3.0
1467787.0 325278.0 3.0
1485471.0 328449.0 3.0
1507597.0 332676.0 3.0
1510495.0 332197.0 3.0
1512511.0 332725.0 3.0
1516951.0 333933.0 3.0
1557715.0 340755.0 3.0
1561781.0 341588.0 3.0
1563051.0 342111.0 3.0
1564309.0 342401.0 3.0
1564861.0 341620.0 3.0
1568955.0 342665.0 3.0
1569231.0 341844.0 3.0
1581321.0 344400.0 3.0
1591995.0 345947.0 3.0
1592717.0 346140.0 3.0
1599089.0 347258.0 3.0
1603459.0 348175.0 3.0
1605577.0 348516.0 3.0
1620369.0 351318.0 3.0
1624981.0 351157.0 3.0
1628935.0 352365.0 3.0
1637521.0 353429.0 3.0
1642917.0 354886.0 3.0
1646039.0 355181.0 3.0
1646707.0 355727.0 3.0
1647563.0 355589.0 3.0
1647779.0 357014.0 3.0
1651883.0 356122.0 3.0
1655721.0 357438.0 3.0
1661673.0 358024.0 3.0
1661675.0 357869.0 3.0
1666929.0 359371.0 3.0
1667341.0 358658.0 3.0
1668503.0 359894.0 3.0
1673761.0 359695.0 3.0
1689309.0 362897.0 3.0
1696931.0 364224.0 3.0
1702147.0 364743.0 3.0
1704617.0 365804.0 3.0
1707663.0 364849.0 3.0
1709339.0 366127.0 3.0
1714241.0 367405.0 3.0
1714435.0 367189.0 3.0
1716413.0 367483.0 3.0
1718425.0 367226.0 3.0
1718857.0 366895.0 3.0
1721159.0 368270.0 3.0
1722463.0 368279.0 3.0
1725387.0 369011.0 3.0
1727593.0 369217.0 3.0
1727891.0 368269.0 3.0
1750569.0 372943.0 3.0
1751427.0 372889.0 3.0
1753789.0 373540.0 3.0
1755233.0 373488.0 3.0
1755353.0 373203.0 3.0
1757611.0 373215.0 3.0
1758765.0 373971.0 3.0
1762179.0 374562.0 3.0
1764207.0 375218.0 3.0
1768443.0 375639.0 3.0
1769157.0 375637.0 3.0
1780909.0 378343.0 3.0
1787493.0 378450.0 3.0
1788241.0 379652.0 3.0
1789073.0 379325.0 3.0
1799863.0 381328.0 3.0
1807709.0 382513.0 3.0
1809113.0 382806.0 3.0
1812833.0 382497.0 3.0
1815729.0 383874.0 3.0
1823031.0 384965.0 3.0
1827263.0 385701.0 3.0
1840549.0 387781.0 3.0
1846295.0 388592.0 3.0
1849243.0 389987.0 3.0
1859719.0 391097.0 3.0
1874477.0 393490.0 3.0
1877587.0 393561.0 3.0
1878683.0 394520.0 3.0
1883237.0 395206.0 3.0
1884069.0 394960.0 3.0
1885593.0 395909.0 3.0
1888563.0 395658.0 3.0
1908265.0 399159.0 3.0
1917627.0 399757.0 3.0
1954059.0 406821.0 3.0
1976143.0 410405.0 3.0
1976747.0 410027.0 3.0
2000339.0 413988.0 3.0
2037607.0 420943.0 3.0
2060401.0 424288.0 3.0
2086513.0 428623.0 3.0
2101563.0 431002.0 3.0
2138045.0 437225.0 3.0
2169291.0 442173.0 3.0
2237967.0 454701.0 3.0
2881391.0 560745.0 3.0
