rev1.1
69315.0 16581.0 3.0
72395.0 17349.0 3.0
72877.0 17224.0 3.0
73023.0 17145.0 3.0
74471.0 17469.0 3.0
74693.0 17585.0 3.0
74957.0 17692.0 3.0
75313.0 17632.0 3.0
75465.0 17692.0 3.0
75509.0 17657.0 3.0
76001.0 17851.0 3.0
76441.0 17756.0 3.0
76719.0 18099.0 3.0
77215.0 17901.0 3.0
77477.0 18214.0 3.0
77651.0 17954.0 3.0
77877.0 18155.0 3.0
78197.0 18274.0 3.0
78555.0 18396.0 3.0
78637.0 18343.0 3.0
78681.0 18227.0 3.0
78759.0 18318.0 3.0
78759.0 18420.0 3.0
79011.0 18205.0 3.0
79439.0 18316.0 3.0
79517.0 18426.0 3.0
79643.0 18648.0 3.0
80573.0 18702.0 3.0
80715.0 18367.0 3.0
80941.0 18403.0 3.0
80969.0 18668.0 3.0
81095.0 18587.0 3.0
81113.0 18635.0 3.0
81223.0 18793.0 3.0
81361.0 18887.0 3.0
81439.0 18746.0 3.0
81691.0 18786.0 3.0
81809.0 18759.0 3.0
82675.0 18655.0 3.0
82735.0 19039.0 3.0
82979.0 19168.0 3.0
83511.0 19056.0 3.0
84083.0 19154.0 3.0
84169.0 19124.0 3.0
84259.0 19002.0 3.0
84325.0 19397.0 3.0
84671.0 19254.0 3.0
84723.0 19361.0 3.0
85343.0 19444.0 3.0
85701.0 19457.0 3.0
85983.0 19592.0 3.0
86587.0 19717.0 3.0
86785.0 19680.0 3.0
87235.0 19771.0 3.0
87325.0 19698.0 3.0
87373.0 19768.0 3.0
88217.0 20005.0 3.0
89029.0 19815.0 3.0
89431.0 19922.0 3.0
89479.0 20155.0 3.0
89785.0 19885.0 3.0
90031.0 20375.0 3.0
90177.0 20312.0 3.0
90237.0 20087.0 3.0
90483.0 20354.0 3.0
90733.0 20385.0 3.0
91065.0 20375.0 3.0
91379.0 20479.0 3.0
92057.0 20428.0 3.0
92301.0 20505.0 3.0
92709.0 20507.0 3.0
92783.0 20604.0 3.0
93587.0 20679.0 3.0
93763.0 20804.0 3.0
93995.0 20804.0 3.0
94023.0 20625.0 3.0
95175.0 21029.0 3.0
95321.0 21068.0 3.0
97255.0 21205.0 3.0
98661.0 21673.0 3.0
99035.0 21756.0 3.0
99209.0 21707.0 3.0
99881.0 21833.0 3.0
100231.0 21897.0 3.0
100267.0 22033.0 3.0
100575.0 21947.0 3.0
100587.0 21877.0 3.0
101145.0 22210.0 3.0
101255.0 22009.0 3.0
102533.0 22386.0 3.0
105699.0 22796.0 3.0
106287.0 22820.0 3.0
106515.0 22895.0 3.0
106695.0 22940.0 3.0
107799.0 23138.0 3.0
109535.0 23501.0 3.0
111215.0 23701.0 3.0
111421.0 23881.0 3.0
113909.0 24150.0 3.0
119935.0 25114.0 3.0
