rev1.1
14017.0 3650.0 3.0
14585.0 3719.0 3.0
15093.0 3948.0 3.0
15095.0 3765.0 3.0
15097.0 3848.0 3.0
15459.0 3812.0 3.0
15583.0 3835.0 3.0
15841.0 3992.0 3.0
15979.0 3905.0 3.0
16005.0 3910.0 3.0
16067.0 4030.0 3.0
16179.0 4049.0 3.0
16327.0 3989.0 3.0
16339.0 4074.0 3.0
16479.0 4041.0 3.0
16545.0 4036.0 3.0
16823.0 4132.0 3.0
16841.0 4083.0 3.0
16941.0 4118.0 3.0
17023.0 4204.0 3.0
17139.0 4114.0 3.0
17151.0 4200.0 3.0
17151.0 4123.0 3.0
17221.0 4117.0 3.0
17301.0 4111.0 3.0
17415.0 4213.0 3.0
17427.0 4210.0 3.0
17537.0 4270.0 3.0
17591.0 4201.0 3.0
17737.0 4229.0 3.0
17957.0 4410.0 3.0
17989.0 4293.0 3.0
18003.0 4274.0 3.0
18053.0 4385.0 3.0
18085.0 4329.0 3.0
18125.0 4257.0 3.0
18207.0 4377.0 3.0
18279.0 4225.0 3.0
18355.0 4393.0 3.0
18373.0 4323.0 3.0
18463.0 4346.0 3.0
18479.0 4472.0 3.0
18501.0 4369.0 3.0
18513.0 4423.0 3.0
18543.0 4425.0 3.0
18585.0 4439.0 3.0
18595.0 4338.0 3.0
18619.0 4426.0 3.0
18669.0 4447.0 3.0
18725.0 4506.0 3.0
18897.0 4464.0 3.0
18977.0 4446.0 3.0
19027.0 4583.0 3.0
19075.0 4432.0 3.0
19193.0 4546.0 3.0
19259.0 4515.0 3.0
19357.0 4470.0 3.0
19441.0 4540.0 3.0
19551.0 4652.0 3.0
19853.0 4481.0 3.0
19883.0 4599.0 3.0
19931.0 4603.0 3.0
19983.0 4616.0 3.0
20139.0 4666.0 3.0
20265.0 4668.0 3.0
20271.0 4652.0 3.0
20303.0 4676.0 3.0
20369.0 4716.0 3.0
20579.0 4724.0 3.0
20717.0 4697.0 3.0
20801.0 4821.0 3.0
21123.0 4860.0 3.0
21365.0 4817.0 3.0
21459.0 4894.0 3.0
21521.0 4884.0 3.0
21701.0 4892.0 3.0
21727.0 4924.0 3.0
21847.0 4893.0 3.0
21863.0 4946.0 3.0
22079.0 5099.0 3.0
22135.0 4976.0 3.0
22141.0 5153.0 3.0
22305.0 4969.0 3.0
22391.0 5151.0 3.0
22515.0 5028.0 3.0
22591.0 5014.0 3.0
22627.0 5048.0 3.0
22635.0 5060.0 3.0
22659.0 5102.0 3.0
22843.0 5308.0 3.0
22879.0 5086.0 3.0
23313.0 5208.0 3.0
23471.0 5296.0 3.0
23549.0 5214.0 3.0
24551.0 5294.0 3.0
25139.0 5500.0 3.0
25325.0 5561.0 3.0
27837.0 5901.0 3.0
28423.0 6099.0 3.0
29219.0 6117.0 3.0
