rev1.1
32569.0 7925.0 3.0
32621.0 8069.0 3.0
33117.0 8037.0 3.0
33295.0 8256.0 3.0
33571.0 8194.0 3.0
33739.0 8221.0 3.0
33801.0 8145.0 3.0
34253.0 8279.0 3.0
34747.0 8511.0 3.0
34841.0 8276.0 3.0
34951.0 8464.0 3.0
34999.0 8289.0 3.0
35447.0 8455.0 3.0
35697.0 8518.0 3.0
35769.0 8495.0 3.0
35973.0 8697.0 3.0
36207.0 8500.0 3.0
36329.0 8665.0 3.0
36353.0 8650.0 3.0
36379.0 8819.0 3.0
36391.0 8671.0 3.0
36565.0 8677.0 3.0
36621.0 8800.0 3.0
36929.0 8764.0 3.0
37027.0 8817.0 3.0
37181.0 8703.0 3.0
37213.0 8774.0 3.0
37525.0 8793.0 3.0
38065.0 8959.0 3.0
38089.0 8812.0 3.0
38191.0 8837.0 3.0
38421.0 8912.0 3.0
38627.0 8858.0 3.0
38679.0 9036.0 3.0
38837.0 9044.0 3.0
38925.0 9050.0 3.0
39067.0 9054.0 3.0
39169.0 9056.0 3.0
39531.0 9236.0 3.0
39591.0 9185.0 3.0
39919.0 9153.0 3.0
39923.0 9237.0 3.0
39959.0 9253.0 3.0
40119.0 9326.0 3.0
40253.0 9306.0 3.0
40285.0 9262.0 3.0
40295.0 9311.0 3.0
40341.0 9403.0 3.0
40345.0 9307.0 3.0
40377.0 9282.0 3.0
40597.0 9481.0 3.0
40885.0 9369.0 3.0
40951.0 9461.0 3.0
41037.0 9405.0 3.0
41067.0 9440.0 3.0
41337.0 9579.0 3.0
41397.0 9449.0 3.0
41495.0 9584.0 3.0
41537.0 9463.0 3.0
41611.0 9402.0 3.0
41619.0 9533.0 3.0
41757.0 9571.0 3.0
41873.0 9591.0 3.0
41945.0 9431.0 3.0
42021.0 9615.0 3.0
42103.0 9775.0 3.0
42135.0 9484.0 3.0
42159.0 9588.0 3.0
42603.0 9479.0 3.0
42793.0 9690.0 3.0
43027.0 9787.0 3.0
43039.0 9724.0 3.0
43079.0 9714.0 3.0
43617.0 9724.0 3.0
43749.0 9911.0 3.0
43753.0 9881.0 3.0
43823.0 9990.0 3.0
43835.0 10072.0 3.0
44019.0 9933.0 3.0
44111.0 9834.0 3.0
44351.0 9999.0 3.0
44925.0 10223.0 3.0
45233.0 10209.0 3.0
45277.0 10015.0 3.0
45807.0 10198.0 3.0
45845.0 10366.0 3.0
46155.0 10307.0 3.0
46159.0 10098.0 3.0
46811.0 10290.0 3.0
47135.0 10432.0 3.0
48169.0 10545.0 3.0
48799.0 10666.0 3.0
49927.0 10859.0 3.0
52649.0 11401.0 3.0
52663.0 11357.0 3.0
52727.0 11352.0 3.0
53583.0 11473.0 3.0
53597.0 11585.0 3.0
54727.0 11925.0 3.0
61589.0 12783.0 3.0
