rev1.1
6495.0 1722.0 3.0
6647.0 1726.0 3.0
6653.0 1793.0 3.0
6695.0 1741.0 3.0
6719.0 1708.0 3.0
6795.0 1818.0 3.0
6833.0 1746.0 3.0
7083.0 1742.0 3.0
7175.0 1839.0 3.0
7283.0 1836.0 3.0
7337.0 1859.0 3.0
7431.0 1869.0 3.0
7437.0 1904.0 3.0
7473.0 1862.0 3.0
7475.0 1892.0 3.0
7523.0 1880.0 3.0
7529.0 1918.0 3.0
7535.0 1850.0 3.0
7687.0 1938.0 3.0
7695.0 1957.0 3.0
7713.0 1988.0 3.0
7723.0 1940.0 3.0
7731.0 1959.0 3.0
7751.0 2013.0 3.0
7793.0 1939.0 3.0
7813.0 1889.0 3.0
7819.0 1941.0 3.0
7825.0 1901.0 3.0
7865.0 1929.0 3.0
7909.0 1971.0 3.0
7919.0 1963.0 3.0
7937.0 2090.0 3.0
7969.0 1959.0 3.0
7985.0 1936.0 3.0
7989.0 2018.0 3.0
8005.0 1999.0 3.0
8043.0 2026.0 3.0
8047.0 1997.0 3.0
8047.0 1966.0 3.0
8087.0 1988.0 3.0
8117.0 1970.0 3.0
8177.0 2012.0 3.0
8179.0 1980.0 3.0
8191.0 1965.0 3.0
8213.0 2014.0 3.0
8319.0 2027.0 3.0
8403.0 1957.0 3.0
8479.0 2081.0 3.0
8565.0 2092.0 3.0
8601.0 2115.0 3.0
8653.0 2018.0 3.0
8821.0 2058.0 3.0
8835.0 2177.0 3.0
8927.0 2141.0 3.0
8927.0 2133.0 3.0
8947.0 2084.0 3.0
9037.0 2158.0 3.0
9047.0 2172.0 3.0
9057.0 2198.0 3.0
9091.0 2162.0 3.0
9139.0 2201.0 3.0
9195.0 2219.0 3.0
9237.0 2184.0 3.0
9345.0 2249.0 3.0
9491.0 2278.0 3.0
9507.0 2265.0 3.0
9517.0 2257.0 3.0
9535.0 2180.0 3.0
9575.0 2253.0 3.0
9607.0 2285.0 3.0
9629.0 2233.0 3.0
9791.0 2282.0 3.0
9847.0 2387.0 3.0
9855.0 2293.0 3.0
9931.0 2287.0 3.0
9939.0 2340.0 3.0
9943.0 2271.0 3.0
9969.0 2355.0 3.0
10021.0 2305.0 3.0
10167.0 2299.0 3.0
10295.0 2390.0 3.0
10335.0 2438.0 3.0
10409.0 2404.0 3.0
10439.0 2353.0 3.0
10483.0 2369.0 3.0
10557.0 2426.0 3.0
10603.0 2460.0 3.0
10719.0 2439.0 3.0
10755.0 2441.0 3.0
10887.0 2474.0 3.0
11121.0 2512.0 3.0
11189.0 2588.0 3.0
11443.0 2529.0 3.0
11581.0 2564.0 3.0
11647.0 2600.0 3.0
11677.0 2613.0 3.0
12171.0 2684.0 3.0
12687.0 2871.0 3.0
14663.0 3066.0 3.0
15425.0 3189.0 3.0
