rev1.1
152867.0 35671.0 3.0
153599.0 36031.0 3.0
157239.0 36418.0 3.0
157405.0 36425.0 3.0
158191.0 36556.0 3.0
159493.0 36745.0 3.0
159713.0 37006.0 3.0
161533.0 36904.0 3.0
161533.0 37182.0 3.0
162293.0 37410.0 3.0
163177.0 37645.0 3.0
163685.0 37859.0 3.0
164807.0 38063.0 3.0
165071.0 37846.0 3.0
165259.0 37781.0 3.0
165641.0 37897.0 3.0
165737.0 37859.0 3.0
166105.0 37785.0 3.0
166193.0 38013.0 3.0
167403.0 38081.0 3.0
167783.0 38011.0 3.0
168537.0 38356.0 3.0
168775.0 38408.0 3.0
168779.0 38424.0 3.0
168873.0 38494.0 3.0
169011.0 38611.0 3.0
169139.0 38345.0 3.0
169841.0 38479.0 3.0
170433.0 38876.0 3.0
170433.0 38488.0 3.0
170911.0 38698.0 3.0
170929.0 38876.0 3.0
171171.0 38726.0 3.0
171535.0 38814.0 3.0
172991.0 38783.0 3.0
173075.0 38876.0 3.0
174489.0 39345.0 3.0
174761.0 39198.0 3.0
174945.0 39564.0 3.0
175243.0 39461.0 3.0
176735.0 39847.0 3.0
177729.0 39722.0 3.0
178583.0 40159.0 3.0
178791.0 40213.0 3.0
179401.0 40013.0 3.0
179551.0 40253.0 3.0
179707.0 40199.0 3.0
180355.0 40354.0 3.0
180689.0 40475.0 3.0
180781.0 40393.0 3.0
180889.0 40542.0 3.0
181113.0 40848.0 3.0
181117.0 40757.0 3.0
181815.0 40634.0 3.0
181977.0 40662.0 3.0
182031.0 40363.0 3.0
182051.0 40633.0 3.0
182383.0 40611.0 3.0
182677.0 40441.0 3.0
182867.0 40785.0 3.0
182921.0 40774.0 3.0
184401.0 40986.0 3.0
184597.0 41029.0 3.0
184639.0 41146.0 3.0
185555.0 41423.0 3.0
185569.0 41267.0 3.0
186501.0 41758.0 3.0
186907.0 41391.0 3.0
187627.0 41616.0 3.0
188975.0 41901.0 3.0
188989.0 41759.0 3.0
190279.0 42111.0 3.0
190721.0 41988.0 3.0
190727.0 42222.0 3.0
191337.0 42063.0 3.0
191827.0 42109.0 3.0
191955.0 42309.0 3.0
192199.0 42458.0 3.0
192419.0 42484.0 3.0
193871.0 42321.0 3.0
194789.0 42819.0 3.0
195253.0 43015.0 3.0
195369.0 42734.0 3.0
195369.0 42710.0 3.0
196143.0 43079.0 3.0
197175.0 43281.0 3.0
197495.0 43171.0 3.0
197677.0 43175.0 3.0
200323.0 43840.0 3.0
205509.0 44399.0 3.0
208303.0 44960.0 3.0
209647.0 44802.0 3.0
210379.0 45464.0 3.0
211641.0 45557.0 3.0
212471.0 45789.0 3.0
213675.0 45983.0 3.0
220263.0 46590.0 3.0
223267.0 47594.0 3.0
239295.0 50156.0 3.0
299789.0 60406.0 3.0
