rev1.1
1441.0 421.0 3.0
1477.0 415.0 3.0
1513.0 433.0 3.0
1519.0 402.0 3.0
1531.0 445.0 3.0
1537.0 386.0 3.0
1603.0 413.0 3.0
1607.0 405.0 3.0
1609.0 408.0 3.0
1619.0 431.0 3.0
1625.0 413.0 3.0
1639.0 413.0 3.0
1675.0 445.0 3.0
1687.0 443.0 3.0
1689.0 464.0 3.0
1689.0 435.0 3.0
1697.0 505.0 3.0
1711.0 474.0 3.0
1741.0 464.0 3.0
1749.0 443.0 3.0
1765.0 429.0 3.0
1807.0 470.0 3.0
1813.0 441.0 3.0
1813.0 462.0 3.0
1835.0 502.0 3.0
1841.0 488.0 3.0
1843.0 507.0 3.0
1847.0 474.0 3.0
1857.0 476.0 3.0
1861.0 421.0 3.0
1899.0 487.0 3.0
1901.0 497.0 3.0
1913.0 479.0 3.0
1919.0 488.0 3.0
1927.0 514.0 3.0
1931.0 493.0 3.0
1931.0 492.0 3.0
1939.0 498.0 3.0
1947.0 489.0 3.0
1949.0 477.0 3.0
1961.0 473.0 3.0
1961.0 480.0 3.0
1961.0 473.0 3.0
1969.0 479.0 3.0
1977.0 494.0 3.0
1977.0 471.0 3.0
2001.0 498.0 3.0
2011.0 489.0 3.0
2015.0 496.0 3.0
2015.0 496.0 3.0
2023.0 504.0 3.0
2031.0 528.0 3.0
2073.0 502.0 3.0
2077.0 537.0 3.0
2087.0 501.0 3.0
2113.0 513.0 3.0
2119.0 521.0 3.0
2121.0 511.0 3.0
2151.0 535.0 3.0
2151.0 539.0 3.0
2153.0 549.0 3.0
2165.0 528.0 3.0
2165.0 538.0 3.0
2167.0 535.0 3.0
2169.0 519.0 3.0
2179.0 558.0 3.0
2179.0 514.0 3.0
2181.0 504.0 3.0
2199.0 555.0 3.0
2199.0 552.0 3.0
2203.0 533.0 3.0
2217.0 530.0 3.0
2227.0 541.0 3.0
2231.0 540.0 3.0
2231.0 545.0 3.0
2239.0 534.0 3.0
2309.0 531.0 3.0
2337.0 550.0 3.0
2337.0 575.0 3.0
2345.0 549.0 3.0
2345.0 560.0 3.0
2351.0 552.0 3.0
2353.0 585.0 3.0
2417.0 562.0 3.0
2433.0 561.0 3.0
2445.0 568.0 3.0
2489.0 593.0 3.0
2491.0 606.0 3.0
2529.0 575.0 3.0
2541.0 596.0 3.0
2575.0 589.0 3.0
2659.0 614.0 3.0
2679.0 630.0 3.0
2699.0 614.0 3.0
2785.0 667.0 3.0
2829.0 651.0 3.0
2845.0 664.0 3.0
2913.0 655.0 3.0
3047.0 649.0 3.0
3091.0 657.0 3.0
