rev1.1
2731.0 802.0 3.0
2931.0 797.0 3.0
2959.0 796.0 3.0
3019.0 843.0 3.0
3039.0 804.0 3.0
3051.0 804.0 3.0
3053.0 858.0 3.0
3093.0 822.0 3.0
3265.0 844.0 3.0
3273.0 817.0 3.0
3323.0 889.0 3.0
3341.0 887.0 3.0
3381.0 896.0 3.0
3433.0 900.0 3.0
3439.0 879.0 3.0
3479.0 926.0 3.0
3487.0 898.0 3.0
3549.0 880.0 3.0
3603.0 911.0 3.0
3649.0 960.0 3.0
3655.0 931.0 3.0
3697.0 952.0 3.0
3755.0 928.0 3.0
3763.0 963.0 3.0
3777.0 995.0 3.0
3781.0 964.0 3.0
3809.0 956.0 3.0
3813.0 979.0 3.0
3815.0 1004.0 3.0
3843.0 982.0 3.0
3885.0 971.0 3.0
3929.0 958.0 3.0
3939.0 964.0 3.0
3939.0 955.0 3.0
3941.0 933.0 3.0
3981.0 1031.0 3.0
3983.0 968.0 3.0
3989.0 937.0 3.0
4003.0 988.0 3.0
4005.0 931.0 3.0
4021.0 980.0 3.0
4027.0 981.0 3.0
4031.0 1004.0 3.0
4031.0 1019.0 3.0
4051.0 994.0 3.0
4063.0 1032.0 3.0
4077.0 1011.0 3.0
4085.0 1026.0 3.0
4115.0 1043.0 3.0
4125.0 1005.0 3.0
4127.0 1024.0 3.0
4163.0 1033.0 3.0
4173.0 1027.0 3.0
4197.0 1003.0 3.0
4261.0 1072.0 3.0
4279.0 1003.0 3.0
4301.0 1034.0 3.0
4339.0 1063.0 3.0
4389.0 1051.0 3.0
4395.0 1054.0 3.0
4409.0 1064.0 3.0
4485.0 1055.0 3.0
4511.0 1087.0 3.0
4521.0 1124.0 3.0
4543.0 1122.0 3.0
4561.0 1052.0 3.0
4611.0 1054.0 3.0
4615.0 1126.0 3.0
4615.0 1074.0 3.0
4627.0 1122.0 3.0
4659.0 1137.0 3.0
4687.0 1083.0 3.0
4709.0 1189.0 3.0
4745.0 1127.0 3.0
4755.0 1122.0 3.0
4815.0 1142.0 3.0
4885.0 1160.0 3.0
4957.0 1192.0 3.0
4963.0 1152.0 3.0
4969.0 1119.0 3.0
4985.0 1162.0 3.0
5079.0 1182.0 3.0
5081.0 1197.0 3.0
5095.0 1160.0 3.0
5165.0 1244.0 3.0
5201.0 1207.0 3.0
5241.0 1209.0 3.0
5317.0 1246.0 3.0
5355.0 1249.0 3.0
5437.0 1236.0 3.0
5489.0 1327.0 3.0
5591.0 1232.0 3.0
5639.0 1325.0 3.0
5705.0 1284.0 3.0
5733.0 1317.0 3.0
5825.0 1290.0 3.0
5837.0 1293.0 3.0
6133.0 1422.0 3.0
6179.0 1363.0 3.0
6753.0 1428.0 3.0
