rev1.1
698321.0 156942.0 3.0
699561.0 157892.0 3.0
702051.0 157344.0 3.0
702119.0 157134.0 3.0
702569.0 157785.0 3.0
705199.0 158509.0 3.0
706833.0 158374.0 3.0
711211.0 158822.0 3.0
712569.0 159927.0 3.0
719343.0 160714.0 3.0
724345.0 161024.0 3.0
732085.0 162688.0 3.0
732207.0 162429.0 3.0
734567.0 163742.0 3.0
735309.0 163137.0 3.0
736927.0 163728.0 3.0
740381.0 163911.0 3.0
742253.0 165002.0 3.0
744105.0 164129.0 3.0
745467.0 164798.0 3.0
746583.0 164608.0 3.0
747695.0 165316.0 3.0
756507.0 166647.0 3.0
761331.0 167525.0 3.0
763523.0 168094.0 3.0
765289.0 167275.0 3.0
765699.0 167977.0 3.0
772859.0 169727.0 3.0
773713.0 169422.0 3.0
774447.0 169224.0 3.0
778245.0 169918.0 3.0
779457.0 170163.0 3.0
779739.0 170643.0 3.0
783995.0 171001.0 3.0
784071.0 171755.0 3.0
787501.0 171270.0 3.0
789303.0 172471.0 3.0
789725.0 172467.0 3.0
791337.0 172638.0 3.0
793261.0 172684.0 3.0
794821.0 172546.0 3.0
797159.0 173816.0 3.0
797801.0 173324.0 3.0
801611.0 174080.0 3.0
801663.0 174503.0 3.0
802085.0 174436.0 3.0
802727.0 174680.0 3.0
804925.0 174778.0 3.0
806073.0 174900.0 3.0
808693.0 175157.0 3.0
814057.0 176003.0 3.0
815415.0 176826.0 3.0
819393.0 176650.0 3.0
824505.0 178344.0 3.0
827937.0 178327.0 3.0
828995.0 178488.0 3.0
828999.0 179093.0 3.0
829585.0 179349.0 3.0
830251.0 178646.0 3.0
832783.0 179151.0 3.0
833487.0 179815.0 3.0
835177.0 179681.0 3.0
837285.0 180017.0 3.0
838687.0 180702.0 3.0
838921.0 180673.0 3.0
839653.0 180430.0 3.0
842421.0 181574.0 3.0
849981.0 182512.0 3.0
852985.0 182693.0 3.0
854889.0 183171.0 3.0
859209.0 183608.0 3.0
859307.0 184003.0 3.0
862951.0 184340.0 3.0
866753.0 185288.0 3.0
875921.0 186627.0 3.0
880997.0 187279.0 3.0
882213.0 187732.0 3.0
885375.0 188441.0 3.0
885637.0 188303.0 3.0
886173.0 188284.0 3.0
888287.0 188706.0 3.0
888621.0 188592.0 3.0
888713.0 188630.0 3.0
888835.0 189264.0 3.0
892287.0 189113.0 3.0
894825.0 190067.0 3.0
900521.0 190764.0 3.0
900941.0 191182.0 3.0
906747.0 191868.0 3.0
915589.0 193055.0 3.0
932783.0 196468.0 3.0
933401.0 196153.0 3.0
933901.0 196648.0 3.0
939487.0 197581.0 3.0
945279.0 198315.0 3.0
957383.0 200031.0 3.0
961435.0 201704.0 3.0
1055835.0 216634.0 3.0
1056511.0 216120.0 3.0
1111795.0 226271.0 3.0
