rev1.1
855.0 267.0 5.602577218482957
915.0 233.0 12.605798741586574
925.0 211.0 7.593750000000085
949.0 243.0 6.861727714912333
973.0 238.0 8.403865827724387
981.0 246.0 7.593750000000074
1011.0 245.0 9.300406367129995
1019.0 262.0 9.30040636712994
1021.0 255.0 9.300406367130012
1035.0 239.0 12.605798741586607
1037.0 266.0 6.8617277149123685
1055.0 270.0 9.30040636712998
1063.0 244.0 10.292591572368552
1077.0 271.0 10.292591572368481
1083.0 263.0 9.300406367129986
1095.0 258.0 10.29259157236852
1097.0 239.0 8.403865827724376
1107.0 263.0 8.403865827724426
1119.0 298.0 8.403865827724397
1123.0 270.0 10.292591572368494
1125.0 243.0 17.085937500000234
1125.0 270.0 15.438887358552716
1135.0 237.0 15.438887358552757
1141.0 267.0 10.292591572368565
1147.0 231.0 11.390625000000131
1155.0 271.0 9.30040636712999
1159.0 295.0 8.403865827724387
1163.0 268.0 11.390625000000068
1165.0 281.0 8.403865827724445
1167.0 295.0 9.300406367130007
1171.0 253.0 11.39062500000006
1177.0 270.0 10.292591572368524
1181.0 237.0 10.292591572368506
1183.0 270.0 9.300406367129957
1183.0 251.0 9.300406367129984
1189.0 275.0 11.390625000000101
1195.0 289.0 15.438887358552748
1205.0 294.0 10.292591572368547
1205.0 281.0 10.292591572368508
1209.0 267.0 9.300406367129977
1211.0 303.0 9.300406367129995
1217.0 284.0 10.292591572368572
1219.0 258.0 12.605798741586653
1223.0 304.0 8.403865827724417
1223.0 288.0 8.403865827724427
1225.0 256.0 11.390625000000167
1227.0 291.0 9.300406367129995
1229.0 288.0 10.292591572368543
1231.0 274.0 12.605798741586625
1235.0 237.0 12.605798741586646
1239.0 251.0 12.605798741586653
1239.0 255.0 15.438887358552753
1247.0 295.0 13.950609550695019
1259.0 271.0 11.390625000000147
1261.0 284.0 13.950609550695026
1267.0 291.0 18.0
1269.0 286.0 11.390625000000155
1277.0 276.0 17.085937500000316
1281.0 275.0 12.605798741586671
1289.0 287.0 9.30040636713003
1295.0 255.0 18.0
1297.0 287.0 15.438887358552764
1301.0 251.0 18.0
1313.0 283.0 13.950609550695
1317.0 280.0 18.0
1331.0 270.0 18.0
1341.0 302.0 13.95060955069505
1343.0 313.0 12.605798741586764
1349.0 275.0 17.085937500000217
1361.0 276.0 11.39062500000016
1363.0 288.0 18.0
1367.0 273.0 10.292591572368572
1369.0 286.0 13.950609550694987
1369.0 269.0 12.605798741586671
1369.0 301.0 11.39062500000018
1373.0 291.0 18.0
1393.0 271.0 18.0
1393.0 289.0 13.950609550695
1395.0 274.0 18.0
1401.0 278.0 18.0
1401.0 268.0 18.0
1407.0 292.0 18.0
1433.0 264.0 17.085937500000234
1441.0 297.0 17.085937500000256
1443.0 239.0 17.08593750000021
1445.0 276.0 17.085937500000178
1447.0 288.0 13.950609550694995
1459.0 271.0 12.605798741586634
1479.0 268.0 18.0
1491.0 237.0 17.085937500000213
1503.0 298.0 18.0
1515.0 313.0 17.085937500000178
1521.0 262.0 18.0
1529.0 322.0 9.300406367129963
1535.0 290.0 18.0
1537.0 276.0 15.438887358552806
1563.0 238.0 18.0
1673.0 296.0 18.0
1679.0 259.0 18.0
1765.0 290.0 18.0
