rev1.1
83377.0 16233.0 18.0
85813.0 16488.0 18.0
85931.0 16391.0 18.0
86305.0 16312.0 18.0
86693.0 16231.0 18.0
86789.0 16454.0 18.0
86899.0 16577.0 18.0
87073.0 16045.0 18.0
87423.0 16305.0 18.0
87571.0 16574.0 18.0
87771.0 16492.0 18.0
87963.0 16295.0 18.0
88117.0 16560.0 18.0
88535.0 16532.0 18.0
88541.0 16841.0 18.0
88673.0 16844.0 18.0
88727.0 16648.0 18.0
88839.0 16498.0 18.0
88839.0 16656.0 18.0
89027.0 16698.0 18.0
89225.0 16499.0 18.0
89287.0 16707.0 18.0
89411.0 16241.0 18.0
89541.0 16702.0 18.0
89785.0 16485.0 18.0
89953.0 16725.0 18.0
89983.0 16482.0 18.0
90003.0 16675.0 18.0
90031.0 16493.0 18.0
90081.0 17046.0 18.0
90141.0 16343.0 18.0
90213.0 16718.0 18.0
90373.0 16287.0 18.0
90501.0 16792.0 18.0
90567.0 16352.0 18.0
90707.0 16672.0 18.0
90771.0 16525.0 18.0
90901.0 16732.0 18.0
90963.0 16831.0 18.0
90965.0 16793.0 18.0
91051.0 16535.0 18.0
91055.0 16302.0 18.0
91067.0 16569.0 18.0
91071.0 16645.0 18.0
91079.0 16423.0 18.0
91237.0 16558.0 18.0
91371.0 16569.0 18.0
91419.0 16503.0 18.0
91435.0 16525.0 18.0
91519.0 16207.0 18.0
91531.0 16369.0 18.0
91541.0 16608.0 18.0
91623.0 16698.0 18.0
91629.0 16785.0 18.0
91679.0 16530.0 18.0
91725.0 16567.0 18.0
91745.0 16501.0 18.0
91839.0 16797.0 18.0
92133.0 16552.0 18.0
92201.0 16543.0 18.0
92245.0 16635.0 18.0
92541.0 16484.0 18.0
92545.0 16669.0 18.0
92639.0 16697.0 18.0
92711.0 16607.0 18.0
92897.0 16848.0 18.0
93153.0 16587.0 18.0
93341.0 16509.0 18.0
93367.0 16511.0 18.0
93391.0 16749.0 18.0
93397.0 16453.0 18.0
93463.0 16675.0 18.0
93581.0 16611.0 18.0
93613.0 16494.0 18.0
94027.0 16987.0 18.0
94161.0 16741.0 18.0
94241.0 16592.0 18.0
94269.0 16648.0 18.0
94471.0 16771.0 18.0
94669.0 16657.0 18.0
95061.0 16799.0 18.0
95075.0 16941.0 18.0
95593.0 16831.0 18.0
96275.0 16786.0 18.0
96445.0 16569.0 18.0
97129.0 16483.0 18.0
97513.0 16842.0 18.0
97691.0 16823.0 18.0
98009.0 16787.0 18.0
98335.0 16874.0 18.0
98603.0 16867.0 18.0
98705.0 16834.0 18.0
99179.0 16788.0 18.0
100933.0 17058.0 18.0
101925.0 16819.0 18.0
102437.0 17069.0 18.0
103283.0 17148.0 18.0
104069.0 16834.0 18.0
104417.0 16718.0 18.0
107143.0 16727.0 18.0
