rev1.1
40413.0 7931.0 18.0
40705.0 8183.0 18.0
41115.0 8075.0 18.0
42047.0 8284.0 18.0
42227.0 7888.0 18.0
42243.0 8042.0 18.0
42243.0 8275.0 18.0
42263.0 8136.0 18.0
42449.0 8253.0 18.0
42479.0 8204.0 18.0
42615.0 8095.0 18.0
42817.0 8328.0 18.0
42847.0 8235.0 18.0
42947.0 8038.0 18.0
43041.0 8181.0 18.0
43043.0 8142.0 18.0
43065.0 8332.0 18.0
43099.0 8305.0 18.0
43185.0 8511.0 18.0
43243.0 8433.0 18.0
43267.0 8413.0 18.0
43341.0 7935.0 18.0
43431.0 8218.0 18.0
43507.0 8384.0 18.0
43527.0 8269.0 18.0
43567.0 8242.0 18.0
43571.0 8340.0 18.0
43813.0 8066.0 18.0
43897.0 8109.0 18.0
43931.0 8360.0 18.0
43981.0 8278.0 18.0
43993.0 8180.0 18.0
44017.0 8387.0 18.0
44025.0 8188.0 18.0
44063.0 8196.0 18.0
44115.0 8486.0 18.0
44153.0 8246.0 18.0
44229.0 8093.0 18.0
44359.0 8236.0 18.0
44361.0 8137.0 18.0
44409.0 8225.0 18.0
44441.0 8192.0 18.0
44457.0 8362.0 18.0
44469.0 8295.0 18.0
44703.0 8268.0 18.0
44707.0 8132.0 18.0
44737.0 8170.0 18.0
44835.0 8394.0 18.0
44837.0 8374.0 18.0
44851.0 8260.0 18.0
44863.0 8254.0 18.0
45019.0 8512.0 18.0
45143.0 8296.0 18.0
45223.0 8165.0 18.0
45283.0 8415.0 18.0
45449.0 8361.0 18.0
45603.0 8367.0 18.0
45763.0 8166.0 18.0
45767.0 8343.0 18.0
45797.0 8301.0 18.0
45813.0 8464.0 18.0
45867.0 7985.0 18.0
45883.0 8327.0 18.0
45947.0 8432.0 18.0
45993.0 8365.0 18.0
46053.0 8333.0 18.0
46141.0 8246.0 18.0
46331.0 8329.0 18.0
46367.0 8308.0 18.0
46409.0 8373.0 18.0
46719.0 8171.0 18.0
46775.0 8369.0 18.0
46847.0 8357.0 18.0
46933.0 8425.0 18.0
46975.0 8416.0 18.0
46977.0 8311.0 18.0
47133.0 8384.0 18.0
47241.0 8310.0 18.0
47311.0 8311.0 18.0
47337.0 8144.0 18.0
47383.0 8358.0 18.0
47729.0 8412.0 18.0
47751.0 8412.0 18.0
47973.0 8241.0 18.0
47985.0 8310.0 18.0
47999.0 8340.0 18.0
48225.0 8423.0 18.0
48257.0 8406.0 18.0
48391.0 8681.0 18.0
48881.0 8461.0 18.0
49023.0 8226.0 18.0
49207.0 8443.0 18.0
49255.0 8374.0 18.0
49581.0 8339.0 18.0
49757.0 8351.0 18.0
50085.0 8246.0 18.0
50169.0 8419.0 18.0
50649.0 8524.0 18.0
51301.0 8501.0 18.0
52925.0 8570.0 18.0
