rev1.1
4307.0 993.0 15.43888735855309
4433.0 1028.0 11.390625000000355
4457.0 1070.0 13.950609550695333
4525.0 1067.0 17.085937500000536
4525.0 1055.0 18.0
4587.0 1042.0 18.0
4589.0 1032.0 18.0
4655.0 968.0 15.438887358553245
4685.0 1003.0 17.0859375000004
4713.0 1027.0 18.0
4783.0 1150.0 10.29259157236864
4789.0 1039.0 17.085937500000682
4829.0 985.0 18.0
4855.0 1020.0 18.0
4869.0 1067.0 18.0
4875.0 1036.0 13.95060955069559
4877.0 977.0 18.0
4889.0 999.0 18.0
4899.0 1050.0 18.0
4899.0 983.0 18.0
4915.0 1026.0 18.0
4933.0 1068.0 15.438887358553222
4939.0 1047.0 18.0
4975.0 1042.0 18.0
4981.0 963.0 18.0
4983.0 1050.0 18.0
5009.0 1011.0 18.0
5009.0 983.0 18.0
5011.0 1065.0 13.95060955069547
5011.0 1094.0 18.0
5021.0 1041.0 18.0
5021.0 998.0 18.0
5023.0 1002.0 18.0
5031.0 1008.0 18.0
5037.0 1040.0 18.0
5041.0 1128.0 18.0
5041.0 1017.0 18.0
5043.0 1060.0 18.0
5051.0 1059.0 18.0
5051.0 958.0 18.0
5057.0 1068.0 18.0
5057.0 1076.0 17.08593750000055
5091.0 1057.0 18.0
5111.0 1052.0 18.0
5121.0 1042.0 15.438887358553043
5121.0 1098.0 18.0
5135.0 1076.0 18.0
5139.0 961.0 18.0
5159.0 993.0 18.0
5169.0 1072.0 18.0
5177.0 1001.0 18.0
5199.0 1067.0 17.085937500000632
5217.0 1059.0 17.085937500000824
5223.0 1041.0 18.0
5237.0 1015.0 18.0
5239.0 1055.0 18.0
5267.0 992.0 18.0
5275.0 1023.0 18.0
5307.0 996.0 18.0
5309.0 993.0 18.0
5323.0 1031.0 17.085937500000735
5331.0 1147.0 18.0
5333.0 1119.0 18.0
5337.0 1083.0 18.0
5343.0 967.0 18.0
5359.0 1084.0 18.0
5391.0 1066.0 18.0
5393.0 1048.0 18.0
5397.0 1023.0 18.0
5401.0 1004.0 18.0
5423.0 1024.0 18.0
5451.0 1031.0 18.0
5483.0 1112.0 18.0
5493.0 1049.0 18.0
5503.0 1013.0 18.0
5509.0 1085.0 18.0
5509.0 1005.0 18.0
5527.0 1048.0 18.0
5531.0 1064.0 18.0
5541.0 1016.0 18.0
5557.0 1112.0 18.0
5567.0 986.0 18.0
5577.0 1083.0 18.0
5605.0 1096.0 18.0
5619.0 1043.0 18.0
5637.0 1073.0 18.0
5661.0 1068.0 18.0
5685.0 1062.0 18.0
5717.0 986.0 18.0
5719.0 1084.0 18.0
5779.0 1014.0 18.0
5863.0 1073.0 18.0
5881.0 1118.0 18.0
5893.0 1102.0 18.0
5901.0 1068.0 18.0
5945.0 1121.0 18.0
5975.0 1066.0 18.0
6037.0 1125.0 18.0
6041.0 1052.0 18.0
6101.0 997.0 18.0
