rev1.1
171393.0 32920.0 18.0
176489.0 32932.0 18.0
177009.0 33168.0 18.0
177329.0 32728.0 18.0
177455.0 32916.0 18.0
177783.0 32877.0 18.0
177819.0 32622.0 18.0
177903.0 32566.0 18.0
178309.0 33048.0 18.0
178595.0 33077.0 18.0
178617.0 33061.0 18.0
178811.0 32832.0 18.0
179431.0 33003.0 18.0
179709.0 32872.0 18.0
179799.0 33011.0 18.0
180025.0 33121.0 18.0
180031.0 32769.0 18.0
180077.0 32914.0 18.0
180091.0 33063.0 18.0
180367.0 32875.0 18.0
180383.0 33206.0 18.0
181027.0 33042.0 18.0
181383.0 33408.0 18.0
181433.0 33338.0 18.0
181683.0 33291.0 18.0
181715.0 33143.0 18.0
182035.0 33403.0 18.0
182241.0 33609.0 18.0
182681.0 32883.0 18.0
182723.0 33573.0 18.0
182889.0 33178.0 18.0
183423.0 33093.0 18.0
183713.0 33344.0 18.0
183927.0 32955.0 18.0
184087.0 33009.0 18.0
184375.0 33294.0 18.0
184615.0 32562.0 18.0
184887.0 33505.0 18.0
185087.0 32975.0 18.0
185091.0 33180.0 18.0
185307.0 33253.0 18.0
185371.0 33802.0 18.0
185685.0 33366.0 18.0
185695.0 33666.0 18.0
185729.0 33210.0 18.0
186191.0 33559.0 18.0
186235.0 33367.0 18.0
186489.0 33072.0 18.0
186505.0 33321.0 18.0
186621.0 33709.0 18.0
186831.0 33515.0 18.0
187343.0 33385.0 18.0
187343.0 33433.0 18.0
187483.0 33141.0 18.0
187661.0 33182.0 18.0
187691.0 33155.0 18.0
187897.0 33712.0 18.0
188119.0 33648.0 18.0
188177.0 33560.0 18.0
188297.0 33281.0 18.0
188659.0 33401.0 18.0
188797.0 33034.0 18.0
188871.0 33420.0 18.0
189265.0 33564.0 18.0
190003.0 32963.0 18.0
190085.0 33195.0 18.0
190593.0 32966.0 18.0
190947.0 33308.0 18.0
191187.0 33221.0 18.0
191195.0 33535.0 18.0
191799.0 33142.0 18.0
192171.0 33565.0 18.0
192239.0 33591.0 18.0
192463.0 33517.0 18.0
193057.0 33435.0 18.0
193109.0 33727.0 18.0
193207.0 32990.0 18.0
194051.0 33732.0 18.0
194163.0 33398.0 18.0
194335.0 33529.0 18.0
194389.0 33676.0 18.0
195083.0 33238.0 18.0
196971.0 33727.0 18.0
197317.0 33725.0 18.0
197433.0 33773.0 18.0
197751.0 33477.0 18.0
197789.0 33995.0 18.0
198199.0 33239.0 18.0
198517.0 33350.0 18.0
198655.0 33692.0 18.0
198929.0 33718.0 18.0
199235.0 33426.0 18.0
200057.0 33453.0 18.0
202023.0 33311.0 18.0
203401.0 33615.0 18.0
204451.0 33610.0 18.0
204771.0 34087.0 18.0
205445.0 33486.0 18.0
206341.0 33857.0 18.0
210487.0 33961.0 18.0
