rev1.1
20121.0 4169.0 18.0
20195.0 4024.0 18.0
20257.0 4057.0 18.0
20327.0 3982.0 18.0
20407.0 4191.0 18.0
20413.0 4043.0 18.0
20463.0 4116.0 18.0
20487.0 4073.0 18.0
20527.0 4044.0 18.0
20559.0 4087.0 18.0
20677.0 4139.0 18.0
20775.0 4167.0 18.0
20779.0 4063.0 18.0
20807.0 4180.0 18.0
20809.0 4181.0 18.0
20827.0 4139.0 18.0
20853.0 3922.0 18.0
20897.0 4159.0 18.0
20951.0 4119.0 18.0
20975.0 4031.0 18.0
21011.0 4114.0 18.0
21019.0 4059.0 18.0
21049.0 4161.0 18.0
21091.0 4004.0 18.0
21113.0 4098.0 18.0
21159.0 4068.0 18.0
21225.0 4121.0 18.0
21235.0 4111.0 18.0
21255.0 4052.0 18.0
21283.0 4176.0 18.0
21287.0 4255.0 18.0
21325.0 4066.0 18.0
21385.0 4023.0 18.0
21409.0 4076.0 18.0
21413.0 4150.0 18.0
21435.0 3960.0 18.0
21497.0 4010.0 18.0
21549.0 4090.0 18.0
21633.0 4164.0 18.0
21683.0 4143.0 18.0
21691.0 3987.0 18.0
21713.0 4203.0 18.0
21777.0 4102.0 18.0
21827.0 4093.0 18.0
21877.0 4178.0 18.0
21885.0 4256.0 18.0
21889.0 4198.0 18.0
21901.0 4132.0 18.0
21901.0 4037.0 18.0
21907.0 4106.0 18.0
21981.0 4024.0 18.0
22019.0 4178.0 18.0
22023.0 3913.0 18.0
22051.0 4143.0 18.0
22059.0 4157.0 18.0
22107.0 4205.0 18.0
22145.0 4072.0 18.0
22145.0 4034.0 18.0
22151.0 4070.0 18.0
22155.0 4165.0 18.0
22165.0 4130.0 18.0
22189.0 4351.0 18.0
22215.0 4094.0 18.0
22263.0 4026.0 18.0
22283.0 4144.0 18.0
22387.0 4169.0 18.0
22387.0 4178.0 18.0
22447.0 4094.0 18.0
22451.0 4104.0 18.0
22477.0 4098.0 18.0
22545.0 4084.0 18.0
22565.0 4213.0 18.0
22641.0 4220.0 18.0
22667.0 4223.0 18.0
22675.0 4235.0 18.0
22681.0 4192.0 18.0
22767.0 4266.0 18.0
22843.0 4215.0 18.0
22901.0 4266.0 18.0
22913.0 4075.0 18.0
22931.0 4319.0 18.0
22937.0 4235.0 18.0
22943.0 4317.0 18.0
22949.0 4141.0 18.0
22951.0 4247.0 18.0
22953.0 4168.0 18.0
23069.0 4224.0 18.0
23087.0 4262.0 18.0
23109.0 4220.0 18.0
23245.0 4153.0 18.0
23483.0 4194.0 18.0
23701.0 4247.0 18.0
23817.0 4250.0 18.0
23849.0 4184.0 18.0
23877.0 4269.0 18.0
23899.0 4233.0 18.0
24079.0 4328.0 18.0
24111.0 4233.0 18.0
24169.0 4196.0 18.0
24819.0 4319.0 18.0
