rev1.1
9601.0 1991.0 18.0
9657.0 2069.0 18.0
9713.0 2121.0 18.0
9799.0 2122.0 18.0
9853.0 2024.0 18.0
9875.0 2023.0 18.0
9931.0 2034.0 18.0
9945.0 2001.0 18.0
9965.0 2052.0 18.0
10055.0 2097.0 18.0
10057.0 2020.0 18.0
10121.0 2070.0 18.0
10129.0 2044.0 18.0
10133.0 2014.0 18.0
10137.0 2053.0 18.0
10169.0 2142.0 18.0
10185.0 2090.0 18.0
10187.0 2014.0 18.0
10189.0 1923.0 18.0
10209.0 1988.0 18.0
10247.0 2069.0 18.0
10255.0 2052.0 18.0
10255.0 2038.0 18.0
10271.0 1894.0 18.0
10277.0 2058.0 18.0
10283.0 1999.0 18.0
10291.0 2051.0 18.0
10295.0 2100.0 18.0
10305.0 1955.0 18.0
10307.0 2098.0 18.0
10309.0 2077.0 18.0
10313.0 2025.0 18.0
10341.0 2095.0 18.0
10375.0 2094.0 18.0
10421.0 2050.0 18.0
10431.0 2083.0 18.0
10453.0 2150.0 18.0
10475.0 2002.0 18.0
10477.0 2025.0 18.0
10513.0 2093.0 18.0
10519.0 2064.0 18.0
10519.0 2036.0 18.0
10531.0 1965.0 18.0
10579.0 2108.0 18.0
10583.0 2103.0 18.0
10743.0 2058.0 18.0
10781.0 2010.0 18.0
10787.0 2074.0 18.0
10791.0 2029.0 18.0
10801.0 2044.0 18.0
10827.0 2002.0 18.0
10837.0 2121.0 18.0
10845.0 2082.0 18.0
10869.0 2125.0 18.0
10871.0 1978.0 18.0
10889.0 2086.0 18.0
10893.0 2135.0 18.0
10895.0 2073.0 18.0
10895.0 2133.0 18.0
10945.0 2128.0 18.0
10959.0 2053.0 18.0
10973.0 2131.0 18.0
10981.0 1983.0 18.0
10985.0 2113.0 18.0
11051.0 2057.0 18.0
11083.0 1991.0 18.0
11091.0 2047.0 18.0
11093.0 2061.0 18.0
11125.0 2024.0 18.0
11153.0 2077.0 18.0
11157.0 2036.0 18.0
11189.0 2224.0 18.0
11287.0 2123.0 18.0
11295.0 2079.0 18.0
11303.0 2066.0 18.0
11313.0 2113.0 18.0
11341.0 2165.0 18.0
11345.0 2091.0 18.0
11347.0 2135.0 18.0
11363.0 2069.0 18.0
11383.0 2170.0 18.0
11387.0 2138.0 18.0
11391.0 2000.0 18.0
11409.0 2108.0 18.0
11433.0 2161.0 18.0
11451.0 2163.0 18.0
11625.0 2058.0 18.0
11641.0 2093.0 18.0
11661.0 2138.0 18.0
11723.0 2113.0 18.0
11777.0 1976.0 18.0
11799.0 2040.0 18.0
12025.0 2142.0 18.0
12047.0 2096.0 18.0
12159.0 2134.0 18.0
12167.0 2148.0 18.0
12353.0 2183.0 18.0
12405.0 2170.0 18.0
12425.0 2131.0 18.0
13137.0 2145.0 18.0
