rev1.1
356071.0 66348.0 18.0
359871.0 66530.0 18.0
362493.0 66117.0 18.0
366147.0 66622.0 18.0
366621.0 66396.0 18.0
367031.0 66275.0 18.0
367205.0 65949.0 18.0
367885.0 66697.0 18.0
367925.0 66084.0 18.0
368511.0 66328.0 18.0
368867.0 66281.0 18.0
368969.0 66369.0 18.0
369421.0 66247.0 18.0
370121.0 67030.0 18.0
370217.0 66065.0 18.0
370777.0 66542.0 18.0
370979.0 66046.0 18.0
371269.0 66143.0 18.0
372021.0 66464.0 18.0
372347.0 66346.0 18.0
372385.0 66729.0 18.0
372517.0 66505.0 18.0
372949.0 66413.0 18.0
372999.0 66709.0 18.0
373317.0 66415.0 18.0
373805.0 65988.0 18.0
373859.0 66679.0 18.0
373899.0 67094.0 18.0
375125.0 66632.0 18.0
375631.0 66963.0 18.0
376157.0 66497.0 18.0
376295.0 66953.0 18.0
376365.0 66584.0 18.0
376981.0 66835.0 18.0
377789.0 66730.0 18.0
377885.0 66433.0 18.0
377989.0 66946.0 18.0
378143.0 66700.0 18.0
378169.0 66234.0 18.0
378407.0 66786.0 18.0
378549.0 66582.0 18.0
378995.0 66665.0 18.0
379219.0 66307.0 18.0
379603.0 66670.0 18.0
379865.0 66396.0 18.0
379875.0 66965.0 18.0
379941.0 66659.0 18.0
380047.0 66440.0 18.0
380133.0 66772.0 18.0
380311.0 66340.0 18.0
381099.0 66860.0 18.0
381425.0 66688.0 18.0
381989.0 66623.0 18.0
382205.0 66858.0 18.0
383197.0 66458.0 18.0
383399.0 67158.0 18.0
383411.0 66810.0 18.0
384079.0 66867.0 18.0
384795.0 66214.0 18.0
384961.0 67083.0 18.0
384985.0 67429.0 18.0
385633.0 66862.0 18.0
387039.0 67177.0 18.0
387061.0 66789.0 18.0
387771.0 67379.0 18.0
387979.0 66965.0 18.0
388261.0 66723.0 18.0
388397.0 66623.0 18.0
388571.0 66646.0 18.0
389405.0 66856.0 18.0
389811.0 66620.0 18.0
390057.0 67233.0 18.0
390263.0 66645.0 18.0
392139.0 67667.0 18.0
392945.0 66861.0 18.0
393309.0 66896.0 18.0
393737.0 66993.0 18.0
394279.0 67708.0 18.0
394427.0 67265.0 18.0
394697.0 66948.0 18.0
395721.0 67209.0 18.0
397177.0 67148.0 18.0
397861.0 66883.0 18.0
398151.0 67343.0 18.0
398231.0 67071.0 18.0
399555.0 67109.0 18.0
399857.0 67072.0 18.0
400299.0 67652.0 18.0
400677.0 67202.0 18.0
402279.0 67270.0 18.0
403383.0 67572.0 18.0
405477.0 67349.0 18.0
405745.0 67596.0 18.0
406891.0 67535.0 18.0
407083.0 67181.0 18.0
410723.0 67333.0 18.0
413143.0 66920.0 18.0
418483.0 68042.0 18.0
427971.0 68053.0 18.0
430581.0 68119.0 18.0
