rev1.1
2147.0 496.0 15.438887358552845
2217.0 523.0 13.950609550695207
2269.0 587.0 12.605798741586707
2271.0 452.0 13.950609550695072
2285.0 544.0 8.403865827724536
2291.0 515.0 10.292591572368567
2295.0 535.0 11.390625000000297
2307.0 535.0 13.950609550695042
2309.0 495.0 11.390625000000227
2319.0 512.0 11.39062500000024
2323.0 533.0 10.292591572368497
2347.0 455.0 18.0
2349.0 518.0 13.950609550695294
2363.0 557.0 10.292591572368597
2367.0 548.0 13.95060955069513
2379.0 509.0 13.950609550695198
2383.0 496.0 12.605798741586723
2387.0 488.0 17.0859375000004
2389.0 536.0 12.605798741586717
2405.0 521.0 11.390625000000353
2405.0 498.0 13.95060955069512
2407.0 547.0 11.390625000000227
2411.0 575.0 12.605798741586693
2413.0 498.0 13.950609550695162
2417.0 524.0 12.605798741586693
2423.0 517.0 18.0
2437.0 580.0 15.438887358552831
2439.0 523.0 9.300406367130126
2445.0 522.0 17.08593750000047
2447.0 572.0 13.950609550695301
2453.0 519.0 18.0
2455.0 525.0 15.438887358552774
2463.0 571.0 12.605798741586781
2477.0 552.0 15.43888735855282
2485.0 530.0 18.0
2489.0 585.0 18.0
2507.0 580.0 15.438887358552762
2511.0 510.0 18.0
2513.0 546.0 15.438887358552883
2513.0 545.0 12.605798741586817
2519.0 488.0 17.085937500000426
2533.0 558.0 18.0
2537.0 499.0 18.0
2545.0 585.0 15.438887358552883
2559.0 535.0 12.605798741586716
2571.0 465.0 18.0
2573.0 523.0 18.0
2585.0 544.0 15.4388873585529
2591.0 532.0 18.0
2593.0 499.0 12.605798741586831
2611.0 527.0 17.085937500000437
2613.0 502.0 18.0
2617.0 563.0 13.950609550695138
2629.0 527.0 17.08593750000024
2637.0 540.0 18.0
2645.0 504.0 17.085937500000338
2655.0 555.0 18.0
2663.0 559.0 17.085937500000586
2669.0 561.0 17.085937500000366
2671.0 517.0 18.0
2687.0 546.0 18.0
2695.0 556.0 17.08593750000047
2703.0 542.0 18.0
2707.0 559.0 17.085937500000302
2709.0 532.0 18.0
2711.0 571.0 18.0
2713.0 541.0 15.438887358552975
2717.0 521.0 18.0
2719.0 581.0 13.950609550695159
2725.0 560.0 18.0
2737.0 531.0 18.0
2741.0 507.0 18.0
2787.0 526.0 18.0
2823.0 517.0 18.0
2827.0 527.0 18.0
2833.0 518.0 18.0
2839.0 517.0 18.0
2839.0 555.0 18.0
2843.0 529.0 18.0
2845.0 515.0 15.438887358552977
2867.0 556.0 18.0
2881.0 568.0 18.0
2883.0 540.0 18.0
2889.0 578.0 18.0
2891.0 565.0 18.0
2891.0 539.0 18.0
2927.0 541.0 18.0
2937.0 526.0 18.0
2949.0 557.0 18.0
2979.0 531.0 18.0
3041.0 488.0 18.0
3073.0 568.0 18.0
3097.0 561.0 18.0
3125.0 566.0 18.0
3129.0 561.0 18.0
3141.0 494.0 18.0
3165.0 595.0 18.0
3241.0 560.0 18.0
3355.0 553.0 18.0
3643.0 526.0 18.0
