rev1.1
731819.0 132447.0 18.0
737027.0 132483.0 18.0
737675.0 132817.0 18.0
742637.0 133234.0 18.0
746211.0 133029.0 18.0
746595.0 132941.0 18.0
747015.0 133126.0 18.0
750209.0 132995.0 18.0
751435.0 132609.0 18.0
751531.0 133955.0 18.0
751859.0 132893.0 18.0
752105.0 133196.0 18.0
753525.0 134159.0 18.0
753725.0 133060.0 18.0
754611.0 133826.0 18.0
755423.0 132770.0 18.0
755493.0 133111.0 18.0
756115.0 132783.0 18.0
757335.0 133707.0 18.0
757717.0 133900.0 18.0
758401.0 132820.0 18.0
759473.0 132965.0 18.0
760029.0 133139.0 18.0
760911.0 133146.0 18.0
761163.0 133797.0 18.0
761519.0 133407.0 18.0
762037.0 132743.0 18.0
762851.0 133077.0 18.0
762935.0 133018.0 18.0
763631.0 133997.0 18.0
764867.0 133503.0 18.0
764925.0 133567.0 18.0
765013.0 133457.0 18.0
765759.0 133905.0 18.0
766247.0 133640.0 18.0
767153.0 134277.0 18.0
767395.0 133866.0 18.0
767997.0 133760.0 18.0
768425.0 133233.0 18.0
770763.0 133665.0 18.0
771357.0 134269.0 18.0
771659.0 133198.0 18.0
772029.0 132834.0 18.0
772635.0 134013.0 18.0
773335.0 133149.0 18.0
773723.0 133542.0 18.0
773917.0 134451.0 18.0
774343.0 134258.0 18.0
775517.0 133938.0 18.0
775519.0 133399.0 18.0
776739.0 133695.0 18.0
777959.0 134194.0 18.0
778827.0 133513.0 18.0
779541.0 134519.0 18.0
780781.0 133954.0 18.0
780833.0 133686.0 18.0
781157.0 134779.0 18.0
781287.0 134495.0 18.0
782563.0 134217.0 18.0
784035.0 134394.0 18.0
784485.0 133884.0 18.0
786391.0 134367.0 18.0
788261.0 133378.0 18.0
789477.0 134257.0 18.0
790269.0 134082.0 18.0
791145.0 134131.0 18.0
792533.0 133794.0 18.0
793211.0 134209.0 18.0
793277.0 135104.0 18.0
794795.0 134052.0 18.0
795103.0 133521.0 18.0
795425.0 134187.0 18.0
797063.0 134166.0 18.0
797793.0 134095.0 18.0
798057.0 134274.0 18.0
801849.0 134337.0 18.0
803309.0 134625.0 18.0
803673.0 135336.0 18.0
806399.0 134155.0 18.0
808891.0 134032.0 18.0
809337.0 134110.0 18.0
809767.0 134512.0 18.0
810839.0 134744.0 18.0
811217.0 135075.0 18.0
814087.0 134287.0 18.0
814709.0 134738.0 18.0
815265.0 134345.0 18.0
815351.0 135197.0 18.0
817027.0 134713.0 18.0
818697.0 135066.0 18.0
818955.0 135538.0 18.0
832087.0 135278.0 18.0
833343.0 135949.0 18.0
836441.0 136637.0 18.0
836861.0 135208.0 18.0
838481.0 135449.0 18.0
848069.0 135892.0 18.0
849085.0 136096.0 18.0
870845.0 137599.0 18.0
882971.0 137021.0 18.0
