rev1.1
215525.0 41667.0 18.0
215789.0 41356.0 18.0
217763.0 41969.0 18.0
218759.0 41817.0 18.0
223465.0 42793.0 18.0
224803.0 41974.0 18.0
224837.0 42208.0 18.0
225147.0 42569.0 18.0
225821.0 42145.0 18.0
225975.0 42547.0 18.0
226429.0 41642.0 18.0
226799.0 42328.0 18.0
226993.0 42243.0 18.0
228117.0 42482.0 18.0
228749.0 41652.0 18.0
229489.0 42236.0 18.0
229965.0 42435.0 18.0
230321.0 42668.0 18.0
231515.0 42277.0 18.0
232859.0 42445.0 18.0
233513.0 41774.0 18.0
234255.0 42109.0 18.0
234447.0 42705.0 18.0
234989.0 42246.0 18.0
234997.0 42113.0 18.0
235201.0 41926.0 18.0
235517.0 42741.0 18.0
235803.0 42813.0 18.0
235913.0 42636.0 18.0
235925.0 42286.0 18.0
236051.0 42769.0 18.0
237461.0 42525.0 18.0
237585.0 42299.0 18.0
238285.0 42835.0 18.0
238291.0 41775.0 18.0
238451.0 41883.0 18.0
238599.0 42338.0 18.0
239883.0 42353.0 18.0
239883.0 42380.0 18.0
240063.0 42118.0 18.0
240217.0 41983.0 18.0
241287.0 42327.0 18.0
242085.0 42266.0 18.0
242929.0 42486.0 18.0
243387.0 42293.0 18.0
244245.0 42525.0 18.0
244729.0 42917.0 18.0
245213.0 42455.0 18.0
245247.0 43121.0 18.0
245631.0 42338.0 18.0
246071.0 42381.0 18.0
246159.0 43257.0 18.0
246337.0 42661.0 18.0
246781.0 42885.0 18.0
247471.0 42342.0 18.0
247545.0 43333.0 18.0
248197.0 42581.0 18.0
249285.0 42530.0 18.0
250809.0 42713.0 18.0
251065.0 42906.0 18.0
251137.0 43146.0 18.0
251779.0 42638.0 18.0
252341.0 43320.0 18.0
252669.0 43099.0 18.0
252975.0 42128.0 18.0
254255.0 42727.0 18.0
255237.0 42868.0 18.0
255419.0 42582.0 18.0
256369.0 43227.0 18.0
256981.0 43459.0 18.0
257097.0 42282.0 18.0
259171.0 42965.0 18.0
260391.0 42909.0 18.0
261175.0 42414.0 18.0
261251.0 43806.0 18.0
261693.0 42747.0 18.0
261939.0 43473.0 18.0
262661.0 42922.0 18.0
262791.0 42617.0 18.0
263435.0 43138.0 18.0
264067.0 42659.0 18.0
264163.0 43075.0 18.0
265561.0 43053.0 18.0
266189.0 43710.0 18.0
266799.0 42696.0 18.0
269501.0 43909.0 18.0
269925.0 43487.0 18.0
270249.0 43124.0 18.0
271317.0 43607.0 18.0
272231.0 42960.0 18.0
274721.0 43746.0 18.0
276377.0 43403.0 18.0
280061.0 43350.0 18.0
280817.0 43720.0 18.0
281279.0 44252.0 18.0
286711.0 44135.0 18.0
288023.0 43507.0 18.0
291429.0 43869.0 18.0
293461.0 43841.0 18.0
302573.0 44271.0 18.0
