rev1.1
2693.0 566.0 18.0
2707.0 629.0 11.390625000000286
2755.0 685.0 11.390625000000286
2787.0 648.0 11.390625000000261
2809.0 638.0 18.0
2827.0 614.0 18.0
2879.0 668.0 11.39062500000006
2889.0 665.0 18.0
2927.0 600.0 18.0
2935.0 706.0 18.0
2959.0 621.0 13.950609550695107
2969.0 599.0 17.0859375000005
2973.0 718.0 18.0
3001.0 735.0 10.292591572368657
3003.0 723.0 13.95060955069522
3003.0 698.0 9.300406367130048
3055.0 678.0 18.0
3059.0 700.0 18.0
3067.0 724.0 18.0
3069.0 708.0 18.0
3147.0 664.0 17.085937500000465
3155.0 664.0 18.0
3169.0 744.0 18.0
3175.0 683.0 18.0
3181.0 721.0 18.0
3193.0 679.0 12.605798741586858
3193.0 640.0 18.0
3201.0 724.0 18.0
3225.0 716.0 18.0
3237.0 694.0 18.0
3239.0 674.0 15.438887358553004
3251.0 730.0 11.390625000000378
3251.0 700.0 18.0
3251.0 656.0 18.0
3255.0 706.0 15.438887358552893
3285.0 656.0 18.0
3313.0 689.0 18.0
3361.0 695.0 18.0
3393.0 669.0 18.0
3409.0 750.0 18.0
3413.0 746.0 18.0
3421.0 698.0 17.085937500000437
3449.0 693.0 18.0
3457.0 684.0 18.0
3503.0 649.0 18.0
3509.0 598.0 18.0
3513.0 774.0 18.0
3533.0 645.0 18.0
3539.0 669.0 17.08593750000044
3569.0 699.0 18.0
3619.0 660.0 18.0
3649.0 704.0 18.0
3655.0 729.0 18.0
3669.0 724.0 17.08593750000038
3679.0 808.0 18.0
3679.0 704.0 18.0
3681.0 667.0 18.0
3685.0 719.0 18.0
3699.0 758.0 18.0
3715.0 745.0 18.0
3743.0 681.0 18.0
3749.0 773.0 18.0
3779.0 756.0 18.0
3783.0 734.0 18.0
3785.0 739.0 18.0
3793.0 807.0 18.0
3813.0 722.0 18.0
3827.0 836.0 18.0
3861.0 694.0 18.0
3991.0 710.0 18.0
3993.0 705.0 18.0
4019.0 704.0 18.0
4035.0 729.0 18.0
4067.0 755.0 18.0
4097.0 834.0 18.0
4147.0 793.0 18.0
4159.0 770.0 18.0
4179.0 778.0 18.0
4203.0 780.0 18.0
4323.0 652.0 18.0
4329.0 880.0 18.0
4363.0 793.0 18.0
4387.0 685.0 18.0
4451.0 763.0 18.0
4459.0 803.0 18.0
4475.0 728.0 18.0
4477.0 730.0 18.0
4485.0 899.0 18.0
4489.0 701.0 18.0
4501.0 705.0 18.0
4553.0 800.0 18.0
4555.0 816.0 18.0
4643.0 773.0 18.0
4649.0 783.0 18.0
4685.0 770.0 18.0
4735.0 759.0 18.0
4897.0 764.0 18.0
4947.0 696.0 18.0
4965.0 751.0 18.0
5373.0 735.0 18.0
