rev1.1
894327.0 166344.0 18.0
929141.0 167672.0 18.0
929749.0 167066.0 18.0
932599.0 167571.0 18.0
932683.0 168900.0 18.0
933239.0 166959.0 18.0
933989.0 167291.0 18.0
940897.0 167765.0 18.0
942361.0 168793.0 18.0
944969.0 168244.0 18.0
952029.0 167537.0 18.0
954401.0 169228.0 18.0
957933.0 168938.0 18.0
961759.0 170419.0 18.0
962205.0 168422.0 18.0
964277.0 170389.0 18.0
964335.0 167752.0 18.0
965925.0 169003.0 18.0
967229.0 168045.0 18.0
968045.0 169301.0 18.0
972257.0 170735.0 18.0
972435.0 169331.0 18.0
973113.0 168923.0 18.0
979469.0 169840.0 18.0
979769.0 169315.0 18.0
979793.0 168386.0 18.0
980231.0 169333.0 18.0
981817.0 170212.0 18.0
983659.0 170061.0 18.0
985911.0 168618.0 18.0
986319.0 169207.0 18.0
994401.0 168682.0 18.0
994659.0 169523.0 18.0
994833.0 169859.0 18.0
995191.0 169726.0 18.0
996881.0 169728.0 18.0
997733.0 170009.0 18.0
998715.0 168981.0 18.0
1000873.0 168991.0 18.0
1004453.0 168779.0 18.0
1004453.0 169496.0 18.0
1004999.0 170118.0 18.0
1008505.0 170786.0 18.0
1009907.0 169783.0 18.0
1010481.0 169518.0 18.0
1015149.0 169161.0 18.0
1016699.0 169853.0 18.0
1019037.0 170460.0 18.0
1019741.0 170192.0 18.0
1020129.0 170387.0 18.0
1020211.0 170792.0 18.0
1020275.0 170771.0 18.0
1020297.0 170079.0 18.0
1021679.0 169404.0 18.0
1021955.0 170442.0 18.0
1025523.0 170890.0 18.0
1026347.0 171047.0 18.0
1026657.0 169784.0 18.0
1035489.0 170272.0 18.0
1038469.0 169775.0 18.0
1039649.0 170190.0 18.0
1040249.0 169012.0 18.0
1041749.0 170922.0 18.0
1042219.0 170582.0 18.0
1042709.0 170968.0 18.0
1042747.0 170792.0 18.0
1046801.0 170922.0 18.0
1050695.0 172073.0 18.0
1050837.0 170371.0 18.0
1051325.0 169778.0 18.0
1056701.0 172354.0 18.0
1057275.0 172098.0 18.0
1059617.0 170447.0 18.0
1060677.0 171362.0 18.0
1061241.0 172026.0 18.0
1065265.0 171434.0 18.0
1076823.0 172660.0 18.0
1080947.0 171567.0 18.0
1084879.0 171576.0 18.0
1086929.0 171343.0 18.0
1089233.0 172349.0 18.0
1089311.0 172604.0 18.0
1099445.0 172773.0 18.0
1106283.0 172073.0 18.0
1117001.0 173355.0 18.0
1125005.0 173177.0 18.0
1125887.0 173886.0 18.0
1130419.0 174337.0 18.0
1136379.0 172752.0 18.0
1147783.0 172185.0 18.0
1149597.0 174477.0 18.0
1154377.0 174120.0 18.0
1170131.0 173126.0 18.0
1171693.0 173804.0 18.0
1174815.0 173569.0 18.0
1175059.0 174485.0 18.0
1192431.0 174351.0 18.0
1203143.0 175277.0 18.0
1205193.0 176069.0 18.0
1238611.0 176019.0 18.0
