rev1.1
103467.0 20120.0 18.0
105313.0 20872.0 18.0
106077.0 20759.0 18.0
106171.0 20882.0 18.0
106429.0 21291.0 18.0
107557.0 21257.0 18.0
109443.0 21372.0 18.0
109717.0 21305.0 18.0
110119.0 21242.0 18.0
110127.0 20980.0 18.0
110493.0 21854.0 18.0
110535.0 21091.0 18.0
110693.0 21141.0 18.0
111097.0 20956.0 18.0
111235.0 20746.0 18.0
111913.0 21177.0 18.0
112009.0 20921.0 18.0
112279.0 20730.0 18.0
112549.0 21051.0 18.0
112865.0 21510.0 18.0
112951.0 21409.0 18.0
113579.0 21195.0 18.0
113819.0 21231.0 18.0
113917.0 20933.0 18.0
114005.0 21574.0 18.0
114045.0 21487.0 18.0
114721.0 20982.0 18.0
114935.0 20949.0 18.0
115313.0 21566.0 18.0
115573.0 21418.0 18.0
116085.0 20978.0 18.0
116929.0 21220.0 18.0
117237.0 20823.0 18.0
117853.0 21276.0 18.0
117909.0 21149.0 18.0
118531.0 21010.0 18.0
118563.0 21042.0 18.0
118731.0 21451.0 18.0
118839.0 21307.0 18.0
119423.0 21234.0 18.0
119601.0 21363.0 18.0
119673.0 21335.0 18.0
119775.0 21560.0 18.0
119957.0 21336.0 18.0
120455.0 21254.0 18.0
120911.0 21482.0 18.0
121217.0 21287.0 18.0
121235.0 21069.0 18.0
121263.0 21965.0 18.0
121277.0 21279.0 18.0
121489.0 21694.0 18.0
121677.0 21393.0 18.0
121845.0 21376.0 18.0
121947.0 21306.0 18.0
122019.0 22200.0 18.0
122473.0 21845.0 18.0
122677.0 21236.0 18.0
122725.0 21003.0 18.0
122795.0 21587.0 18.0
122877.0 21800.0 18.0
123209.0 21464.0 18.0
123657.0 21377.0 18.0
124165.0 21440.0 18.0
124397.0 21431.0 18.0
124855.0 21469.0 18.0
125045.0 21664.0 18.0
125323.0 21844.0 18.0
125525.0 21729.0 18.0
125547.0 21257.0 18.0
126715.0 21842.0 18.0
127163.0 21130.0 18.0
127395.0 21633.0 18.0
127625.0 21557.0 18.0
128183.0 21600.0 18.0
128785.0 21775.0 18.0
129075.0 21937.0 18.0
129511.0 21774.0 18.0
129801.0 21295.0 18.0
129853.0 21473.0 18.0
130183.0 21531.0 18.0
130431.0 21832.0 18.0
131255.0 22275.0 18.0
132161.0 21774.0 18.0
133123.0 21909.0 18.0
133291.0 21388.0 18.0
134493.0 21755.0 18.0
135821.0 21587.0 18.0
136623.0 21754.0 18.0
137293.0 21746.0 18.0
138195.0 21753.0 18.0
138693.0 21957.0 18.0
139631.0 22186.0 18.0
140199.0 22336.0 18.0
140913.0 22222.0 18.0
142765.0 21885.0 18.0
143487.0 21833.0 18.0
145131.0 22224.0 18.0
145357.0 22111.0 18.0
147019.0 22111.0 18.0
151015.0 22371.0 18.0
