rev1.1
5367.0 1176.0 18.0
5703.0 1440.0 13.950609550695251
5849.0 1313.0 18.0
5881.0 1275.0 18.0
5941.0 1181.0 18.0
5947.0 1394.0 18.0
5995.0 1420.0 11.390625000000627
6065.0 1322.0 18.0
6135.0 1362.0 15.4388873585532
6159.0 1371.0 18.0
6161.0 1358.0 18.0
6169.0 1296.0 18.0
6267.0 1341.0 18.0
6287.0 1354.0 18.0
6289.0 1371.0 18.0
6297.0 1356.0 18.0
6361.0 1235.0 18.0
6489.0 1238.0 18.0
6495.0 1469.0 18.0
6571.0 1231.0 18.0
6609.0 1370.0 18.0
6609.0 1382.0 18.0
6627.0 1403.0 18.0
6627.0 1265.0 18.0
6643.0 1434.0 18.0
6649.0 1320.0 18.0
6681.0 1358.0 18.0
6711.0 1371.0 18.0
6731.0 1325.0 18.0
6731.0 1496.0 18.0
6747.0 1392.0 18.0
6757.0 1373.0 18.0
6765.0 1369.0 18.0
6775.0 1357.0 18.0
6785.0 1419.0 18.0
6791.0 1376.0 18.0
6803.0 1450.0 18.0
6843.0 1406.0 18.0
6867.0 1436.0 18.0
6873.0 1259.0 18.0
6901.0 1258.0 18.0
6917.0 1286.0 18.0
6919.0 1503.0 18.0
6921.0 1431.0 18.0
6951.0 1402.0 18.0
6985.0 1405.0 18.0
6997.0 1384.0 18.0
7063.0 1390.0 18.0
7067.0 1309.0 18.0
7075.0 1315.0 18.0
7077.0 1451.0 18.0
7089.0 1453.0 18.0
7103.0 1403.0 18.0
7115.0 1350.0 18.0
7143.0 1513.0 18.0
7171.0 1429.0 18.0
7171.0 1474.0 18.0
7173.0 1359.0 18.0
7193.0 1531.0 18.0
7217.0 1336.0 18.0
7217.0 1479.0 18.0
7237.0 1400.0 18.0
7259.0 1358.0 18.0
7281.0 1333.0 18.0
7287.0 1356.0 18.0
7297.0 1430.0 18.0
7313.0 1337.0 18.0
7335.0 1435.0 18.0
7339.0 1437.0 18.0
7375.0 1427.0 18.0
7381.0 1378.0 18.0
7437.0 1308.0 18.0
7439.0 1499.0 18.0
7469.0 1438.0 18.0
7479.0 1472.0 18.0
7545.0 1392.0 18.0
7559.0 1292.0 18.0
7605.0 1522.0 18.0
7613.0 1581.0 18.0
7657.0 1339.0 18.0
7759.0 1374.0 18.0
7787.0 1351.0 18.0
7917.0 1396.0 18.0
7973.0 1438.0 18.0
8033.0 1527.0 18.0
8155.0 1302.0 18.0
8167.0 1448.0 18.0
8245.0 1492.0 18.0
8275.0 1398.0 18.0
8341.0 1638.0 18.0
8497.0 1558.0 18.0
8551.0 1382.0 18.0
8617.0 1483.0 18.0
8851.0 1534.0 18.0
9345.0 1401.0 18.0
9571.0 1443.0 18.0
9639.0 1486.0 18.0
9749.0 1438.0 18.0
9961.0 1641.0 18.0
13609.0 1531.0 18.0
