rev1.1
436401.0 83467.0 18.0
442823.0 82825.0 18.0
452817.0 83088.0 18.0
456279.0 84064.0 18.0
459017.0 84364.0 18.0
460499.0 83852.0 18.0
460829.0 84536.0 18.0
462015.0 85335.0 18.0
464279.0 84813.0 18.0
468881.0 84139.0 18.0
468903.0 83560.0 18.0
470053.0 84565.0 18.0
470255.0 83437.0 18.0
470273.0 84872.0 18.0
470391.0 83961.0 18.0
472721.0 84615.0 18.0
473547.0 84826.0 18.0
474431.0 84109.0 18.0
475603.0 83807.0 18.0
477293.0 84648.0 18.0
479201.0 85570.0 18.0
479851.0 84740.0 18.0
480397.0 84603.0 18.0
480873.0 84791.0 18.0
481727.0 85467.0 18.0
482435.0 84913.0 18.0
482525.0 84628.0 18.0
484767.0 85885.0 18.0
487043.0 84123.0 18.0
487751.0 84991.0 18.0
488341.0 85075.0 18.0
488597.0 84600.0 18.0
488731.0 84675.0 18.0
489181.0 84538.0 18.0
489653.0 85011.0 18.0
489827.0 84080.0 18.0
491177.0 85307.0 18.0
493427.0 85127.0 18.0
493453.0 84945.0 18.0
493791.0 85848.0 18.0
494985.0 85058.0 18.0
496495.0 85075.0 18.0
496691.0 84701.0 18.0
498209.0 85454.0 18.0
498697.0 85357.0 18.0
499125.0 85826.0 18.0
499237.0 84625.0 18.0
500541.0 85336.0 18.0
500895.0 86025.0 18.0
501501.0 85209.0 18.0
501515.0 84456.0 18.0
502793.0 84962.0 18.0
503719.0 85525.0 18.0
504605.0 84440.0 18.0
505915.0 84841.0 18.0
505935.0 86145.0 18.0
507227.0 84930.0 18.0
510489.0 85864.0 18.0
511851.0 85664.0 18.0
512189.0 85348.0 18.0
513789.0 84936.0 18.0
514195.0 85990.0 18.0
514615.0 86136.0 18.0
515657.0 85560.0 18.0
516473.0 84538.0 18.0
520385.0 85326.0 18.0
520699.0 85537.0 18.0
525001.0 85736.0 18.0
528289.0 85170.0 18.0
529531.0 87003.0 18.0
529937.0 85768.0 18.0
529999.0 86099.0 18.0
530085.0 85979.0 18.0
530795.0 85983.0 18.0
532603.0 84895.0 18.0
535401.0 86473.0 18.0
535697.0 86622.0 18.0
536335.0 86463.0 18.0
539135.0 86046.0 18.0
539681.0 86617.0 18.0
539889.0 86304.0 18.0
541443.0 86193.0 18.0
543967.0 86087.0 18.0
544205.0 86944.0 18.0
544613.0 86087.0 18.0
545957.0 86633.0 18.0
546873.0 86272.0 18.0
553721.0 86771.0 18.0
556727.0 85921.0 18.0
558211.0 87449.0 18.0
560559.0 87499.0 18.0
561939.0 87120.0 18.0
566573.0 87129.0 18.0
571125.0 87295.0 18.0
576613.0 87195.0 18.0
583027.0 87553.0 18.0
587701.0 88357.0 18.0
588761.0 87999.0 18.0
601705.0 87385.0 18.0
634069.0 89371.0 18.0
