rev1.1
1127.0 291.0 10.292591572368517
1187.0 326.0 6.2002709114200005
1329.0 290.0 9.300406367129977
1355.0 384.0 11.390625000000162
1381.0 306.0 9.300406367130039
1381.0 302.0 17.0859375000004
1391.0 322.0 15.43888735855268
1431.0 309.0 12.605798741586622
1449.0 343.0 11.390625000000083
1457.0 349.0 9.30040636713008
1477.0 347.0 8.403865827724449
1485.0 350.0 11.390625000000187
1493.0 299.0 17.08593750000026
1499.0 336.0 9.300406367130059
1547.0 363.0 7.593750000000157
1569.0 323.0 12.605798741586652
1571.0 374.0 18.0
1585.0 355.0 15.438887358552826
1585.0 351.0 9.3004063671301
1599.0 415.0 9.300406367129982
1615.0 338.0 13.950609550695088
1625.0 360.0 17.085937500000394
1627.0 384.0 12.60579874158666
1641.0 399.0 12.605798741586717
1653.0 363.0 7.593750000000038
1657.0 336.0 18.0
1673.0 335.0 15.43888735855282
1689.0 356.0 18.0
1693.0 354.0 11.390625000000083
1693.0 332.0 17.08593750000013
1693.0 385.0 13.950609550695056
1699.0 387.0 17.08593750000046
1723.0 353.0 13.950609550695031
1723.0 397.0 12.605798741586792
1729.0 368.0 8.40386582772446
1731.0 379.0 11.390625000000272
1741.0 367.0 17.085937500000398
1741.0 398.0 13.95060955069497
1743.0 357.0 12.605798741586703
1745.0 419.0 10.292591572368575
1755.0 381.0 18.0
1769.0 283.0 18.0
1771.0 397.0 17.08593750000051
1775.0 311.0 18.0
1779.0 346.0 15.438887358552911
1783.0 410.0 17.08593750000027
1791.0 359.0 13.950609550695118
1803.0 341.0 13.950609550695104
1817.0 325.0 18.0
1823.0 447.0 17.08593750000009
1827.0 374.0 18.0
1843.0 403.0 17.08593750000021
1851.0 384.0 11.39062500000024
1859.0 389.0 17.085937500000128
1869.0 433.0 8.403865827724536
1903.0 370.0 18.0
1905.0 420.0 7.5937500000002185
1907.0 401.0 18.0
1907.0 396.0 13.950609550694992
1915.0 404.0 11.3906250000002
1917.0 383.0 11.390625000000133
1927.0 391.0 18.0
1937.0 323.0 18.0
1959.0 347.0 18.0
1965.0 320.0 18.0
1967.0 305.0 18.0
1999.0 410.0 18.0
2021.0 437.0 10.29259157236852
2027.0 351.0 18.0
2033.0 395.0 15.438887358552785
2035.0 368.0 18.0
2061.0 393.0 18.0
2067.0 412.0 15.438887358552888
2067.0 406.0 18.0
2069.0 365.0 18.0
2075.0 369.0 18.0
2085.0 417.0 17.08593750000024
2115.0 366.0 13.950609550695098
2119.0 333.0 18.0
2141.0 447.0 7.593750000000187
2175.0 425.0 13.950609550695159
2179.0 417.0 12.605798741586742
2187.0 357.0 18.0
2195.0 439.0 17.08593750000039
2197.0 438.0 10.292591572368568
2201.0 345.0 18.0
2239.0 424.0 18.0
2267.0 367.0 18.0
2291.0 370.0 18.0
2295.0 435.0 13.950609550695193
2327.0 349.0 18.0
2387.0 472.0 13.95060955069505
2435.0 324.0 18.0
2445.0 352.0 18.0
2533.0 373.0 18.0
2537.0 453.0 18.0
2645.0 479.0 18.0
2647.0 398.0 18.0
2665.0 476.0 18.0
3361.0 502.0 18.0
