rev1.1
25021.0 4990.0 18.0
25157.0 5176.0 18.0
25341.0 5183.0 18.0
25551.0 5320.0 18.0
25629.0 5234.0 18.0
25711.0 5348.0 18.0
25755.0 5336.0 18.0
25767.0 5219.0 18.0
25883.0 4969.0 18.0
25925.0 5349.0 18.0
25937.0 5359.0 18.0
25981.0 5181.0 18.0
26029.0 5326.0 18.0
26101.0 5155.0 18.0
26527.0 5333.0 18.0
26661.0 5295.0 18.0
26679.0 5358.0 18.0
26779.0 5259.0 18.0
26805.0 5418.0 18.0
26875.0 5382.0 18.0
26945.0 5349.0 18.0
27005.0 5253.0 18.0
27017.0 5389.0 18.0
27121.0 5682.0 18.0
27173.0 5230.0 18.0
27209.0 5356.0 18.0
27327.0 5369.0 18.0
27387.0 5627.0 18.0
27411.0 5444.0 18.0
27457.0 5140.0 18.0
27541.0 5745.0 18.0
27609.0 5129.0 18.0
27619.0 5205.0 18.0
27781.0 5249.0 18.0
27895.0 5447.0 18.0
27901.0 5455.0 18.0
27959.0 5196.0 18.0
27973.0 5338.0 18.0
28175.0 5164.0 18.0
28227.0 5224.0 18.0
28235.0 5342.0 18.0
28333.0 5378.0 18.0
28361.0 5324.0 18.0
28373.0 5443.0 18.0
28383.0 5692.0 18.0
28407.0 5245.0 18.0
28497.0 5339.0 18.0
28649.0 5524.0 18.0
28881.0 5236.0 18.0
29263.0 5293.0 18.0
29407.0 5471.0 18.0
29457.0 5322.0 18.0
29531.0 5244.0 18.0
29745.0 5461.0 18.0
29809.0 5511.0 18.0
29893.0 5254.0 18.0
29921.0 5507.0 18.0
29931.0 5357.0 18.0
29973.0 5404.0 18.0
30053.0 5399.0 18.0
30077.0 5324.0 18.0
30143.0 5359.0 18.0
30203.0 5413.0 18.0
30347.0 5830.0 18.0
30419.0 5112.0 18.0
30619.0 5532.0 18.0
30791.0 5623.0 18.0
30817.0 5492.0 18.0
30873.0 5523.0 18.0
30889.0 5650.0 18.0
31029.0 5371.0 18.0
31069.0 5468.0 18.0
31179.0 5337.0 18.0
31179.0 5263.0 18.0
31337.0 5623.0 18.0
31389.0 5520.0 18.0
31485.0 5448.0 18.0
31645.0 5406.0 18.0
31749.0 5428.0 18.0
31985.0 5765.0 18.0
32003.0 5482.0 18.0
32381.0 5484.0 18.0
32477.0 5348.0 18.0
32681.0 5310.0 18.0
33321.0 5662.0 18.0
33367.0 5699.0 18.0
33577.0 5568.0 18.0
33621.0 5489.0 18.0
34137.0 5654.0 18.0
34507.0 5533.0 18.0
34707.0 5539.0 18.0
34877.0 5662.0 18.0
34949.0 5594.0 18.0
35677.0 5642.0 18.0
36017.0 5647.0 18.0
36359.0 5619.0 18.0
38125.0 5690.0 18.0
38191.0 5726.0 18.0
38347.0 5469.0 18.0
39957.0 5765.0 18.0
