rev1.1
52087.0 10323.0 18.0
52161.0 10535.0 18.0
53457.0 10545.0 18.0
53753.0 10630.0 18.0
53891.0 10247.0 18.0
53965.0 10550.0 18.0
54189.0 11024.0 18.0
54295.0 10723.0 18.0
54503.0 10477.0 18.0
54671.0 10578.0 18.0
54727.0 10445.0 18.0
54743.0 10153.0 18.0
55127.0 10424.0 18.0
55151.0 10863.0 18.0
55183.0 10417.0 18.0
55251.0 10655.0 18.0
55339.0 10674.0 18.0
55445.0 11024.0 18.0
55545.0 10534.0 18.0
55819.0 10819.0 18.0
55903.0 10669.0 18.0
55965.0 10617.0 18.0
56097.0 10636.0 18.0
56149.0 10586.0 18.0
56189.0 10701.0 18.0
56255.0 10563.0 18.0
56437.0 10424.0 18.0
56607.0 10453.0 18.0
56727.0 10655.0 18.0
56803.0 10525.0 18.0
56895.0 10810.0 18.0
57727.0 10487.0 18.0
57785.0 10905.0 18.0
58013.0 10561.0 18.0
58015.0 10803.0 18.0
58033.0 10978.0 18.0
58349.0 10822.0 18.0
58353.0 10740.0 18.0
58357.0 10884.0 18.0
58597.0 10720.0 18.0
58683.0 10837.0 18.0
58985.0 10629.0 18.0
59137.0 10612.0 18.0
59303.0 10746.0 18.0
59337.0 10556.0 18.0
59509.0 10848.0 18.0
59587.0 10574.0 18.0
59809.0 10728.0 18.0
59815.0 10783.0 18.0
59927.0 10675.0 18.0
59945.0 10870.0 18.0
60015.0 10487.0 18.0
60309.0 10857.0 18.0
60519.0 11253.0 18.0
60725.0 10940.0 18.0
60771.0 10933.0 18.0
61045.0 10911.0 18.0
61155.0 10718.0 18.0
61205.0 10933.0 18.0
61251.0 10810.0 18.0
61285.0 10757.0 18.0
61477.0 11099.0 18.0
61521.0 10776.0 18.0
61657.0 11195.0 18.0
61757.0 10839.0 18.0
61789.0 11177.0 18.0
61853.0 10888.0 18.0
61891.0 10855.0 18.0
62069.0 10900.0 18.0
62135.0 10954.0 18.0
62169.0 10806.0 18.0
62313.0 10866.0 18.0
62799.0 11114.0 18.0
62941.0 10908.0 18.0
63291.0 11016.0 18.0
63323.0 10776.0 18.0
63739.0 10734.0 18.0
64103.0 10462.0 18.0
64255.0 10599.0 18.0
64383.0 10755.0 18.0
64797.0 11150.0 18.0
65061.0 11255.0 18.0
65095.0 10934.0 18.0
65503.0 10764.0 18.0
65581.0 10971.0 18.0
66139.0 10932.0 18.0
66437.0 10955.0 18.0
66773.0 10755.0 18.0
67027.0 11039.0 18.0
67609.0 11292.0 18.0
67881.0 10670.0 18.0
67983.0 11329.0 18.0
68037.0 11141.0 18.0
68877.0 10901.0 18.0
72459.0 11095.0 18.0
72613.0 11156.0 18.0
77149.0 11201.0 18.0
77449.0 11365.0 18.0
80671.0 11261.0 18.0
81497.0 11780.0 18.0
