rev1.1
11941.0 2705.0 18.0
12133.0 2583.0 18.0
12159.0 2672.0 18.0
12519.0 2554.0 18.0
12521.0 2542.0 18.0
12535.0 2662.0 18.0
12639.0 2673.0 18.0
12713.0 2596.0 18.0
12769.0 2673.0 18.0
12811.0 2732.0 18.0
12855.0 2575.0 18.0
12895.0 2697.0 18.0
12903.0 2741.0 18.0
12915.0 2724.0 18.0
12955.0 2479.0 18.0
12989.0 2759.0 18.0
12991.0 2582.0 18.0
12995.0 2699.0 18.0
12997.0 2612.0 18.0
13035.0 2790.0 18.0
13041.0 2793.0 18.0
13153.0 2667.0 18.0
13221.0 2658.0 18.0
13273.0 2573.0 18.0
13311.0 2824.0 18.0
13395.0 2644.0 18.0
13399.0 2608.0 18.0
13423.0 2725.0 18.0
13479.0 2801.0 18.0
13487.0 2637.0 18.0
13505.0 2640.0 18.0
13535.0 2400.0 18.0
13573.0 2576.0 18.0
13577.0 2629.0 18.0
13615.0 2532.0 18.0
13679.0 2769.0 18.0
13695.0 2525.0 18.0
13751.0 2681.0 18.0
13847.0 2827.0 18.0
13863.0 2697.0 18.0
13873.0 2759.0 18.0
13879.0 2903.0 18.0
13915.0 2810.0 18.0
13935.0 2652.0 18.0
13937.0 2714.0 18.0
14055.0 2781.0 18.0
14133.0 2722.0 18.0
14307.0 2701.0 18.0
14309.0 2751.0 18.0
14323.0 2705.0 18.0
14341.0 2777.0 18.0
14367.0 2679.0 18.0
14425.0 2867.0 18.0
14457.0 2822.0 18.0
14505.0 2794.0 18.0
14557.0 2661.0 18.0
14565.0 2803.0 18.0
14579.0 2726.0 18.0
14601.0 2679.0 18.0
14645.0 2622.0 18.0
14647.0 2744.0 18.0
14705.0 2700.0 18.0
14745.0 2711.0 18.0
14847.0 2721.0 18.0
14963.0 2790.0 18.0
15021.0 2803.0 18.0
15033.0 2728.0 18.0
15053.0 2656.0 18.0
15053.0 2733.0 18.0
15081.0 2745.0 18.0
15097.0 2834.0 18.0
15175.0 2860.0 18.0
15197.0 2621.0 18.0
15225.0 2671.0 18.0
15243.0 2733.0 18.0
15257.0 2676.0 18.0
15287.0 2768.0 18.0
15343.0 2796.0 18.0
15405.0 2671.0 18.0
15447.0 2802.0 18.0
15455.0 2848.0 18.0
15473.0 2661.0 18.0
15527.0 2934.0 18.0
15703.0 2713.0 18.0
15791.0 2721.0 18.0
15847.0 2729.0 18.0
16253.0 2796.0 18.0
16283.0 2783.0 18.0
16309.0 2917.0 18.0
16401.0 2851.0 18.0
16411.0 2866.0 18.0
16471.0 2767.0 18.0
16547.0 2682.0 18.0
17321.0 2961.0 18.0
17479.0 2769.0 18.0
17675.0 2859.0 18.0
18403.0 2763.0 18.0
18513.0 2939.0 18.0
19099.0 2773.0 18.0
19217.0 2874.0 18.0
