rev1.1
1847.0 475.0 6.0
1987.0 498.0 6.0
2027.0 515.0 6.0
2065.0 477.0 6.0
2125.0 550.0 6.0
2163.0 499.0 6.0
2211.0 542.0 6.0
2219.0 543.0 6.0
2239.0 540.0 6.0
2259.0 548.0 6.0
2301.0 514.0 6.0
2325.0 527.0 6.0
2325.0 514.0 6.0
2341.0 523.0 6.0
2345.0 525.0 6.0
2369.0 523.0 6.0
2381.0 514.0 6.0
2385.0 549.0 6.0
2387.0 504.0 6.0
2453.0 515.0 6.0
2457.0 578.0 6.0
2465.0 575.0 6.0
2477.0 538.0 6.0
2485.0 539.0 6.0
2501.0 540.0 6.0
2501.0 537.0 6.0
2515.0 538.0 6.0
2519.0 544.0 6.0
2543.0 577.0 6.0
2565.0 540.0 6.0
2565.0 553.0 6.0
2573.0 565.0 6.0
2575.0 554.0 6.0
2579.0 556.0 6.0
2585.0 543.0 6.0
2589.0 579.0 6.0
2597.0 585.0 6.0
2613.0 570.0 6.0
2635.0 587.0 6.0
2637.0 554.0 6.0
2643.0 567.0 6.0
2651.0 570.0 6.0
2657.0 577.0 6.0
2657.0 547.0 6.0
2667.0 542.0 6.0
2669.0 522.0 6.0
2673.0 570.0 6.0
2679.0 578.0 6.0
2681.0 576.0 6.0
2687.0 546.0 6.0
2701.0 591.0 6.0
2703.0 594.0 6.0
2709.0 546.0 6.0
2715.0 571.0 6.0
2735.0 570.0 6.0
2751.0 557.0 6.0
2753.0 564.0 6.0
2759.0 584.0 6.0
2761.0 577.0 6.0
2763.0 553.0 6.0
2769.0 558.0 6.0
2769.0 575.0 6.0
2779.0 599.0 6.0
2783.0 557.0 6.0
2787.0 595.0 6.0
2801.0 614.0 6.0
2831.0 552.0 6.0
2893.0 615.0 6.0
2899.0 586.0 6.0
2907.0 600.0 6.0
2937.0 559.0 6.0
2953.0 596.0 6.0
2983.0 594.0 6.0
2985.0 638.0 6.0
2993.0 607.0 6.0
3013.0 557.0 6.0
3023.0 608.0 6.0
3037.0 610.0 6.0
3043.0 607.0 6.0
3047.0 600.0 6.0
3049.0 642.0 6.0
3049.0 604.0 6.0
3051.0 619.0 6.0
3065.0 584.0 6.0
3065.0 611.0 6.0
3079.0 625.0 6.0
3091.0 598.0 6.0
3095.0 605.0 6.0
3117.0 575.0 6.0
3165.0 584.0 6.0
3247.0 592.0 6.0
3275.0 637.0 6.0
3299.0 609.0 6.0
3373.0 636.0 6.0
3445.0 605.0 6.0
3453.0 673.0 6.0
3463.0 616.0 6.0
3505.0 648.0 6.0
3517.0 645.0 6.0
4257.0 685.0 6.0
