rev1.1
452469.0 80245.0 6.0
455297.0 80562.0 6.0
456407.0 80715.0 6.0
460143.0 80991.0 6.0
461137.0 81771.0 6.0
464143.0 81760.0 6.0
464811.0 81236.0 6.0
468585.0 82174.0 6.0
472769.0 82530.0 6.0
474177.0 82728.0 6.0
474913.0 82323.0 6.0
475361.0 82280.0 6.0
481887.0 82999.0 6.0
482829.0 83352.0 6.0
485629.0 82484.0 6.0
485967.0 82967.0 6.0
486631.0 83720.0 6.0
488243.0 83610.0 6.0
488509.0 83224.0 6.0
489843.0 83547.0 6.0
491093.0 83908.0 6.0
491533.0 84253.0 6.0
493081.0 83994.0 6.0
494581.0 84029.0 6.0
496505.0 84772.0 6.0
497203.0 84348.0 6.0
497437.0 84566.0 6.0
497845.0 84586.0 6.0
498183.0 84633.0 6.0
500039.0 84273.0 6.0
500937.0 84581.0 6.0
501503.0 84734.0 6.0
501757.0 84383.0 6.0
503253.0 84861.0 6.0
503903.0 84551.0 6.0
506329.0 84531.0 6.0
507599.0 85280.0 6.0
508915.0 85133.0 6.0
509103.0 85558.0 6.0
509443.0 86202.0 6.0
510145.0 85646.0 6.0
512253.0 85045.0 6.0
513633.0 85594.0 6.0
514203.0 85844.0 6.0
514977.0 85989.0 6.0
515629.0 85899.0 6.0
518433.0 85828.0 6.0
519679.0 86329.0 6.0
520841.0 86146.0 6.0
522837.0 86109.0 6.0
522979.0 86351.0 6.0
523823.0 86500.0 6.0
524731.0 86491.0 6.0
525029.0 86416.0 6.0
525145.0 86601.0 6.0
527741.0 86913.0 6.0
527901.0 86999.0 6.0
528755.0 86678.0 6.0
530083.0 87226.0 6.0
533365.0 87815.0 6.0
533851.0 87102.0 6.0
537083.0 87574.0 6.0
537307.0 87216.0 6.0
537379.0 87574.0 6.0
538173.0 88017.0 6.0
538471.0 88020.0 6.0
538541.0 87387.0 6.0
538705.0 88278.0 6.0
540631.0 87586.0 6.0
541639.0 88414.0 6.0
543467.0 88539.0 6.0
549607.0 88952.0 6.0
549769.0 88801.0 6.0
552809.0 88831.0 6.0
553899.0 89161.0 6.0
554091.0 89267.0 6.0
556337.0 89362.0 6.0
559769.0 90105.0 6.0
559999.0 89995.0 6.0
560003.0 89365.0 6.0
561121.0 89929.0 6.0
564285.0 90118.0 6.0
565953.0 90171.0 6.0
567485.0 90196.0 6.0
568113.0 90249.0 6.0
569663.0 90048.0 6.0
569993.0 90601.0 6.0
571755.0 90460.0 6.0
573441.0 90844.0 6.0
583391.0 91556.0 6.0
585469.0 91107.0 6.0
585471.0 91830.0 6.0
588563.0 92047.0 6.0
598771.0 93149.0 6.0
606049.0 93291.0 6.0
631679.0 95643.0 6.0
635351.0 95704.0 6.0
672301.0 98967.0 6.0
770245.0 107368.0 6.0
795301.0 109354.0 6.0
