rev1.1
954947.0 165341.0 6.0
962949.0 166682.0 6.0
966099.0 166041.0 6.0
967499.0 166448.0 6.0
976121.0 167319.0 6.0
984233.0 167341.0 6.0
988651.0 168333.0 6.0
991165.0 167436.0 6.0
1006143.0 169519.0 6.0
1009633.0 170167.0 6.0
1016955.0 170165.0 6.0
1022371.0 170888.0 6.0
1023539.0 171538.0 6.0
1023557.0 171021.0 6.0
1025227.0 171409.0 6.0
1029083.0 171968.0 6.0
1029613.0 171592.0 6.0
1030393.0 172023.0 6.0
1031053.0 171144.0 6.0
1038203.0 172400.0 6.0
1039269.0 171831.0 6.0
1039487.0 172213.0 6.0
1042619.0 172937.0 6.0
1043019.0 172459.0 6.0
1044271.0 172840.0 6.0
1044593.0 172135.0 6.0
1053917.0 173186.0 6.0
1058763.0 173790.0 6.0
1059605.0 174247.0 6.0
1066223.0 175218.0 6.0
1069653.0 174842.0 6.0
1069921.0 175029.0 6.0
1074051.0 175227.0 6.0
1074195.0 175214.0 6.0
1076187.0 175467.0 6.0
1076549.0 175369.0 6.0
1077789.0 174974.0 6.0
1080955.0 175437.0 6.0
1083965.0 175774.0 6.0
1085801.0 175637.0 6.0
1087809.0 176366.0 6.0
1088787.0 176268.0 6.0
1091451.0 176869.0 6.0
1091843.0 177022.0 6.0
1092045.0 176762.0 6.0
1093927.0 176715.0 6.0
1097559.0 175945.0 6.0
1099291.0 177148.0 6.0
1100573.0 177299.0 6.0
1101741.0 177827.0 6.0
1103739.0 177417.0 6.0
1105437.0 177579.0 6.0
1107397.0 178034.0 6.0
1117755.0 178585.0 6.0
1117889.0 178850.0 6.0
1118485.0 179142.0 6.0
1121831.0 179275.0 6.0
1122249.0 178979.0 6.0
1123005.0 178814.0 6.0
1125425.0 179906.0 6.0
1126801.0 178777.0 6.0
1128787.0 179276.0 6.0
1128881.0 180356.0 6.0
1130499.0 179570.0 6.0
1130585.0 179921.0 6.0
1131961.0 180381.0 6.0
1133757.0 180124.0 6.0
1133887.0 180703.0 6.0
1135121.0 180874.0 6.0
1144763.0 181007.0 6.0
1145565.0 181519.0 6.0
1148733.0 181309.0 6.0
1151261.0 181516.0 6.0
1152083.0 182088.0 6.0
1154945.0 182061.0 6.0
1159715.0 182746.0 6.0
1160595.0 181724.0 6.0
1163779.0 182740.0 6.0
1163953.0 182530.0 6.0
1168989.0 183515.0 6.0
1170405.0 183628.0 6.0
1171585.0 182961.0 6.0
1176933.0 184388.0 6.0
1185499.0 184153.0 6.0
1189491.0 184782.0 6.0
1201727.0 185901.0 6.0
1212921.0 186738.0 6.0
1230169.0 188375.0 6.0
1247791.0 190299.0 6.0
1248637.0 189659.0 6.0
1256891.0 191384.0 6.0
1274747.0 192096.0 6.0
1280199.0 192543.0 6.0
1302341.0 194490.0 6.0
1315675.0 195549.0 6.0
1318851.0 195513.0 6.0
1334911.0 197251.0 6.0
1350793.0 198253.0 6.0
1435309.0 204919.0 6.0
1544673.0 214158.0 6.0
