rev1.1
208629.0 38687.0 6.0
215545.0 39721.0 6.0
216553.0 39176.0 6.0
216963.0 39941.0 6.0
217487.0 39331.0 6.0
218003.0 39762.0 6.0
220877.0 39895.0 6.0
221389.0 40006.0 6.0
222247.0 40369.0 6.0
222845.0 40388.0 6.0
223881.0 40508.0 6.0
224627.0 40221.0 6.0
229155.0 40460.0 6.0
229389.0 40756.0 6.0
229407.0 40553.0 6.0
229591.0 40606.0 6.0
229679.0 40620.0 6.0
230009.0 40811.0 6.0
230527.0 40697.0 6.0
230783.0 40417.0 6.0
231269.0 40580.0 6.0
231599.0 40957.0 6.0
231859.0 40745.0 6.0
232257.0 41046.0 6.0
232721.0 41143.0 6.0
233003.0 41023.0 6.0
233419.0 41012.0 6.0
233533.0 40797.0 6.0
233841.0 40772.0 6.0
234107.0 40909.0 6.0
234883.0 41074.0 6.0
235187.0 41184.0 6.0
237379.0 41322.0 6.0
237863.0 40856.0 6.0
238061.0 41235.0 6.0
240177.0 41381.0 6.0
240893.0 41511.0 6.0
241183.0 41658.0 6.0
241361.0 41573.0 6.0
241429.0 41613.0 6.0
241491.0 41412.0 6.0
241577.0 41568.0 6.0
242037.0 41554.0 6.0
242059.0 41429.0 6.0
242267.0 41916.0 6.0
242313.0 41657.0 6.0
242681.0 41262.0 6.0
243137.0 41756.0 6.0
243197.0 41738.0 6.0
243471.0 41710.0 6.0
243525.0 41948.0 6.0
244049.0 42061.0 6.0
244151.0 41848.0 6.0
245595.0 42073.0 6.0
246145.0 41966.0 6.0
246515.0 42172.0 6.0
246661.0 42230.0 6.0
246769.0 42310.0 6.0
247761.0 42120.0 6.0
248129.0 42286.0 6.0
249511.0 42308.0 6.0
250285.0 42327.0 6.0
251847.0 42584.0 6.0
252017.0 42370.0 6.0
254797.0 42882.0 6.0
254849.0 42785.0 6.0
255679.0 42822.0 6.0
255721.0 42810.0 6.0
256317.0 42896.0 6.0
257811.0 42830.0 6.0
259089.0 42739.0 6.0
260089.0 43247.0 6.0
260229.0 42984.0 6.0
260715.0 43097.0 6.0
261949.0 43019.0 6.0
262053.0 43276.0 6.0
262261.0 43308.0 6.0
266561.0 43984.0 6.0
266583.0 43691.0 6.0
266767.0 43626.0 6.0
266771.0 43488.0 6.0
267147.0 43860.0 6.0
267827.0 43665.0 6.0
268191.0 44152.0 6.0
270521.0 43871.0 6.0
271057.0 44295.0 6.0
271405.0 44180.0 6.0
276207.0 44607.0 6.0
276389.0 44738.0 6.0
277243.0 44512.0 6.0
279137.0 44983.0 6.0
279925.0 44836.0 6.0
283407.0 45146.0 6.0
283465.0 45129.0 6.0
291295.0 45559.0 6.0
300381.0 46335.0 6.0
309835.0 46907.0 6.0
311041.0 47243.0 6.0
317039.0 47569.0 6.0
324395.0 48288.0 6.0
