rev1.1
21029.0 4545.0 6.0
21435.0 4427.0 6.0
22005.0 4490.0 6.0
22311.0 4552.0 6.0
22445.0 4614.0 6.0
22901.0 4658.0 6.0
23045.0 4487.0 6.0
23519.0 4720.0 6.0
23525.0 4637.0 6.0
23559.0 4585.0 6.0
23693.0 4765.0 6.0
23731.0 4660.0 6.0
23831.0 4676.0 6.0
23963.0 4695.0 6.0
24177.0 4655.0 6.0
24201.0 4812.0 6.0
24467.0 4766.0 6.0
24531.0 4667.0 6.0
24645.0 4749.0 6.0
24815.0 4812.0 6.0
24859.0 4708.0 6.0
24865.0 4891.0 6.0
24931.0 4716.0 6.0
24953.0 4726.0 6.0
25053.0 4708.0 6.0
25087.0 4738.0 6.0
25109.0 4717.0 6.0
25111.0 4731.0 6.0
25247.0 4620.0 6.0
25293.0 4771.0 6.0
25293.0 4796.0 6.0
25301.0 4792.0 6.0
25361.0 4814.0 6.0
25379.0 4674.0 6.0
25409.0 4806.0 6.0
25471.0 4813.0 6.0
25507.0 4792.0 6.0
25617.0 4832.0 6.0
25679.0 4819.0 6.0
25731.0 4994.0 6.0
25945.0 4886.0 6.0
26015.0 4828.0 6.0
26021.0 4890.0 6.0
26045.0 4967.0 6.0
26071.0 4818.0 6.0
26101.0 4866.0 6.0
26115.0 4878.0 6.0
26161.0 4808.0 6.0
26249.0 4914.0 6.0
26269.0 4879.0 6.0
26325.0 4893.0 6.0
26327.0 4939.0 6.0
26341.0 4768.0 6.0
26353.0 4855.0 6.0
26411.0 4853.0 6.0
26419.0 4891.0 6.0
26487.0 4954.0 6.0
26497.0 4896.0 6.0
26519.0 4915.0 6.0
26573.0 4846.0 6.0
26647.0 4996.0 6.0
26717.0 4889.0 6.0
26835.0 4904.0 6.0
27369.0 5027.0 6.0
27481.0 4946.0 6.0
27547.0 5021.0 6.0
27619.0 5070.0 6.0
27665.0 4986.0 6.0
27691.0 4886.0 6.0
27713.0 4961.0 6.0
27743.0 4997.0 6.0
27847.0 4922.0 6.0
27913.0 4933.0 6.0
27965.0 5048.0 6.0
28081.0 4933.0 6.0
28227.0 5036.0 6.0
28261.0 5029.0 6.0
28533.0 5057.0 6.0
28675.0 5179.0 6.0
28725.0 5107.0 6.0
28737.0 5049.0 6.0
28861.0 5204.0 6.0
29047.0 5256.0 6.0
29195.0 5148.0 6.0
29195.0 5161.0 6.0
29367.0 5126.0 6.0
29467.0 5175.0 6.0
29551.0 5024.0 6.0
29849.0 5160.0 6.0
29891.0 5085.0 6.0
30055.0 5167.0 6.0
30267.0 5128.0 6.0
30281.0 5165.0 6.0
30381.0 5274.0 6.0
30627.0 5262.0 6.0
30751.0 5246.0 6.0
31273.0 5290.0 6.0
31573.0 5297.0 6.0
33795.0 5502.0 6.0
37441.0 5832.0 6.0
