rev1.1
867.0 246.0 4.574485143274901
871.0 232.0 6.0
907.0 241.0 6.0
987.0 237.0 6.0
989.0 252.0 6.0
1005.0 264.0 6.0
1021.0 241.0 6.0
1029.0 281.0 6.0
1031.0 243.0 6.0
1033.0 271.0 6.0
1039.0 263.0 6.0
1049.0 263.0 6.0
1061.0 288.0 6.0
1077.0 242.0 6.0
1083.0 248.0 6.0
1083.0 270.0 6.0
1083.0 260.0 6.0
1089.0 258.0 6.0
1091.0 262.0 6.0
1101.0 282.0 6.0
1105.0 277.0 6.0
1109.0 276.0 6.0
1127.0 292.0 6.0
1129.0 242.0 6.0
1139.0 276.0 6.0
1145.0 298.0 6.0
1147.0 273.0 6.0
1147.0 279.0 6.0
1155.0 285.0 6.0
1157.0 266.0 6.0
1157.0 273.0 6.0
1165.0 270.0 6.0
1171.0 260.0 6.0
1181.0 279.0 6.0
1185.0 299.0 6.0
1189.0 276.0 6.0
1197.0 276.0 6.0
1207.0 258.0 6.0
1211.0 276.0 6.0
1211.0 277.0 6.0
1215.0 273.0 6.0
1227.0 275.0 6.0
1229.0 264.0 6.0
1233.0 290.0 6.0
1249.0 278.0 6.0
1253.0 283.0 6.0
1253.0 283.0 6.0
1257.0 286.0 6.0
1261.0 266.0 6.0
1283.0 295.0 6.0
1285.0 291.0 6.0
1295.0 290.0 6.0
1297.0 300.0 6.0
1299.0 291.0 6.0
1305.0 260.0 6.0
1309.0 277.0 6.0
1315.0 279.0 6.0
1321.0 296.0 6.0
1331.0 299.0 6.0
1337.0 295.0 6.0
1339.0 298.0 6.0
1345.0 296.0 6.0
1353.0 257.0 6.0
1355.0 299.0 6.0
1357.0 277.0 6.0
1361.0 279.0 6.0
1363.0 288.0 6.0
1363.0 290.0 6.0
1367.0 304.0 6.0
1371.0 263.0 6.0
1371.0 249.0 6.0
1373.0 312.0 6.0
1375.0 265.0 6.0
1383.0 320.0 6.0
1387.0 289.0 6.0
1409.0 278.0 6.0
1411.0 279.0 6.0
1413.0 319.0 6.0
1413.0 290.0 6.0
1417.0 316.0 6.0
1429.0 334.0 6.0
1429.0 335.0 6.0
1429.0 277.0 6.0
1437.0 288.0 6.0
1463.0 298.0 6.0
1465.0 290.0 6.0
1469.0 285.0 6.0
1475.0 306.0 6.0
1477.0 318.0 6.0
1481.0 319.0 6.0
1505.0 288.0 6.0
1511.0 310.0 6.0
1537.0 293.0 6.0
1543.0 279.0 6.0
1569.0 294.0 6.0
1589.0 320.0 6.0
1591.0 321.0 6.0
1687.0 327.0 6.0
1793.0 373.0 6.0
1981.0 332.0 6.0
