rev1.1
101447.0 19132.0 6.0
102069.0 19145.0 6.0
103211.0 19442.0 6.0
104569.0 19493.0 6.0
105051.0 19692.0 6.0
105715.0 19412.0 6.0
106303.0 19408.0 6.0
106309.0 19785.0 6.0
106427.0 19625.0 6.0
106565.0 19548.0 6.0
109037.0 19765.0 6.0
109379.0 19965.0 6.0
109451.0 19800.0 6.0
109591.0 19886.0 6.0
109591.0 19890.0 6.0
109805.0 19791.0 6.0
109933.0 19785.0 6.0
110361.0 20003.0 6.0
110429.0 20140.0 6.0
110751.0 20001.0 6.0
110895.0 20091.0 6.0
111417.0 20001.0 6.0
112401.0 19834.0 6.0
112781.0 19944.0 6.0
112855.0 20027.0 6.0
113033.0 20186.0 6.0
113337.0 20139.0 6.0
113415.0 20301.0 6.0
113479.0 20284.0 6.0
113703.0 20394.0 6.0
114361.0 20100.0 6.0
114585.0 20573.0 6.0
114801.0 20198.0 6.0
115439.0 20506.0 6.0
115745.0 20473.0 6.0
115833.0 20685.0 6.0
116725.0 20507.0 6.0
116825.0 20496.0 6.0
116939.0 20518.0 6.0
117401.0 20624.0 6.0
117611.0 20546.0 6.0
117787.0 20520.0 6.0
117797.0 20353.0 6.0
117913.0 20557.0 6.0
118179.0 20718.0 6.0
118219.0 20633.0 6.0
118289.0 20568.0 6.0
118651.0 20514.0 6.0
118725.0 20723.0 6.0
118843.0 20843.0 6.0
119269.0 20617.0 6.0
119673.0 20747.0 6.0
120191.0 20652.0 6.0
120413.0 20837.0 6.0
120923.0 20674.0 6.0
121041.0 20960.0 6.0
121133.0 20859.0 6.0
121325.0 20914.0 6.0
121575.0 20903.0 6.0
122083.0 20916.0 6.0
122273.0 21074.0 6.0
122487.0 21094.0 6.0
122875.0 20948.0 6.0
123089.0 21088.0 6.0
123353.0 21077.0 6.0
124099.0 21093.0 6.0
124335.0 20963.0 6.0
124871.0 21296.0 6.0
125027.0 21235.0 6.0
125039.0 21229.0 6.0
125113.0 21056.0 6.0
125653.0 21199.0 6.0
125703.0 21112.0 6.0
126597.0 21402.0 6.0
127347.0 21264.0 6.0
127413.0 21318.0 6.0
127609.0 21402.0 6.0
129005.0 21571.0 6.0
129333.0 21418.0 6.0
129603.0 21563.0 6.0
130481.0 21452.0 6.0
131167.0 22066.0 6.0
131223.0 21498.0 6.0
131295.0 21654.0 6.0
132479.0 21684.0 6.0
132785.0 21742.0 6.0
133191.0 21830.0 6.0
133765.0 21663.0 6.0
134347.0 22137.0 6.0
134381.0 22045.0 6.0
136477.0 21963.0 6.0
137345.0 21800.0 6.0
138573.0 22267.0 6.0
139001.0 22264.0 6.0
139083.0 22297.0 6.0
141215.0 22422.0 6.0
146447.0 23177.0 6.0
146895.0 23027.0 6.0
149873.0 23159.0 6.0
152821.0 23556.0 6.0
