rev1.1
47983.0 9244.0 6.0
48663.0 9282.0 6.0
49167.0 9469.0 6.0
49531.0 9376.0 6.0
49779.0 9354.0 6.0
49871.0 9516.0 6.0
50003.0 9494.0 6.0
50153.0 9408.0 6.0
50791.0 9629.0 6.0
51151.0 9482.0 6.0
51517.0 9533.0 6.0
51667.0 9672.0 6.0
51881.0 9762.0 6.0
52047.0 9692.0 6.0
52177.0 9944.0 6.0
52339.0 9652.0 6.0
52481.0 9612.0 6.0
52581.0 9830.0 6.0
52755.0 9660.0 6.0
52897.0 9820.0 6.0
52935.0 9868.0 6.0
53155.0 9607.0 6.0
53177.0 9902.0 6.0
53355.0 9797.0 6.0
53411.0 9824.0 6.0
53451.0 9662.0 6.0
53483.0 9895.0 6.0
53501.0 9603.0 6.0
53663.0 9840.0 6.0
53795.0 9662.0 6.0
53817.0 9713.0 6.0
54073.0 9927.0 6.0
54223.0 9847.0 6.0
54347.0 9918.0 6.0
54359.0 9856.0 6.0
54427.0 9887.0 6.0
54497.0 9979.0 6.0
54553.0 9935.0 6.0
54737.0 9964.0 6.0
54823.0 9904.0 6.0
54899.0 9881.0 6.0
54979.0 9909.0 6.0
55025.0 10019.0 6.0
55083.0 9821.0 6.0
55099.0 9774.0 6.0
55179.0 10053.0 6.0
55265.0 10006.0 6.0
55279.0 10029.0 6.0
55305.0 9878.0 6.0
55435.0 10057.0 6.0
55499.0 9992.0 6.0
55529.0 9866.0 6.0
55627.0 10109.0 6.0
55945.0 10216.0 6.0
55965.0 10115.0 6.0
55993.0 9981.0 6.0
56041.0 10238.0 6.0
56225.0 9921.0 6.0
56411.0 10051.0 6.0
56455.0 10061.0 6.0
56573.0 9928.0 6.0
56683.0 10136.0 6.0
56915.0 10164.0 6.0
57125.0 10103.0 6.0
57183.0 10067.0 6.0
57261.0 10002.0 6.0
57267.0 10278.0 6.0
57355.0 10206.0 6.0
57441.0 10212.0 6.0
57499.0 9979.0 6.0
57643.0 10180.0 6.0
57857.0 10069.0 6.0
58225.0 10289.0 6.0
58969.0 10281.0 6.0
59281.0 10402.0 6.0
59487.0 10218.0 6.0
59551.0 10266.0 6.0
59843.0 10444.0 6.0
60023.0 10361.0 6.0
60253.0 10491.0 6.0
60817.0 10527.0 6.0
60881.0 10611.0 6.0
61837.0 10589.0 6.0
62629.0 10590.0 6.0
62875.0 10624.0 6.0
63241.0 10611.0 6.0
63457.0 10757.0 6.0
64651.0 10709.0 6.0
64711.0 10832.0 6.0
65297.0 10948.0 6.0
65331.0 10834.0 6.0
65409.0 10877.0 6.0
65785.0 10657.0 6.0
65899.0 10754.0 6.0
66115.0 10992.0 6.0
66143.0 10852.0 6.0
66901.0 10955.0 6.0
70225.0 11116.0 6.0
70975.0 11258.0 6.0
71625.0 11206.0 6.0
