rev1.1
10441.0 2250.0 6.0
10475.0 2255.0 6.0
10563.0 2231.0 6.0
10881.0 2273.0 6.0
10985.0 2283.0 6.0
11035.0 2228.0 6.0
11083.0 2351.0 6.0
11161.0 2276.0 6.0
11165.0 2319.0 6.0
11205.0 2282.0 6.0
11221.0 2332.0 6.0
11227.0 2277.0 6.0
11241.0 2222.0 6.0
11265.0 2185.0 6.0
11277.0 2260.0 6.0
11301.0 2244.0 6.0
11333.0 2266.0 6.0
11401.0 2264.0 6.0
11427.0 2399.0 6.0
11465.0 2287.0 6.0
11469.0 2250.0 6.0
11509.0 2277.0 6.0
11589.0 2299.0 6.0
11589.0 2393.0 6.0
11617.0 2209.0 6.0
11649.0 2353.0 6.0
11703.0 2308.0 6.0
11703.0 2378.0 6.0
11709.0 2314.0 6.0
11709.0 2307.0 6.0
11723.0 2383.0 6.0
11741.0 2282.0 6.0
11747.0 2326.0 6.0
11761.0 2281.0 6.0
11779.0 2395.0 6.0
11825.0 2313.0 6.0
11849.0 2346.0 6.0
11877.0 2346.0 6.0
11915.0 2451.0 6.0
11959.0 2360.0 6.0
11965.0 2355.0 6.0
12061.0 2326.0 6.0
12259.0 2282.0 6.0
12271.0 2378.0 6.0
12307.0 2420.0 6.0
12313.0 2405.0 6.0
12437.0 2395.0 6.0
12443.0 2407.0 6.0
12501.0 2449.0 6.0
12587.0 2432.0 6.0
12699.0 2500.0 6.0
12737.0 2410.0 6.0
12811.0 2459.0 6.0
12849.0 2312.0 6.0
12855.0 2498.0 6.0
12927.0 2401.0 6.0
12953.0 2622.0 6.0
12983.0 2398.0 6.0
13005.0 2417.0 6.0
13023.0 2416.0 6.0
13081.0 2426.0 6.0
13141.0 2436.0 6.0
13307.0 2467.0 6.0
13311.0 2458.0 6.0
13311.0 2456.0 6.0
13319.0 2464.0 6.0
13331.0 2428.0 6.0
13351.0 2480.0 6.0
13385.0 2458.0 6.0
13447.0 2565.0 6.0
13475.0 2517.0 6.0
13533.0 2500.0 6.0
13625.0 2456.0 6.0
13631.0 2503.0 6.0
13667.0 2466.0 6.0
13671.0 2539.0 6.0
13697.0 2536.0 6.0
13767.0 2582.0 6.0
13865.0 2481.0 6.0
13885.0 2435.0 6.0
13913.0 2481.0 6.0
13917.0 2486.0 6.0
14067.0 2476.0 6.0
14121.0 2536.0 6.0
14327.0 2525.0 6.0
14463.0 2525.0 6.0
14465.0 2495.0 6.0
14555.0 2548.0 6.0
14587.0 2593.0 6.0
14609.0 2572.0 6.0
14611.0 2599.0 6.0
14851.0 2594.0 6.0
14985.0 2614.0 6.0
15231.0 2667.0 6.0
15471.0 2668.0 6.0
15735.0 2609.0 6.0
15965.0 2705.0 6.0
16513.0 2724.0 6.0
17785.0 2843.0 6.0
19233.0 2921.0 6.0
