rev1.1
4579.0 1034.0 6.0
4757.0 1085.0 6.0
4791.0 1057.0 6.0
4845.0 1099.0 6.0
4887.0 1054.0 6.0
5007.0 1066.0 6.0
5031.0 1083.0 6.0
5033.0 1108.0 6.0
5049.0 1103.0 6.0
5075.0 1118.0 6.0
5107.0 1074.0 6.0
5155.0 1101.0 6.0
5165.0 1066.0 6.0
5205.0 1158.0 6.0
5205.0 1114.0 6.0
5227.0 1117.0 6.0
5229.0 1085.0 6.0
5237.0 1162.0 6.0
5255.0 1131.0 6.0
5267.0 1111.0 6.0
5275.0 1142.0 6.0
5297.0 1145.0 6.0
5315.0 1121.0 6.0
5339.0 1139.0 6.0
5341.0 1104.0 6.0
5349.0 1147.0 6.0
5353.0 1097.0 6.0
5375.0 1131.0 6.0
5407.0 1063.0 6.0
5415.0 1173.0 6.0
5423.0 1094.0 6.0
5431.0 1140.0 6.0
5463.0 1187.0 6.0
5483.0 1131.0 6.0
5489.0 1188.0 6.0
5503.0 1158.0 6.0
5515.0 1205.0 6.0
5515.0 1156.0 6.0
5537.0 1117.0 6.0
5539.0 1121.0 6.0
5557.0 1101.0 6.0
5579.0 1179.0 6.0
5597.0 1113.0 6.0
5619.0 1180.0 6.0
5657.0 1132.0 6.0
5661.0 1134.0 6.0
5687.0 1196.0 6.0
5693.0 1154.0 6.0
5693.0 1135.0 6.0
5727.0 1142.0 6.0
5743.0 1111.0 6.0
5759.0 1108.0 6.0
5765.0 1190.0 6.0
5787.0 1139.0 6.0
5799.0 1204.0 6.0
5875.0 1142.0 6.0
5889.0 1215.0 6.0
5899.0 1110.0 6.0
5907.0 1162.0 6.0
5931.0 1175.0 6.0
5945.0 1132.0 6.0
5969.0 1213.0 6.0
6003.0 1206.0 6.0
6009.0 1250.0 6.0
6019.0 1159.0 6.0
6043.0 1170.0 6.0
6045.0 1237.0 6.0
6053.0 1190.0 6.0
6085.0 1234.0 6.0
6145.0 1267.0 6.0
6173.0 1223.0 6.0
6183.0 1181.0 6.0
6209.0 1208.0 6.0
6233.0 1204.0 6.0
6237.0 1232.0 6.0
6279.0 1197.0 6.0
6287.0 1236.0 6.0
6297.0 1175.0 6.0
6307.0 1159.0 6.0
6317.0 1190.0 6.0
6325.0 1210.0 6.0
6431.0 1254.0 6.0
6513.0 1262.0 6.0
6575.0 1253.0 6.0
6577.0 1288.0 6.0
6687.0 1206.0 6.0
6707.0 1222.0 6.0
6791.0 1218.0 6.0
6841.0 1221.0 6.0
6857.0 1228.0 6.0
6899.0 1236.0 6.0
6945.0 1250.0 6.0
7037.0 1247.0 6.0
7051.0 1316.0 6.0
7105.0 1319.0 6.0
7149.0 1280.0 6.0
7157.0 1279.0 6.0
7377.0 1311.0 6.0
7385.0 1246.0 6.0
9043.0 1440.0 6.0
