rev1.1
2155.0 558.0 6.0
2553.0 680.0 6.0
2619.0 698.0 6.0
2785.0 639.0 6.0
2837.0 665.0 6.0
2847.0 704.0 6.0
2893.0 669.0 6.0
2903.0 677.0 6.0
2949.0 650.0 6.0
2961.0 717.0 6.0
2973.0 751.0 6.0
2975.0 704.0 6.0
2983.0 664.0 6.0
3001.0 702.0 6.0
3003.0 703.0 6.0
3007.0 734.0 6.0
3015.0 682.0 6.0
3097.0 634.0 6.0
3109.0 720.0 6.0
3113.0 734.0 6.0
3137.0 704.0 6.0
3157.0 726.0 6.0
3163.0 680.0 6.0
3179.0 785.0 6.0
3241.0 753.0 6.0
3309.0 752.0 6.0
3313.0 740.0 6.0
3319.0 783.0 6.0
3335.0 726.0 6.0
3351.0 686.0 6.0
3353.0 752.0 6.0
3367.0 703.0 6.0
3375.0 735.0 6.0
3387.0 757.0 6.0
3387.0 741.0 6.0
3389.0 651.0 6.0
3399.0 647.0 6.0
3409.0 720.0 6.0
3423.0 660.0 6.0
3447.0 643.0 6.0
3453.0 759.0 6.0
3455.0 775.0 6.0
3461.0 833.0 6.0
3479.0 710.0 6.0
3485.0 738.0 6.0
3489.0 778.0 6.0
3497.0 742.0 6.0
3511.0 706.0 6.0
3537.0 759.0 6.0
3539.0 784.0 6.0
3543.0 767.0 6.0
3555.0 826.0 6.0
3563.0 813.0 6.0
3573.0 816.0 6.0
3585.0 698.0 6.0
3585.0 780.0 6.0
3609.0 796.0 6.0
3617.0 821.0 6.0
3621.0 781.0 6.0
3631.0 785.0 6.0
3635.0 805.0 6.0
3667.0 804.0 6.0
3711.0 762.0 6.0
3761.0 774.0 6.0
3765.0 792.0 6.0
3785.0 790.0 6.0
3787.0 773.0 6.0
3789.0 767.0 6.0
3809.0 785.0 6.0
3821.0 713.0 6.0
3823.0 799.0 6.0
3847.0 825.0 6.0
3849.0 811.0 6.0
3869.0 803.0 6.0
3939.0 841.0 6.0
3951.0 810.0 6.0
4055.0 843.0 6.0
4061.0 876.0 6.0
4091.0 804.0 6.0
4095.0 756.0 6.0
4109.0 849.0 6.0
4115.0 819.0 6.0
4167.0 849.0 6.0
4185.0 846.0 6.0
4199.0 816.0 6.0
4247.0 892.0 6.0
4315.0 870.0 6.0
4339.0 813.0 6.0
4395.0 820.0 6.0
4413.0 842.0 6.0
4475.0 868.0 6.0
4599.0 883.0 6.0
4675.0 951.0 6.0
4677.0 923.0 6.0
4813.0 859.0 6.0
4833.0 1000.0 6.0
5017.0 874.0 6.0
5191.0 959.0 6.0
5477.0 970.0 6.0
5509.0 874.0 6.0
