rev1.1
233913.0 47958.0 6.0
239989.0 47961.0 6.0
243007.0 48120.0 6.0
243935.0 47925.0 6.0
245441.0 49056.0 6.0
245763.0 48572.0 6.0
246371.0 48396.0 6.0
247549.0 48664.0 6.0
247751.0 48555.0 6.0
254059.0 48832.0 6.0
254403.0 48900.0 6.0
255575.0 49569.0 6.0
255889.0 49248.0 6.0
258355.0 49615.0 6.0
258683.0 49442.0 6.0
258895.0 49784.0 6.0
259495.0 49636.0 6.0
261409.0 49919.0 6.0
261445.0 49998.0 6.0
262885.0 49808.0 6.0
263135.0 49413.0 6.0
264095.0 49870.0 6.0
265351.0 49904.0 6.0
266447.0 50213.0 6.0
267507.0 50275.0 6.0
267533.0 50471.0 6.0
267693.0 50298.0 6.0
267749.0 50123.0 6.0
268919.0 50488.0 6.0
268981.0 50029.0 6.0
269233.0 50926.0 6.0
269261.0 50148.0 6.0
269721.0 50366.0 6.0
270779.0 50576.0 6.0
270825.0 50933.0 6.0
271517.0 50512.0 6.0
272073.0 50731.0 6.0
272141.0 50884.0 6.0
272161.0 50304.0 6.0
273443.0 51106.0 6.0
273759.0 50617.0 6.0
274139.0 50174.0 6.0
274189.0 51728.0 6.0
274663.0 51039.0 6.0
274833.0 50686.0 6.0
275497.0 51321.0 6.0
275505.0 51235.0 6.0
275617.0 50635.0 6.0
277475.0 51243.0 6.0
278283.0 51253.0 6.0
280015.0 50928.0 6.0
280811.0 50452.0 6.0
281541.0 51628.0 6.0
281565.0 51830.0 6.0
281589.0 51056.0 6.0
282647.0 51772.0 6.0
282705.0 51117.0 6.0
282835.0 51875.0 6.0
282971.0 51426.0 6.0
283685.0 51421.0 6.0
283719.0 51585.0 6.0
284661.0 51609.0 6.0
285921.0 51767.0 6.0
286645.0 51970.0 6.0
286701.0 51763.0 6.0
287157.0 52339.0 6.0
287411.0 51568.0 6.0
288713.0 51936.0 6.0
289225.0 51640.0 6.0
290313.0 52573.0 6.0
290455.0 52443.0 6.0
290897.0 52177.0 6.0
292783.0 52207.0 6.0
292889.0 52390.0 6.0
293311.0 52481.0 6.0
294359.0 52338.0 6.0
294411.0 51777.0 6.0
295361.0 52548.0 6.0
295989.0 52833.0 6.0
295995.0 52715.0 6.0
298539.0 53124.0 6.0
298575.0 52537.0 6.0
299173.0 52572.0 6.0
301405.0 53029.0 6.0
301535.0 53360.0 6.0
303195.0 53672.0 6.0
303271.0 53669.0 6.0
304623.0 53524.0 6.0
305959.0 53615.0 6.0
307917.0 53451.0 6.0
310689.0 53729.0 6.0
313267.0 53902.0 6.0
314205.0 54622.0 6.0
314643.0 54314.0 6.0
316115.0 54704.0 6.0
318525.0 54567.0 6.0
329823.0 55340.0 6.0
331193.0 55774.0 6.0
332941.0 55449.0 6.0
346545.0 56605.0 6.0
