rev1.1
1063.0 352.0 5.06250000000009
1137.0 297.0 6.0
1239.0 275.0 6.0
1283.0 288.0 6.0
1305.0 302.0 6.0
1317.0 322.0 6.0
1325.0 342.0 6.0
1329.0 325.0 6.0
1349.0 295.0 6.0
1367.0 335.0 6.0
1383.0 345.0 6.0
1387.0 342.0 6.0
1389.0 369.0 6.0
1395.0 331.0 6.0
1401.0 317.0 6.0
1403.0 379.0 6.0
1443.0 380.0 6.0
1459.0 360.0 6.0
1481.0 387.0 6.0
1487.0 373.0 6.0
1487.0 368.0 6.0
1489.0 338.0 6.0
1505.0 361.0 6.0
1505.0 369.0 6.0
1529.0 327.0 6.0
1541.0 374.0 6.0
1545.0 361.0 6.0
1557.0 332.0 6.0
1563.0 329.0 6.0
1563.0 370.0 6.0
1579.0 424.0 6.0
1609.0 362.0 6.0
1613.0 363.0 6.0
1621.0 352.0 6.0
1621.0 340.0 6.0
1637.0 359.0 6.0
1639.0 389.0 6.0
1659.0 316.0 6.0
1661.0 343.0 6.0
1677.0 372.0 6.0
1679.0 414.0 6.0
1687.0 383.0 6.0
1699.0 394.0 6.0
1699.0 379.0 6.0
1715.0 362.0 6.0
1721.0 368.0 6.0
1725.0 368.0 6.0
1729.0 386.0 6.0
1737.0 378.0 6.0
1753.0 405.0 6.0
1753.0 386.0 6.0
1759.0 371.0 6.0
1761.0 411.0 6.0
1817.0 399.0 6.0
1831.0 377.0 6.0
1845.0 386.0 6.0
1853.0 374.0 6.0
1865.0 390.0 6.0
1879.0 394.0 6.0
1881.0 397.0 6.0
1893.0 397.0 6.0
1897.0 383.0 6.0
1899.0 379.0 6.0
1901.0 421.0 6.0
1913.0 407.0 6.0
1915.0 414.0 6.0
1931.0 397.0 6.0
1951.0 444.0 6.0
1973.0 432.0 6.0
1985.0 391.0 6.0
1995.0 414.0 6.0
1997.0 416.0 6.0
2009.0 372.0 6.0
2031.0 439.0 6.0
2055.0 420.0 6.0
2087.0 421.0 6.0
2095.0 471.0 6.0
2107.0 368.0 6.0
2135.0 453.0 6.0
2141.0 411.0 6.0
2147.0 385.0 6.0
2161.0 431.0 6.0
2163.0 416.0 6.0
2175.0 473.0 6.0
2179.0 425.0 6.0
2181.0 388.0 6.0
2195.0 411.0 6.0
2205.0 445.0 6.0
2243.0 347.0 6.0
2275.0 404.0 6.0
2283.0 442.0 6.0
2289.0 450.0 6.0
2291.0 420.0 6.0
2317.0 425.0 6.0
2329.0 404.0 6.0
2381.0 436.0 6.0
2451.0 436.0 6.0
2469.0 461.0 6.0
2653.0 411.0 6.0
3167.0 520.0 6.0
