rev1.1
485697.0 96113.0 6.0
499071.0 96674.0 6.0
499361.0 96863.0 6.0
500615.0 96804.0 6.0
501335.0 97694.0 6.0
504363.0 97778.0 6.0
507321.0 98176.0 6.0
510105.0 97293.0 6.0
513431.0 98908.0 6.0
521793.0 99348.0 6.0
524597.0 98911.0 6.0
529843.0 100288.0 6.0
531659.0 100095.0 6.0
532893.0 100319.0 6.0
533997.0 99639.0 6.0
534351.0 100179.0 6.0
535237.0 100274.0 6.0
535579.0 100462.0 6.0
535589.0 99862.0 6.0
536243.0 100074.0 6.0
536309.0 100877.0 6.0
536327.0 100152.0 6.0
537927.0 100352.0 6.0
538549.0 100470.0 6.0
539231.0 100122.0 6.0
539317.0 100670.0 6.0
540325.0 100889.0 6.0
542455.0 100311.0 6.0
543241.0 100286.0 6.0
546189.0 100788.0 6.0
547021.0 102067.0 6.0
547573.0 101811.0 6.0
549155.0 101717.0 6.0
549229.0 101257.0 6.0
550639.0 101104.0 6.0
551881.0 101575.0 6.0
551945.0 101807.0 6.0
552713.0 101622.0 6.0
552717.0 101296.0 6.0
552957.0 101578.0 6.0
555097.0 102192.0 6.0
555303.0 101968.0 6.0
557869.0 102360.0 6.0
558359.0 102096.0 6.0
562801.0 102257.0 6.0
563339.0 103282.0 6.0
564467.0 102570.0 6.0
565181.0 102340.0 6.0
567693.0 102426.0 6.0
568699.0 103280.0 6.0
568963.0 103488.0 6.0
571633.0 103418.0 6.0
571811.0 103552.0 6.0
572061.0 103604.0 6.0
572065.0 103279.0 6.0
572213.0 102530.0 6.0
572597.0 102958.0 6.0
575253.0 103434.0 6.0
575477.0 103509.0 6.0
575555.0 104511.0 6.0
576489.0 104301.0 6.0
577457.0 103488.0 6.0
578395.0 103166.0 6.0
579289.0 104298.0 6.0
579451.0 104396.0 6.0
580221.0 104175.0 6.0
582809.0 104608.0 6.0
583159.0 104174.0 6.0
583239.0 104066.0 6.0
583819.0 104500.0 6.0
583831.0 104000.0 6.0
584335.0 104648.0 6.0
585649.0 104736.0 6.0
586471.0 104423.0 6.0
589327.0 104902.0 6.0
590359.0 104439.0 6.0
591531.0 104503.0 6.0
593627.0 105213.0 6.0
607015.0 106385.0 6.0
607425.0 105716.0 6.0
610217.0 105881.0 6.0
611307.0 106823.0 6.0
625237.0 108136.0 6.0
625875.0 108592.0 6.0
626613.0 107993.0 6.0
630919.0 107919.0 6.0
632731.0 108643.0 6.0
634023.0 107936.0 6.0
636249.0 108140.0 6.0
639323.0 108925.0 6.0
647693.0 110344.0 6.0
650185.0 110043.0 6.0
651839.0 109630.0 6.0
658721.0 111114.0 6.0
677207.0 112772.0 6.0
678113.0 111856.0 6.0
695729.0 114449.0 6.0
696281.0 113414.0 6.0
707109.0 114071.0 6.0
743109.0 117985.0 6.0
