rev1.1
996973.0 194693.0 6.0
1048441.0 198183.0 6.0
1059807.0 199315.0 6.0
1067823.0 200054.0 6.0
1070593.0 199636.0 6.0
1072137.0 199543.0 6.0
1089753.0 201328.0 6.0
1098613.0 201436.0 6.0
1099411.0 202618.0 6.0
1101917.0 201797.0 6.0
1106039.0 202539.0 6.0
1106373.0 202952.0 6.0
1107469.0 203361.0 6.0
1109033.0 202885.0 6.0
1111279.0 203433.0 6.0
1113757.0 203684.0 6.0
1115703.0 204405.0 6.0
1123657.0 204856.0 6.0
1125191.0 204788.0 6.0
1126361.0 204792.0 6.0
1126599.0 204245.0 6.0
1129443.0 204552.0 6.0
1129855.0 204931.0 6.0
1130707.0 204397.0 6.0
1131905.0 205060.0 6.0
1133981.0 205387.0 6.0
1137717.0 206198.0 6.0
1139573.0 205702.0 6.0
1140533.0 206007.0 6.0
1143115.0 205376.0 6.0
1149141.0 206298.0 6.0
1150901.0 206405.0 6.0
1155879.0 207678.0 6.0
1157283.0 206668.0 6.0
1157327.0 207094.0 6.0
1159171.0 207102.0 6.0
1160273.0 207717.0 6.0
1160529.0 207921.0 6.0
1160661.0 207409.0 6.0
1164433.0 208180.0 6.0
1166621.0 207873.0 6.0
1167351.0 207509.0 6.0
1170247.0 207565.0 6.0
1171493.0 208654.0 6.0
1171693.0 207481.0 6.0
1175583.0 208509.0 6.0
1176613.0 208954.0 6.0
1179061.0 209814.0 6.0
1181931.0 209212.0 6.0
1182297.0 209096.0 6.0
1183241.0 209147.0 6.0
1184171.0 210163.0 6.0
1188907.0 209144.0 6.0
1189283.0 209161.0 6.0
1190273.0 210336.0 6.0
1194953.0 209611.0 6.0
1195709.0 209800.0 6.0
1196681.0 210455.0 6.0
1196905.0 211097.0 6.0
1199625.0 210552.0 6.0
1201363.0 210866.0 6.0
1202003.0 210827.0 6.0
1203579.0 211828.0 6.0
1206727.0 211399.0 6.0
1209777.0 211281.0 6.0
1213803.0 212739.0 6.0
1214295.0 211448.0 6.0
1217977.0 212128.0 6.0
1219009.0 212769.0 6.0
1221077.0 212681.0 6.0
1223925.0 213003.0 6.0
1224757.0 212122.0 6.0
1224871.0 213492.0 6.0
1226025.0 212870.0 6.0
1227691.0 212913.0 6.0
1233319.0 213554.0 6.0
1239219.0 215204.0 6.0
1240171.0 214204.0 6.0
1243417.0 214663.0 6.0
1247701.0 214648.0 6.0
1254189.0 215164.0 6.0
1255493.0 215539.0 6.0
1256235.0 214878.0 6.0
1257967.0 215435.0 6.0
1259013.0 215977.0 6.0
1259337.0 215267.0 6.0
1280595.0 217227.0 6.0
1280893.0 217821.0 6.0
1283091.0 217636.0 6.0
1297891.0 219779.0 6.0
1298745.0 218966.0 6.0
1301587.0 218854.0 6.0
1317835.0 220260.0 6.0
1340069.0 223772.0 6.0
1362327.0 224732.0 6.0
1379375.0 226524.0 6.0
1424271.0 229352.0 6.0
1433649.0 231314.0 6.0
1449105.0 232211.0 6.0
1491731.0 235240.0 6.0
