rev1.1
25667.0 5765.0 6.0
25725.0 5765.0 6.0
25933.0 5664.0 6.0
26153.0 5588.0 6.0
26429.0 5850.0 6.0
26845.0 5649.0 6.0
27223.0 5998.0 6.0
27303.0 5782.0 6.0
27337.0 5700.0 6.0
27415.0 5735.0 6.0
27667.0 5880.0 6.0
27849.0 5888.0 6.0
27887.0 5836.0 6.0
27983.0 5935.0 6.0
28125.0 6020.0 6.0
28231.0 5921.0 6.0
28321.0 5832.0 6.0
28327.0 5808.0 6.0
28357.0 5880.0 6.0
28573.0 6113.0 6.0
28579.0 6014.0 6.0
28635.0 5875.0 6.0
28665.0 5885.0 6.0
28753.0 5911.0 6.0
28799.0 5873.0 6.0
28809.0 5929.0 6.0
28849.0 5986.0 6.0
28913.0 6131.0 6.0
29219.0 5978.0 6.0
29259.0 5984.0 6.0
29285.0 6159.0 6.0
29295.0 5999.0 6.0
29403.0 5949.0 6.0
29449.0 5878.0 6.0
29511.0 5910.0 6.0
29541.0 6051.0 6.0
29765.0 5986.0 6.0
29777.0 6014.0 6.0
29791.0 6025.0 6.0
29913.0 6031.0 6.0
29961.0 6061.0 6.0
29973.0 6106.0 6.0
30153.0 5883.0 6.0
30305.0 6170.0 6.0
30307.0 6144.0 6.0
30471.0 6007.0 6.0
30473.0 5933.0 6.0
30595.0 6117.0 6.0
30725.0 6227.0 6.0
30779.0 6110.0 6.0
30791.0 5980.0 6.0
30797.0 6255.0 6.0
30823.0 6134.0 6.0
30891.0 6028.0 6.0
30999.0 6147.0 6.0
31005.0 6288.0 6.0
31025.0 6211.0 6.0
31129.0 6128.0 6.0
31183.0 6260.0 6.0
31229.0 6079.0 6.0
31271.0 6225.0 6.0
31403.0 6045.0 6.0
31507.0 6239.0 6.0
31635.0 6136.0 6.0
31781.0 6325.0 6.0
31837.0 6233.0 6.0
31903.0 6099.0 6.0
32009.0 6421.0 6.0
32161.0 6109.0 6.0
32339.0 6211.0 6.0
32381.0 6112.0 6.0
32557.0 6364.0 6.0
32813.0 6374.0 6.0
33097.0 6562.0 6.0
33149.0 6410.0 6.0
33175.0 6337.0 6.0
33245.0 6395.0 6.0
33551.0 6304.0 6.0
33615.0 6323.0 6.0
33741.0 6441.0 6.0
33755.0 6377.0 6.0
33797.0 6215.0 6.0
33831.0 6316.0 6.0
33833.0 6408.0 6.0
33949.0 6383.0 6.0
34103.0 6506.0 6.0
34213.0 6444.0 6.0
34903.0 6358.0 6.0
34961.0 6523.0 6.0
35091.0 6481.0 6.0
35317.0 6540.0 6.0
35417.0 6577.0 6.0
35817.0 6363.0 6.0
35829.0 6596.0 6.0
35941.0 6480.0 6.0
36031.0 6620.0 6.0
36167.0 6625.0 6.0
38207.0 6778.0 6.0
38725.0 6835.0 6.0
39319.0 6684.0 6.0
