rev1.1
53401.0 11303.0 6.0
54921.0 11621.0 6.0
55653.0 11440.0 6.0
56169.0 11634.0 6.0
56607.0 12051.0 6.0
56769.0 11900.0 6.0
57405.0 12003.0 6.0
57791.0 11910.0 6.0
58099.0 11857.0 6.0
58425.0 11993.0 6.0
58643.0 11933.0 6.0
58763.0 11955.0 6.0
58787.0 12075.0 6.0
58999.0 12193.0 6.0
59251.0 11638.0 6.0
59267.0 11960.0 6.0
59337.0 12223.0 6.0
59475.0 11883.0 6.0
59559.0 12029.0 6.0
59567.0 11718.0 6.0
59641.0 12211.0 6.0
59793.0 11900.0 6.0
60099.0 12015.0 6.0
60121.0 12346.0 6.0
60367.0 12116.0 6.0
60481.0 12314.0 6.0
60663.0 12060.0 6.0
60677.0 12034.0 6.0
60961.0 12131.0 6.0
61471.0 12029.0 6.0
61579.0 12261.0 6.0
61609.0 12322.0 6.0
61609.0 12209.0 6.0
61723.0 12035.0 6.0
61877.0 11998.0 6.0
62015.0 12207.0 6.0
62139.0 12354.0 6.0
62373.0 12407.0 6.0
62587.0 12192.0 6.0
62621.0 12260.0 6.0
62653.0 12125.0 6.0
62739.0 12294.0 6.0
62837.0 12085.0 6.0
62839.0 12467.0 6.0
62911.0 12283.0 6.0
63055.0 12405.0 6.0
63179.0 12467.0 6.0
63313.0 12106.0 6.0
63705.0 12545.0 6.0
63849.0 12448.0 6.0
64395.0 12270.0 6.0
64417.0 12351.0 6.0
64539.0 12391.0 6.0
64565.0 12327.0 6.0
64695.0 12716.0 6.0
65013.0 12412.0 6.0
65063.0 12693.0 6.0
65065.0 12519.0 6.0
65349.0 12442.0 6.0
65579.0 12615.0 6.0
65665.0 12614.0 6.0
65777.0 12711.0 6.0
65915.0 12289.0 6.0
65969.0 12555.0 6.0
66357.0 13014.0 6.0
66411.0 12574.0 6.0
66581.0 12487.0 6.0
67079.0 12547.0 6.0
67975.0 12720.0 6.0
68067.0 12927.0 6.0
68413.0 12657.0 6.0
68435.0 12573.0 6.0
68461.0 12998.0 6.0
68799.0 12943.0 6.0
69721.0 13029.0 6.0
69729.0 12788.0 6.0
69785.0 13037.0 6.0
69911.0 13048.0 6.0
69983.0 12849.0 6.0
70555.0 13110.0 6.0
70585.0 12887.0 6.0
70651.0 13300.0 6.0
71069.0 12792.0 6.0
71181.0 12866.0 6.0
72165.0 12885.0 6.0
72239.0 13079.0 6.0
72299.0 13224.0 6.0
73297.0 13137.0 6.0
73523.0 13149.0 6.0
73695.0 13154.0 6.0
73863.0 13055.0 6.0
74151.0 13213.0 6.0
74571.0 13084.0 6.0
74733.0 13332.0 6.0
75011.0 13449.0 6.0
75361.0 13493.0 6.0
76343.0 13280.0 6.0
78995.0 13739.0 6.0
86573.0 14347.0 6.0
96887.0 15032.0 6.0
