rev1.1
110131.0 22959.0 6.0
110937.0 23076.0 6.0
112227.0 23410.0 6.0
113467.0 23659.0 6.0
114261.0 23912.0 6.0
115527.0 23508.0 6.0
116145.0 23598.0 6.0
119371.0 24355.0 6.0
119403.0 24064.0 6.0
120457.0 24105.0 6.0
120731.0 24156.0 6.0
121377.0 23754.0 6.0
121591.0 24218.0 6.0
121817.0 24282.0 6.0
122417.0 24194.0 6.0
123045.0 24508.0 6.0
124145.0 24241.0 6.0
124273.0 24322.0 6.0
125225.0 24439.0 6.0
125373.0 24432.0 6.0
125459.0 24584.0 6.0
126033.0 24676.0 6.0
126269.0 24544.0 6.0
126415.0 24587.0 6.0
126435.0 24889.0 6.0
126931.0 24590.0 6.0
126967.0 24680.0 6.0
127195.0 25145.0 6.0
127987.0 24352.0 6.0
128189.0 24905.0 6.0
128531.0 24840.0 6.0
128663.0 24357.0 6.0
128857.0 24999.0 6.0
129369.0 25217.0 6.0
129427.0 24596.0 6.0
129879.0 25315.0 6.0
129977.0 24751.0 6.0
130007.0 24736.0 6.0
130157.0 25010.0 6.0
130471.0 25202.0 6.0
130543.0 24840.0 6.0
131067.0 25035.0 6.0
131359.0 25048.0 6.0
131587.0 24978.0 6.0
131863.0 24770.0 6.0
132369.0 25171.0 6.0
132373.0 25201.0 6.0
132417.0 25442.0 6.0
132425.0 25133.0 6.0
133195.0 24758.0 6.0
133279.0 25255.0 6.0
133991.0 25249.0 6.0
134311.0 25255.0 6.0
134557.0 24934.0 6.0
134905.0 25442.0 6.0
135099.0 25378.0 6.0
135155.0 25281.0 6.0
135471.0 25377.0 6.0
135483.0 25446.0 6.0
135551.0 25285.0 6.0
137063.0 25180.0 6.0
137573.0 25470.0 6.0
137691.0 25360.0 6.0
137907.0 25884.0 6.0
138223.0 25347.0 6.0
138763.0 25793.0 6.0
139371.0 25723.0 6.0
139663.0 25936.0 6.0
139837.0 26146.0 6.0
140175.0 25659.0 6.0
140831.0 25916.0 6.0
141339.0 26177.0 6.0
141521.0 25997.0 6.0
142057.0 25849.0 6.0
142455.0 26253.0 6.0
142637.0 26334.0 6.0
143363.0 25935.0 6.0
144809.0 25768.0 6.0
145343.0 26202.0 6.0
145787.0 26443.0 6.0
146365.0 25880.0 6.0
146543.0 26127.0 6.0
146653.0 26050.0 6.0
147611.0 26399.0 6.0
148455.0 25976.0 6.0
149533.0 26641.0 6.0
149653.0 26606.0 6.0
150095.0 26816.0 6.0
151367.0 26869.0 6.0
153373.0 26888.0 6.0
154409.0 26615.0 6.0
156531.0 27004.0 6.0
160013.0 27577.0 6.0
160095.0 27443.0 6.0
162893.0 27671.0 6.0
163579.0 27556.0 6.0
164587.0 27416.0 6.0
164613.0 27691.0 6.0
168103.0 28038.0 6.0
184025.0 29399.0 6.0
