rev1.1
5599.0 1340.0 6.0
5953.0 1362.0 6.0
5983.0 1294.0 6.0
6049.0 1391.0 6.0
6123.0 1372.0 6.0
6173.0 1369.0 6.0
6207.0 1521.0 6.0
6219.0 1388.0 6.0
6237.0 1433.0 6.0
6247.0 1430.0 6.0
6253.0 1453.0 6.0
6343.0 1424.0 6.0
6377.0 1394.0 6.0
6381.0 1394.0 6.0
6419.0 1451.0 6.0
6457.0 1479.0 6.0
6463.0 1460.0 6.0
6531.0 1456.0 6.0
6553.0 1334.0 6.0
6561.0 1462.0 6.0
6561.0 1492.0 6.0
6599.0 1378.0 6.0
6689.0 1411.0 6.0
6753.0 1476.0 6.0
6759.0 1536.0 6.0
6793.0 1408.0 6.0
6819.0 1499.0 6.0
6843.0 1406.0 6.0
6847.0 1493.0 6.0
6925.0 1447.0 6.0
6933.0 1519.0 6.0
6953.0 1514.0 6.0
6955.0 1470.0 6.0
6963.0 1481.0 6.0
6965.0 1434.0 6.0
6995.0 1592.0 6.0
7021.0 1402.0 6.0
7027.0 1496.0 6.0
7065.0 1487.0 6.0
7095.0 1594.0 6.0
7127.0 1409.0 6.0
7161.0 1474.0 6.0
7169.0 1539.0 6.0
7195.0 1432.0 6.0
7219.0 1537.0 6.0
7233.0 1587.0 6.0
7249.0 1389.0 6.0
7273.0 1718.0 6.0
7307.0 1578.0 6.0
7347.0 1590.0 6.0
7355.0 1475.0 6.0
7357.0 1537.0 6.0
7367.0 1401.0 6.0
7369.0 1444.0 6.0
7377.0 1508.0 6.0
7393.0 1509.0 6.0
7457.0 1472.0 6.0
7457.0 1570.0 6.0
7467.0 1542.0 6.0
7513.0 1537.0 6.0
7515.0 1513.0 6.0
7519.0 1593.0 6.0
7521.0 1487.0 6.0
7557.0 1526.0 6.0
7567.0 1488.0 6.0
7597.0 1577.0 6.0
7657.0 1582.0 6.0
7687.0 1503.0 6.0
7689.0 1518.0 6.0
7717.0 1758.0 6.0
7815.0 1526.0 6.0
7815.0 1621.0 6.0
7827.0 1618.0 6.0
7835.0 1723.0 6.0
7857.0 1544.0 6.0
7951.0 1664.0 6.0
7959.0 1607.0 6.0
7959.0 1533.0 6.0
8021.0 1569.0 6.0
8065.0 1605.0 6.0
8137.0 1643.0 6.0
8283.0 1622.0 6.0
8327.0 1540.0 6.0
8483.0 1662.0 6.0
8501.0 1681.0 6.0
8531.0 1701.0 6.0
8575.0 1742.0 6.0
8591.0 1546.0 6.0
8707.0 1658.0 6.0
8739.0 1654.0 6.0
8831.0 1637.0 6.0
9061.0 1646.0 6.0
9155.0 1613.0 6.0
9169.0 1650.0 6.0
9501.0 1662.0 6.0
9531.0 1713.0 6.0
9605.0 1792.0 6.0
9829.0 1635.0 6.0
9867.0 1712.0 6.0
10745.0 1837.0 6.0
