rev1.1
12175.0 2830.0 6.0
12175.0 2709.0 6.0
12183.0 2673.0 6.0
12295.0 2744.0 6.0
12353.0 2851.0 6.0
12407.0 2893.0 6.0
12725.0 2826.0 6.0
12769.0 2902.0 6.0
12779.0 2858.0 6.0
13073.0 2755.0 6.0
13103.0 2697.0 6.0
13113.0 2787.0 6.0
13227.0 2934.0 6.0
13251.0 2928.0 6.0
13377.0 2869.0 6.0
13377.0 2858.0 6.0
13393.0 2781.0 6.0
13503.0 2826.0 6.0
13529.0 2822.0 6.0
13613.0 2880.0 6.0
13625.0 2947.0 6.0
13667.0 2930.0 6.0
13845.0 2969.0 6.0
13931.0 2924.0 6.0
14035.0 2916.0 6.0
14039.0 2911.0 6.0
14147.0 3027.0 6.0
14153.0 3033.0 6.0
14193.0 3047.0 6.0
14301.0 3061.0 6.0
14323.0 3023.0 6.0
14355.0 2965.0 6.0
14413.0 2920.0 6.0
14435.0 2908.0 6.0
14465.0 3097.0 6.0
14469.0 2988.0 6.0
14509.0 2919.0 6.0
14513.0 2961.0 6.0
14517.0 3100.0 6.0
14693.0 3093.0 6.0
14715.0 3119.0 6.0
14725.0 3017.0 6.0
14737.0 3042.0 6.0
14807.0 3188.0 6.0
14817.0 3148.0 6.0
14847.0 3027.0 6.0
14911.0 3107.0 6.0
14943.0 2907.0 6.0
14963.0 2995.0 6.0
14963.0 3132.0 6.0
15029.0 3086.0 6.0
15107.0 3117.0 6.0
15153.0 3020.0 6.0
15203.0 3143.0 6.0
15227.0 3054.0 6.0
15247.0 2991.0 6.0
15251.0 3154.0 6.0
15313.0 3127.0 6.0
15335.0 2979.0 6.0
15337.0 2940.0 6.0
15359.0 3073.0 6.0
15389.0 3121.0 6.0
15429.0 3167.0 6.0
15429.0 3134.0 6.0
15435.0 2978.0 6.0
15457.0 2998.0 6.0
15493.0 3170.0 6.0
15495.0 3126.0 6.0
15559.0 3026.0 6.0
15563.0 3065.0 6.0
15609.0 3108.0 6.0
15623.0 3158.0 6.0
15635.0 3090.0 6.0
15709.0 3011.0 6.0
15779.0 3119.0 6.0
15845.0 3076.0 6.0
15863.0 3081.0 6.0
15893.0 3117.0 6.0
15923.0 2990.0 6.0
15931.0 3182.0 6.0
15955.0 3117.0 6.0
15987.0 3151.0 6.0
16075.0 3105.0 6.0
16079.0 3165.0 6.0
16163.0 3159.0 6.0
16405.0 3249.0 6.0
16571.0 3081.0 6.0
16577.0 3148.0 6.0
16583.0 3252.0 6.0
16863.0 3383.0 6.0
16865.0 3241.0 6.0
16981.0 3362.0 6.0
17175.0 3257.0 6.0
17663.0 3346.0 6.0
17773.0 3096.0 6.0
18351.0 3404.0 6.0
18651.0 3384.0 6.0
20625.0 3541.0 6.0
20973.0 3537.0 6.0
22595.0 3589.0 6.0
