rev1.1
2165.0 540.0 11.09815216979044
2189.0 517.0 10.292591572368682
2195.0 491.0 11.09815216979044
2213.0 522.0 11.09815216979044
2213.0 502.0 11.09815216979044
2215.0 541.0 11.09815216979044
2215.0 459.0 11.09815216979044
2223.0 487.0 11.09815216979044
2259.0 512.0 11.09815216979044
2261.0 463.0 11.09815216979044
2263.0 528.0 11.09815216979044
2273.0 498.0 11.09815216979044
2281.0 502.0 11.09815216979044
2285.0 490.0 11.09815216979044
2325.0 467.0 11.09815216979044
2331.0 509.0 11.09815216979044
2343.0 512.0 11.09815216979044
2349.0 549.0 10.292591572368597
2349.0 525.0 11.09815216979044
2361.0 484.0 11.09815216979044
2371.0 557.0 10.292591572368602
2385.0 506.0 11.09815216979044
2385.0 557.0 11.09815216979044
2389.0 568.0 10.292591572368663
2395.0 576.0 11.09815216979044
2397.0 495.0 11.09815216979044
2397.0 494.0 11.09815216979044
2409.0 510.0 11.09815216979044
2417.0 535.0 11.09815216979044
2429.0 536.0 11.09815216979044
2429.0 518.0 11.09815216979044
2437.0 543.0 11.09815216979044
2439.0 538.0 11.09815216979044
2447.0 526.0 11.09815216979044
2453.0 455.0 11.09815216979044
2455.0 519.0 11.09815216979044
2463.0 501.0 11.09815216979044
2467.0 495.0 11.09815216979044
2469.0 555.0 11.09815216979044
2479.0 521.0 11.09815216979044
2479.0 526.0 11.09815216979044
2483.0 534.0 11.09815216979044
2487.0 566.0 11.09815216979044
2487.0 536.0 11.09815216979044
2493.0 561.0 11.09815216979044
2495.0 528.0 11.09815216979044
2499.0 547.0 11.09815216979044
2521.0 524.0 11.09815216979044
2523.0 523.0 11.09815216979044
2551.0 549.0 11.09815216979044
2555.0 536.0 11.09815216979044
2563.0 515.0 11.09815216979044
2573.0 506.0 11.09815216979044
2599.0 547.0 11.09815216979044
2599.0 525.0 11.09815216979044
2601.0 558.0 11.09815216979044
2601.0 511.0 11.09815216979044
2613.0 512.0 11.09815216979044
2619.0 544.0 11.09815216979044
2621.0 519.0 11.09815216979044
2623.0 586.0 11.09815216979044
2633.0 503.0 11.09815216979044
2647.0 544.0 11.09815216979044
2649.0 579.0 11.09815216979044
2649.0 538.0 11.09815216979044
2661.0 503.0 11.09815216979044
2669.0 607.0 11.09815216979044
2689.0 527.0 11.09815216979044
2691.0 576.0 11.09815216979044
2711.0 552.0 11.09815216979044
2713.0 503.0 11.09815216979044
2723.0 562.0 11.09815216979044
2733.0 577.0 11.09815216979044
2741.0 572.0 11.09815216979044
2745.0 496.0 11.09815216979044
2751.0 529.0 11.09815216979044
2751.0 542.0 11.09815216979044
2771.0 513.0 11.09815216979044
2773.0 503.0 11.09815216979044
2781.0 550.0 11.09815216979044
2805.0 569.0 11.09815216979044
2831.0 578.0 11.09815216979044
2863.0 585.0 11.09815216979044
2885.0 565.0 11.09815216979044
2885.0 509.0 11.09815216979044
2891.0 550.0 11.09815216979044
2909.0 558.0 11.09815216979044
2917.0 521.0 11.09815216979044
2925.0 537.0 11.09815216979044
2931.0 532.0 11.09815216979044
2933.0 579.0 11.09815216979044
2977.0 563.0 11.09815216979044
3001.0 558.0 11.09815216979044
3065.0 543.0 11.09815216979044
3113.0 526.0 11.09815216979044
3197.0 545.0 11.09815216979044
3447.0 573.0 11.09815216979044
3451.0 563.0 11.09815216979044
3461.0 603.0 11.09815216979044
3571.0 568.0 11.09815216979044
