rev1.1
173007.0 33002.0 19.40824312226583
174757.0 33157.0 19.40824312226583
176339.0 33229.0 19.40824312226583
177033.0 32745.0 19.40824312226583
177315.0 32838.0 19.40824312226583
178139.0 33223.0 19.40824312226583
178645.0 33007.0 19.40824312226583
178683.0 32871.0 19.40824312226583
178737.0 32925.0 19.40824312226583
178949.0 33091.0 19.40824312226583
179741.0 33078.0 19.40824312226583
179775.0 32976.0 19.40824312226583
180083.0 33012.0 19.40824312226583
180131.0 33216.0 19.40824312226583
180533.0 33121.0 19.40824312226583
180583.0 33101.0 19.40824312226583
180663.0 32764.0 19.40824312226583
180805.0 33122.0 19.40824312226583
181635.0 32957.0 19.40824312226583
181747.0 33539.0 19.40824312226583
182035.0 33155.0 19.40824312226583
182057.0 33244.0 19.40824312226583
182139.0 32912.0 19.40824312226583
182205.0 33194.0 19.40824312226583
182241.0 33008.0 19.40824312226583
182269.0 33151.0 19.40824312226583
182587.0 33325.0 19.40824312226583
182797.0 32567.0 19.40824312226583
182909.0 33073.0 19.40824312226583
182985.0 33116.0 19.40824312226583
183149.0 33380.0 19.40824312226583
183299.0 32706.0 19.40824312226583
183469.0 32922.0 19.40824312226583
183691.0 33233.0 19.40824312226583
183815.0 32852.0 19.40824312226583
184389.0 32885.0 19.40824312226583
184777.0 33332.0 19.40824312226583
185249.0 33289.0 19.40824312226583
185255.0 33156.0 19.40824312226583
185445.0 33312.0 19.40824312226583
185493.0 33044.0 19.40824312226583
185563.0 33010.0 19.40824312226583
185653.0 32971.0 19.40824312226583
185731.0 33431.0 19.40824312226583
185741.0 33410.0 19.40824312226583
185863.0 33355.0 19.40824312226583
185969.0 33096.0 19.40824312226583
186021.0 32919.0 19.40824312226583
186141.0 33212.0 19.40824312226583
186249.0 33027.0 19.40824312226583
186341.0 33226.0 19.40824312226583
186817.0 33343.0 19.40824312226583
186929.0 33091.0 19.40824312226583
186991.0 32899.0 19.40824312226583
187237.0 33224.0 19.40824312226583
187341.0 32852.0 19.40824312226583
187579.0 32987.0 19.40824312226583
187589.0 33440.0 19.40824312226583
187939.0 33126.0 19.40824312226583
187999.0 33102.0 19.40824312226583
188001.0 33373.0 19.40824312226583
188041.0 33094.0 19.40824312226583
188231.0 32959.0 19.40824312226583
188241.0 33278.0 19.40824312226583
188407.0 33410.0 19.40824312226583
188479.0 33094.0 19.40824312226583
188491.0 33314.0 19.40824312226583
188527.0 33509.0 19.40824312226583
188689.0 32957.0 19.40824312226583
188891.0 33391.0 19.40824312226583
188923.0 33134.0 19.40824312226583
188931.0 33300.0 19.40824312226583
189289.0 33406.0 19.40824312226583
189477.0 33423.0 19.40824312226583
189677.0 33442.0 19.40824312226583
190007.0 33170.0 19.40824312226583
190687.0 33412.0 19.40824312226583
190887.0 33622.0 19.40824312226583
191081.0 33989.0 19.40824312226583
191167.0 33261.0 19.40824312226583
191569.0 33378.0 19.40824312226583
191981.0 34004.0 19.40824312226583
193091.0 33229.0 19.40824312226583
193857.0 33536.0 19.40824312226583
193951.0 33145.0 19.40824312226583
194035.0 33682.0 19.40824312226583
194801.0 33569.0 19.40824312226583
196045.0 33398.0 19.40824312226583
196073.0 33499.0 19.40824312226583
196691.0 33643.0 19.40824312226583
198177.0 33539.0 19.40824312226583
199121.0 33594.0 19.40824312226583
199665.0 33388.0 19.40824312226583
200033.0 33560.0 19.40824312226583
200135.0 33941.0 19.40824312226583
200365.0 33911.0 19.40824312226583
200827.0 33726.0 19.40824312226583
204973.0 33738.0 19.40824312226583
207271.0 33869.0 19.40824312226583
214429.0 34100.0 19.40824312226583
