rev1.1
83341.0 16433.0 18.02207082028363
84659.0 16353.0 18.02207082028363
85841.0 16277.0 18.02207082028363
86041.0 16467.0 18.02207082028363
86469.0 16449.0 18.02207082028363
86709.0 16424.0 18.02207082028363
86887.0 16527.0 18.02207082028363
87277.0 16238.0 18.02207082028363
87675.0 16368.0 18.02207082028363
87687.0 16416.0 18.02207082028363
87783.0 16389.0 18.02207082028363
87907.0 16623.0 18.02207082028363
87925.0 16429.0 18.02207082028363
88035.0 16451.0 18.02207082028363
88257.0 16567.0 18.02207082028363
88303.0 16579.0 18.02207082028363
88371.0 16354.0 18.02207082028363
88485.0 16295.0 18.02207082028363
88501.0 16524.0 18.02207082028363
88563.0 16346.0 18.02207082028363
88595.0 16407.0 18.02207082028363
89039.0 16508.0 18.02207082028363
89309.0 16397.0 18.02207082028363
89433.0 16792.0 18.02207082028363
89497.0 16428.0 18.02207082028363
89503.0 16352.0 18.02207082028363
89589.0 16461.0 18.02207082028363
89795.0 16594.0 18.02207082028363
89839.0 16534.0 18.02207082028363
89917.0 16485.0 18.02207082028363
90135.0 16826.0 18.02207082028363
90189.0 16623.0 18.02207082028363
90205.0 16469.0 18.02207082028363
90269.0 16480.0 18.02207082028363
90323.0 16682.0 18.02207082028363
90381.0 16649.0 18.02207082028363
90477.0 16628.0 18.02207082028363
90513.0 16525.0 18.02207082028363
90595.0 16554.0 18.02207082028363
90595.0 16182.0 18.02207082028363
90687.0 16475.0 18.02207082028363
90735.0 16595.0 18.02207082028363
90817.0 16585.0 18.02207082028363
91095.0 16497.0 18.02207082028363
91217.0 16572.0 18.02207082028363
91395.0 16537.0 18.02207082028363
91621.0 16690.0 18.02207082028363
91865.0 16548.0 18.02207082028363
91911.0 16490.0 18.02207082028363
92007.0 16475.0 18.02207082028363
92039.0 16822.0 18.02207082028363
92369.0 16778.0 18.02207082028363
92393.0 16738.0 18.02207082028363
92473.0 16645.0 18.02207082028363
92479.0 16453.0 18.02207082028363
92607.0 16477.0 18.02207082028363
92683.0 16641.0 18.02207082028363
93015.0 16399.0 18.02207082028363
93221.0 16809.0 18.02207082028363
93237.0 16263.0 18.02207082028363
93295.0 16690.0 18.02207082028363
93413.0 16614.0 18.02207082028363
93453.0 16883.0 18.02207082028363
93499.0 16624.0 18.02207082028363
93525.0 16949.0 18.02207082028363
93529.0 16623.0 18.02207082028363
93665.0 16651.0 18.02207082028363
93727.0 16719.0 18.02207082028363
93761.0 16766.0 18.02207082028363
94043.0 16712.0 18.02207082028363
94123.0 16744.0 18.02207082028363
94127.0 16335.0 18.02207082028363
94149.0 16746.0 18.02207082028363
94175.0 16621.0 18.02207082028363
94251.0 16623.0 18.02207082028363
94257.0 16493.0 18.02207082028363
94277.0 16506.0 18.02207082028363
94279.0 16735.0 18.02207082028363
94471.0 16650.0 18.02207082028363
94873.0 16704.0 18.02207082028363
94933.0 16582.0 18.02207082028363
94973.0 16631.0 18.02207082028363
95033.0 17009.0 18.02207082028363
95789.0 16713.0 18.02207082028363
96381.0 16802.0 18.02207082028363
97103.0 17013.0 18.02207082028363
97145.0 16767.0 18.02207082028363
97181.0 16621.0 18.02207082028363
97531.0 16835.0 18.02207082028363
97557.0 16566.0 18.02207082028363
97627.0 16736.0 18.02207082028363
97979.0 16517.0 18.02207082028363
98731.0 16587.0 18.02207082028363
98937.0 16694.0 18.02207082028363
99645.0 16878.0 18.02207082028363
100711.0 17214.0 18.02207082028363
101501.0 16948.0 18.02207082028363
101743.0 16895.0 18.02207082028363
103339.0 16971.0 18.02207082028363
106925.0 17053.0 18.02207082028363
