rev1.1
20095.0 3962.0 15.2502142964778
20123.0 3989.0 15.2502142964778
20175.0 4106.0 15.2502142964778
20257.0 4190.0 15.2502142964778
20413.0 3997.0 15.2502142964778
20519.0 4059.0 15.2502142964778
20549.0 4020.0 15.2502142964778
20561.0 4078.0 15.2502142964778
20613.0 4055.0 15.2502142964778
20659.0 4271.0 15.2502142964778
20857.0 4083.0 15.2502142964778
20923.0 4053.0 15.2502142964778
20949.0 4263.0 15.2502142964778
20973.0 3990.0 15.2502142964778
21031.0 4047.0 15.2502142964778
21059.0 4167.0 15.2502142964778
21071.0 4219.0 15.2502142964778
21109.0 4099.0 15.2502142964778
21137.0 4166.0 15.2502142964778
21157.0 3986.0 15.2502142964778
21173.0 4195.0 15.2502142964778
21195.0 4094.0 15.2502142964778
21211.0 3998.0 15.2502142964778
21219.0 4088.0 15.2502142964778
21315.0 4029.0 15.2502142964778
21339.0 4169.0 15.2502142964778
21379.0 4261.0 15.2502142964778
21409.0 4086.0 15.2502142964778
21419.0 4080.0 15.2502142964778
21429.0 4211.0 15.2502142964778
21439.0 4199.0 15.2502142964778
21441.0 4154.0 15.2502142964778
21453.0 4206.0 15.2502142964778
21463.0 4092.0 15.2502142964778
21493.0 4042.0 15.2502142964778
21519.0 4261.0 15.2502142964778
21521.0 4116.0 15.2502142964778
21521.0 4226.0 15.2502142964778
21527.0 4206.0 15.2502142964778
21583.0 4109.0 15.2502142964778
21611.0 4238.0 15.2502142964778
21635.0 4118.0 15.2502142964778
21651.0 4086.0 15.2502142964778
21651.0 4251.0 15.2502142964778
21659.0 4156.0 15.2502142964778
21687.0 4195.0 15.2502142964778
21691.0 4225.0 15.2502142964778
21775.0 4158.0 15.2502142964778
21827.0 4071.0 15.2502142964778
21843.0 4139.0 15.2502142964778
21867.0 4127.0 15.2502142964778
21941.0 4216.0 15.2502142964778
22005.0 4154.0 15.2502142964778
22103.0 4246.0 15.2502142964778
22135.0 4165.0 15.2502142964778
22161.0 4011.0 15.2502142964778
22201.0 3988.0 15.2502142964778
22203.0 4104.0 15.2502142964778
22309.0 4123.0 15.2502142964778
22347.0 4136.0 15.2502142964778
22387.0 4180.0 15.2502142964778
22419.0 4136.0 15.2502142964778
22459.0 4222.0 15.2502142964778
22463.0 4157.0 15.2502142964778
22505.0 4135.0 15.2502142964778
22537.0 4246.0 15.2502142964778
22575.0 4079.0 15.2502142964778
22625.0 4037.0 15.2502142964778
22669.0 4154.0 15.2502142964778
22817.0 4158.0 15.2502142964778
22821.0 4209.0 15.2502142964778
22849.0 4178.0 15.2502142964778
22855.0 4313.0 15.2502142964778
22861.0 4137.0 15.2502142964778
22937.0 4199.0 15.2502142964778
23017.0 4212.0 15.2502142964778
23069.0 4272.0 15.2502142964778
23257.0 4197.0 15.2502142964778
23263.0 4257.0 15.2502142964778
23391.0 4108.0 15.2502142964778
23417.0 4266.0 15.2502142964778
23421.0 4145.0 15.2502142964778
23431.0 4145.0 15.2502142964778
23555.0 4235.0 15.2502142964778
23611.0 4112.0 15.2502142964778
23657.0 4238.0 15.2502142964778
23765.0 4261.0 15.2502142964778
23837.0 4322.0 15.2502142964778
23853.0 4149.0 15.2502142964778
24003.0 4159.0 15.2502142964778
24411.0 4293.0 15.2502142964778
24503.0 4224.0 15.2502142964778
24651.0 4269.0 15.2502142964778
24867.0 4275.0 15.2502142964778
25115.0 4123.0 15.2502142964778
25249.0 4264.0 15.2502142964778
25259.0 4226.0 15.2502142964778
25781.0 4214.0 15.2502142964778
25785.0 4291.0 15.2502142964778
27325.0 4461.0 15.2502142964778
