9127 1874 13
9331 2014 13
9341 1965 13
9575 2059 13
9579 2016 13
9595 1988 13
9891 1949 13
9907 2019 13
9957 2005 13
10035 2013 13
10041 2063 13
10051 1960 13
10085 1905 13
10093 2109 13
10113 2044 13
10149 1975 13
10149 1976 13
10165 2050 13
10183 2056 13
10203 2054 13
10221 2073 13
10249 2056 13
10273 1943 13
10317 1926 13
10343 2061 13
10357 2026 13
10359 2052 13
10399 2068 13
10403 2019 13
10407 1998 13
10409 2068 13
10459 2127 13
10467 2080 13
10471 2158 13
10477 1986 13
10479 2059 13
10479 1927 13
10495 2024 13
10497 2019 13
10525 1979 13
10527 2008 13
10583 2122 13
10585 2043 13
10597 2127 13
10633 2026 13
10635 2054 13
10641 2030 13
10655 2108 13
10661 2104 13
10677 2089 13
10697 2055 13
10703 1979 13
10721 2074 13
10739 1991 13
10755 1967 13
10775 2001 13
10833 2075 13
10853 2091 13
10859 2023 13
11013 2137 13
11015 2087 13
11041 2023 13
11047 2122 13
11091 2124 13
11113 2128 13
11123 2037 13
11153 2139 13
11179 2029 13
11193 2055 13
11229 2165 13
11271 2111 13
11271 2057 13
11273 2043 13
11285 2069 13
11295 2170 13
11299 2066 13
11321 2087 13
11343 2006 13
11347 2099 13
11361 1988 13
11391 2135 13
11407 2131 13
11413 2134 13
11441 2026 13
11471 2111 13
11473 2038 13
11487 2093 13
11515 2112 13
11517 2109 13
11537 2128 13
11655 2166 13
11671 2122 13
11763 2105 13
11841 2185 13
11907 2059 13
11971 2020 13
12609 2167 13
12621 2095 13
12759 2125 13
13753 2169 13
