dump lambdas
1125873.0 201747.0 23.02587092984046 1.3392663674101197
1126045.0 201319.0 23.02587092984046 1.3400620794155118
1126645.0 201613.0 23.02587092984046 1.3391582114366813
1127027.0 200169.0 23.02587092984046 1.3414373705467242
1127817.0 200541.0 23.02587092984046 1.3385570406609963
1127981.0 201790.0 23.02587092984046 1.3399972629321133
1129607.0 202211.0 23.02587092984046 1.3405170799439683
1131967.0 202223.0 23.02587092984046 1.3398541132382362
1132887.0 201495.0 23.02587092984046 1.3410580724245775
1133487.0 201381.0 23.02587092984046 1.3410297960808477
1133903.0 201371.0 23.02587092984046 1.3395125563959174
1134075.0 202922.0 23.02587092984046 1.3367151601598084
1134101.0 202344.0 23.02587092984046 1.3386956022808632
1134733.0 200528.0 23.02587092984046 1.3379494645661472
1136009.0 201001.0 23.02587092984046 1.3405787498618051
1136057.0 201438.0 23.02587092984046 1.3398033640732172
1136679.0 201631.0 23.02587092984046 1.3371893507530785
1138021.0 201756.0 23.02587092984046 1.3385629119412081
1139603.0 200325.0 23.02587092984046 1.343616665842468
1140359.0 201807.0 23.02587092984046 1.3387206559009868
1140395.0 201711.0 23.02587092984046 1.3402315206543285
1140555.0 201052.0 23.02587092984046 1.341103882068751
1141851.0 201679.0 23.02587092984046 1.3408736489020283
1142815.0 201118.0 23.02587092984046 1.3381544300418435
1143571.0 201763.0 23.02587092984046 1.3379651065985416
1143973.0 201807.0 23.02587092984046 1.338074827781466
1144019.0 201787.0 23.02587092984046 1.339626090667811
1144553.0 201272.0 23.02587092984046 1.338115445563371
1145463.0 201790.0 23.02587092984046 1.3385922708464064
1145491.0 202220.0 23.02587092984046 1.3388614999239323
1148687.0 201415.0 23.02587092984046 1.3369300436298923
1150571.0 201600.0 23.02587092984046 1.3413645565874712
1152483.0 201361.0 23.02587092984046 1.339901075433771
1152721.0 201275.0 23.02587092984046 1.3419043749067578
1152721.0 201614.0 23.02587092984046 1.3399706909340716
1153195.0 201473.0 23.02587092984046 1.3403736716484196
1153275.0 202500.0 23.02587092984046 1.3394304117243636
1153329.0 202169.0 23.02587092984046 1.3391494239466504
1153961.0 200704.0 23.02587092984046 1.3409693969551475
1154747.0 201400.0 23.02587092984046 1.3385817848531076
1154901.0 202250.0 23.02587092984046 1.3382348349918443
1154963.0 201295.0 23.02587092984046 1.3411853830947498
1155425.0 202809.0 23.02587092984046 1.34028455620654
1156099.0 202656.0 23.02587092984046 1.3381360107118476
1156693.0 202054.0 23.02587092984046 1.3387223148293654
1156747.0 201927.0 23.02587092984046 1.3365600823073605
1158535.0 201790.0 23.02587092984046 1.3414483394222199
1159541.0 201489.0 23.02587092984046 1.3358821432809624
1159991.0 202744.0 23.02587092984046 1.3414175779595732
1160639.0 201673.0 23.02587092984046 1.3416581934874228
1161771.0 201992.0 23.02587092984046 1.3386638378250229
1162113.0 202523.0 23.02587092984046 1.3391300160433197
1162661.0 202710.0 23.02587092984046 1.33911598992197
1163075.0 202082.0 23.02587092984046 1.336014949017692
1163223.0 203125.0 23.02587092984046 1.3388953234410934
1163807.0 201771.0 23.02587092984046 1.3398928816023707
1164231.0 201926.0 23.02587092984046 1.3394946603819804
1165627.0 203018.0 23.02587092984046 1.3389043601875796
1166149.0 201913.0 23.02587092984046 1.337677170765458
1166559.0 200669.0 23.02587092984046 1.3365966112049554
1167491.0 202663.0 23.02587092984046 1.3392016753256026
1169249.0 201619.0 23.02587092984046 1.340708703267103
1170409.0 203044.0 23.02587092984046 1.3370476677746805
1170981.0 201831.0 23.02587092984046 1.3377818426211818
1171607.0 202442.0 23.02587092984046 1.3368426532949889
1172725.0 201353.0 23.02587092984046 1.33744909006887
1172899.0 201362.0 23.02587092984046 1.3361373798247629
1173059.0 202257.0 23.02587092984046 1.3384447407925657
1175041.0 202357.0 23.02587092984046 1.3373441799213994
1175353.0 202377.0 23.02587092984046 1.336504285319156
1178951.0 202333.0 23.02587092984046 1.335079553331423
1180699.0 202005.0 23.02587092984046 1.3384817528926114
1181933.0 201564.0 23.02587092984046 1.3354361217262931
1182281.0 203020.0 23.02587092984046 1.3382796618074597
1184049.0 203282.0 23.02587092984046 1.33726655763048
1184717.0 202458.0 23.02587092984046 1.3355452506147716
1185237.0 202049.0 23.02587092984046 1.3404375396750718
1188647.0 202625.0 23.02587092984046 1.338174642483368
1191355.0 202688.0 23.02587092984046 1.3373272214150183
1193619.0 202395.0 23.02587092984046 1.3373910987960687
1195101.0 202358.0 23.02587092984046 1.3392427126165771
1197247.0 202482.0 23.02587092984046 1.3401095334223692
1199009.0 203405.0 23.02587092984046 1.3374363905343765
1201615.0 202699.0 23.02587092984046 1.3366192807970378
1202025.0 202009.0 23.02587092984046 1.3366118190469527
1207131.0 203663.0 23.02587092984046 1.3385460815034271
1208705.0 203377.0 23.02587092984046 1.3370877114029778
1214505.0 202932.0 23.02587092984046 1.3369932175524708
1214859.0 203397.0 23.02587092984046 1.3415951941685873
1219801.0 202654.0 23.02587092984046 1.3370842899333104
1219923.0 203581.0 23.02587092984046 1.3347108996506545
1221415.0 202957.0 23.02587092984046 1.3371413313933942
1223371.0 203235.0 23.02587092984046 1.3366348642595491
1225503.0 203018.0 23.02587092984046 1.3395719005268545
1227451.0 203268.0 23.02587092984046 1.3378207066295253
1252849.0 203203.0 23.02587092984046 1.3380763279418852
1262491.0 203497.0 23.02587092984046 1.336677798325464
1283241.0 203716.0 23.02587092984046 1.3341585218590861
1310237.0 205690.0 23.02587092984046 1.3324892542956837
1315691.0 205643.0 23.02587092984046 1.331936177196915
