rev1.1
9385.0 2076.0 13.864895783145018
9439.0 2037.0 13.864895783145018
9627.0 2077.0 13.864895783145018
9727.0 1978.0 13.864895783145018
9779.0 2129.0 13.864895783145018
9793.0 2076.0 13.864895783145018
9845.0 2067.0 13.864895783145018
9885.0 2037.0 13.864895783145018
9885.0 2093.0 13.864895783145018
9977.0 2042.0 13.864895783145018
9995.0 2056.0 13.864895783145018
10055.0 2007.0 13.864895783145018
10077.0 2000.0 13.864895783145018
10085.0 2139.0 13.864895783145018
10127.0 2081.0 13.864895783145018
10203.0 2095.0 13.864895783145018
10211.0 2085.0 13.864895783145018
10247.0 2048.0 13.864895783145018
10265.0 2088.0 13.864895783145018
10279.0 1979.0 13.864895783145018
10279.0 2081.0 13.864895783145018
10315.0 2133.0 13.864895783145018
10329.0 2187.0 13.864895783145018
10335.0 2084.0 13.864895783145018
10367.0 2050.0 13.864895783145018
10399.0 2069.0 13.864895783145018
10417.0 2126.0 13.864895783145018
10429.0 2060.0 13.864895783145018
10473.0 2068.0 13.864895783145018
10481.0 2147.0 13.864895783145018
10483.0 2152.0 13.864895783145018
10487.0 2043.0 13.864895783145018
10497.0 2141.0 13.864895783145018
10503.0 2005.0 13.864895783145018
10557.0 2085.0 13.864895783145018
10621.0 2053.0 13.864895783145018
10659.0 2025.0 13.864895783145018
10731.0 2072.0 13.864895783145018
10741.0 2090.0 13.864895783145018
10761.0 2107.0 13.864895783145018
10773.0 2094.0 13.864895783145018
10789.0 2065.0 13.864895783145018
10791.0 2130.0 13.864895783145018
10809.0 2099.0 13.864895783145018
10819.0 2037.0 13.864895783145018
10921.0 2070.0 13.864895783145018
10965.0 2187.0 13.864895783145018
10987.0 2069.0 13.864895783145018
11013.0 2120.0 13.864895783145018
11033.0 2084.0 13.864895783145018
11099.0 2126.0 13.864895783145018
11101.0 2098.0 13.864895783145018
11115.0 2073.0 13.864895783145018
11125.0 2139.0 13.864895783145018
11137.0 2092.0 13.864895783145018
11153.0 2135.0 13.864895783145018
11165.0 2120.0 13.864895783145018
11181.0 2088.0 13.864895783145018
11223.0 2082.0 13.864895783145018
11233.0 2203.0 13.864895783145018
11253.0 2056.0 13.864895783145018
11279.0 2126.0 13.864895783145018
11289.0 2105.0 13.864895783145018
11323.0 2115.0 13.864895783145018
11367.0 2091.0 13.864895783145018
11383.0 2180.0 13.864895783145018
11389.0 2197.0 13.864895783145018
11401.0 2124.0 13.864895783145018
11427.0 2123.0 13.864895783145018
11447.0 2124.0 13.864895783145018
11497.0 2041.0 13.864895783145018
11499.0 2086.0 13.864895783145018
11507.0 2136.0 13.864895783145018
11541.0 2100.0 13.864895783145018
11581.0 2148.0 13.864895783145018
11609.0 2106.0 13.864895783145018
11635.0 2166.0 13.864895783145018
11661.0 2155.0 13.864895783145018
11671.0 2139.0 13.864895783145018
11707.0 2185.0 13.864895783145018
11773.0 2177.0 13.864895783145018
11783.0 2220.0 13.864895783145018
11847.0 2197.0 13.864895783145018
11923.0 2133.0 13.864895783145018
12007.0 2146.0 13.864895783145018
12035.0 2143.0 13.864895783145018
12041.0 2197.0 13.864895783145018
12171.0 2192.0 13.864895783145018
12307.0 2175.0 13.864895783145018
12365.0 2084.0 13.864895783145018
12387.0 2167.0 13.864895783145018
12405.0 2183.0 13.864895783145018
12453.0 2241.0 13.864895783145018
12667.0 2247.0 13.864895783145018
12671.0 2100.0 13.864895783145018
12685.0 2195.0 13.864895783145018
12859.0 2221.0 13.864895783145018
13089.0 2170.0 13.864895783145018
13139.0 2219.0 13.864895783145018
13695.0 2204.0 13.864895783145018
