rev1.1
1447387.0 263145.0 23.567019397768995
1471915.0 263362.0 23.567019397768995
1479989.0 263709.0 23.567019397768995
1480671.0 263808.0 23.567019397768995
1480733.0 263192.0 23.567019397768995
1482123.0 263436.0 23.567019397768995
1485149.0 263853.0 23.567019397768995
1487823.0 264513.0 23.567019397768995
1492745.0 264212.0 23.567019397768995
1494081.0 264208.0 23.567019397768995
1494699.0 264070.0 23.567019397768995
1495467.0 264012.0 23.567019397768995
1495565.0 263905.0 23.567019397768995
1497523.0 264477.0 23.567019397768995
1500643.0 264153.0 23.567019397768995
1502541.0 263383.0 23.567019397768995
1505813.0 264631.0 23.567019397768995
1505897.0 265364.0 23.567019397768995
1507609.0 264727.0 23.567019397768995
1507853.0 264406.0 23.567019397768995
1508121.0 264093.0 23.567019397768995
1508137.0 264187.0 23.567019397768995
1513301.0 264378.0 23.567019397768995
1514605.0 262961.0 23.567019397768995
1515649.0 263537.0 23.567019397768995
1516917.0 265031.0 23.567019397768995
1516919.0 264529.0 23.567019397768995
1516997.0 264638.0 23.567019397768995
1519179.0 265173.0 23.567019397768995
1519437.0 264802.0 23.567019397768995
1523291.0 266076.0 23.567019397768995
1524979.0 264398.0 23.567019397768995
1525261.0 265147.0 23.567019397768995
1526675.0 265249.0 23.567019397768995
1526995.0 265727.0 23.567019397768995
1529235.0 264112.0 23.567019397768995
1532039.0 264715.0 23.567019397768995
1532797.0 265072.0 23.567019397768995
1533535.0 264267.0 23.567019397768995
1533775.0 265124.0 23.567019397768995
1534779.0 265033.0 23.567019397768995
1535075.0 265225.0 23.567019397768995
1537827.0 264446.0 23.567019397768995
1538047.0 265460.0 23.567019397768995
1540869.0 264205.0 23.567019397768995
1543453.0 265358.0 23.567019397768995
1543683.0 266668.0 23.567019397768995
1544627.0 264482.0 23.567019397768995
1544861.0 264606.0 23.567019397768995
1545513.0 264794.0 23.567019397768995
1546467.0 265241.0 23.567019397768995
1546751.0 265984.0 23.567019397768995
1549105.0 265251.0 23.567019397768995
1549407.0 265035.0 23.567019397768995
1549735.0 265849.0 23.567019397768995
1550327.0 265104.0 23.567019397768995
1551199.0 267333.0 23.567019397768995
1551939.0 266000.0 23.567019397768995
1552589.0 266078.0 23.567019397768995
1552751.0 264936.0 23.567019397768995
1553103.0 265337.0 23.567019397768995
1557213.0 266292.0 23.567019397768995
1557607.0 265699.0 23.567019397768995
1558915.0 265740.0 23.567019397768995
1560125.0 265873.0 23.567019397768995
1562007.0 265689.0 23.567019397768995
1562823.0 265513.0 23.567019397768995
1569015.0 266428.0 23.567019397768995
1570317.0 266064.0 23.567019397768995
1570495.0 265682.0 23.567019397768995
1571203.0 265677.0 23.567019397768995
1573743.0 264714.0 23.567019397768995
1575221.0 266286.0 23.567019397768995
1577193.0 266033.0 23.567019397768995
1578923.0 266566.0 23.567019397768995
1579705.0 265092.0 23.567019397768995
1579903.0 266513.0 23.567019397768995
1581715.0 265408.0 23.567019397768995
1582245.0 265235.0 23.567019397768995
1582509.0 266679.0 23.567019397768995
1582877.0 265227.0 23.567019397768995
1585959.0 266557.0 23.567019397768995
1585965.0 266421.0 23.567019397768995
1587575.0 266179.0 23.567019397768995
1588487.0 264949.0 23.567019397768995
1591945.0 266388.0 23.567019397768995
1593717.0 265950.0 23.567019397768995
1594893.0 266567.0 23.567019397768995
1598151.0 266289.0 23.567019397768995
1599653.0 265445.0 23.567019397768995
1604911.0 267522.0 23.567019397768995
1606127.0 266612.0 23.567019397768995
1610679.0 266773.0 23.567019397768995
1618501.0 265972.0 23.567019397768995
1619901.0 267168.0 23.567019397768995
1626857.0 266996.0 23.567019397768995
1634319.0 267956.0 23.567019397768995
1635693.0 268709.0 23.567019397768995
1658467.0 268190.0 23.567019397768995
1658975.0 267187.0 23.567019397768995
