rev1.1
353747.0 65701.0 20.794476451023307
357337.0 65907.0 20.794476451023307
357589.0 66221.0 20.794476451023307
358833.0 66150.0 20.794476451023307
359631.0 65713.0 20.794476451023307
359889.0 65804.0 20.794476451023307
360497.0 65596.0 20.794476451023307
361479.0 65523.0 20.794476451023307
361635.0 65977.0 20.794476451023307
361657.0 66178.0 20.794476451023307
361731.0 65654.0 20.794476451023307
363057.0 66249.0 20.794476451023307
363101.0 65740.0 20.794476451023307
363281.0 65947.0 20.794476451023307
363525.0 66147.0 20.794476451023307
364399.0 65408.0 20.794476451023307
364693.0 66061.0 20.794476451023307
365429.0 66168.0 20.794476451023307
367885.0 66294.0 20.794476451023307
368007.0 66873.0 20.794476451023307
368061.0 66212.0 20.794476451023307
368249.0 66291.0 20.794476451023307
369101.0 65676.0 20.794476451023307
369185.0 65540.0 20.794476451023307
369367.0 66566.0 20.794476451023307
369367.0 65297.0 20.794476451023307
369863.0 66187.0 20.794476451023307
369873.0 66801.0 20.794476451023307
370617.0 66463.0 20.794476451023307
370631.0 66483.0 20.794476451023307
370997.0 66421.0 20.794476451023307
372159.0 65950.0 20.794476451023307
372169.0 66265.0 20.794476451023307
372275.0 67083.0 20.794476451023307
372291.0 66247.0 20.794476451023307
373819.0 66243.0 20.794476451023307
373933.0 65832.0 20.794476451023307
374137.0 66646.0 20.794476451023307
374531.0 66614.0 20.794476451023307
374645.0 66039.0 20.794476451023307
374775.0 66391.0 20.794476451023307
374847.0 66600.0 20.794476451023307
374871.0 66190.0 20.794476451023307
375207.0 66470.0 20.794476451023307
375361.0 66034.0 20.794476451023307
376449.0 66201.0 20.794476451023307
376487.0 65938.0 20.794476451023307
376805.0 65946.0 20.794476451023307
376913.0 66379.0 20.794476451023307
377185.0 66612.0 20.794476451023307
377299.0 66406.0 20.794476451023307
377409.0 66243.0 20.794476451023307
377769.0 65989.0 20.794476451023307
378205.0 66828.0 20.794476451023307
378255.0 66720.0 20.794476451023307
379349.0 66319.0 20.794476451023307
379495.0 66835.0 20.794476451023307
379607.0 66571.0 20.794476451023307
379819.0 66454.0 20.794476451023307
380553.0 67032.0 20.794476451023307
380763.0 66347.0 20.794476451023307
380879.0 67018.0 20.794476451023307
381337.0 66798.0 20.794476451023307
381377.0 66508.0 20.794476451023307
381981.0 66056.0 20.794476451023307
382529.0 66301.0 20.794476451023307
382905.0 66220.0 20.794476451023307
383551.0 66498.0 20.794476451023307
384095.0 66294.0 20.794476451023307
384101.0 66597.0 20.794476451023307
384159.0 66708.0 20.794476451023307
384789.0 66294.0 20.794476451023307
384863.0 66779.0 20.794476451023307
385201.0 66764.0 20.794476451023307
386011.0 66618.0 20.794476451023307
386163.0 66887.0 20.794476451023307
386541.0 66681.0 20.794476451023307
388019.0 66676.0 20.794476451023307
388517.0 66396.0 20.794476451023307
389179.0 66659.0 20.794476451023307
389555.0 66561.0 20.794476451023307
390735.0 67390.0 20.794476451023307
390883.0 66747.0 20.794476451023307
391735.0 67489.0 20.794476451023307
392605.0 67012.0 20.794476451023307
392799.0 66382.0 20.794476451023307
393497.0 67037.0 20.794476451023307
393801.0 66950.0 20.794476451023307
393981.0 66771.0 20.794476451023307
394485.0 66823.0 20.794476451023307
395485.0 67328.0 20.794476451023307
396541.0 66962.0 20.794476451023307
398151.0 66718.0 20.794476451023307
399479.0 66936.0 20.794476451023307
401039.0 66773.0 20.794476451023307
409647.0 67092.0 20.794476451023307
410653.0 67631.0 20.794476451023307
415105.0 66610.0 20.794476451023307
417891.0 67218.0 20.794476451023307
435199.0 67999.0 20.794476451023307
