rev1.1
2964285.0 527081.0 24.95330612953801
2976193.0 528219.0 24.95330612953801
2982535.0 527247.0 24.95330612953801
2983841.0 527806.0 24.95330612953801
3002379.0 527492.0 24.95330612953801
3003667.0 529149.0 24.95330612953801
3009263.0 528114.0 24.95330612953801
3010445.0 528279.0 24.95330612953801
3011161.0 527584.0 24.95330612953801
3016491.0 530000.0 24.95330612953801
3023677.0 529228.0 24.95330612953801
3030411.0 528346.0 24.95330612953801
3030629.0 529377.0 24.95330612953801
3032227.0 529322.0 24.95330612953801
3039947.0 528281.0 24.95330612953801
3040167.0 527720.0 24.95330612953801
3040191.0 528646.0 24.95330612953801
3042665.0 528170.0 24.95330612953801
3043635.0 529242.0 24.95330612953801
3046915.0 527599.0 24.95330612953801
3047083.0 528691.0 24.95330612953801
3052577.0 530002.0 24.95330612953801
3053195.0 528584.0 24.95330612953801
3054101.0 528504.0 24.95330612953801
3056971.0 529838.0 24.95330612953801
3062121.0 527739.0 24.95330612953801
3067051.0 530262.0 24.95330612953801
3067727.0 530762.0 24.95330612953801
3073965.0 530403.0 24.95330612953801
3076135.0 529564.0 24.95330612953801
3092529.0 530183.0 24.95330612953801
3094661.0 531516.0 24.95330612953801
3095315.0 529571.0 24.95330612953801
3096425.0 529952.0 24.95330612953801
3096731.0 529905.0 24.95330612953801
3099237.0 530761.0 24.95330612953801
3100601.0 529060.0 24.95330612953801
3101935.0 530341.0 24.95330612953801
3105593.0 529888.0 24.95330612953801
3105703.0 529443.0 24.95330612953801
3106825.0 530125.0 24.95330612953801
3106919.0 531015.0 24.95330612953801
3107583.0 529686.0 24.95330612953801
3107783.0 529554.0 24.95330612953801
3108763.0 532145.0 24.95330612953801
3109507.0 531030.0 24.95330612953801
3111739.0 529334.0 24.95330612953801
3112213.0 529452.0 24.95330612953801
3112467.0 530584.0 24.95330612953801
3115421.0 529487.0 24.95330612953801
3117121.0 530986.0 24.95330612953801
3119835.0 530308.0 24.95330612953801
3120171.0 530614.0 24.95330612953801
3122995.0 529974.0 24.95330612953801
3123479.0 531075.0 24.95330612953801
3124261.0 529883.0 24.95330612953801
3127693.0 531960.0 24.95330612953801
3130563.0 530755.0 24.95330612953801
3131373.0 528725.0 24.95330612953801
3132209.0 530862.0 24.95330612953801
3132333.0 530467.0 24.95330612953801
3135299.0 532754.0 24.95330612953801
3137967.0 530187.0 24.95330612953801
3139413.0 531802.0 24.95330612953801
3142267.0 531881.0 24.95330612953801
3142883.0 531103.0 24.95330612953801
3142965.0 531193.0 24.95330612953801
3142977.0 530829.0 24.95330612953801
3143679.0 531287.0 24.95330612953801
3144601.0 532241.0 24.95330612953801
3145379.0 531651.0 24.95330612953801
3147183.0 531740.0 24.95330612953801
3147263.0 532348.0 24.95330612953801
3148087.0 530563.0 24.95330612953801
3151325.0 530712.0 24.95330612953801
3159599.0 533195.0 24.95330612953801
3165701.0 530872.0 24.95330612953801
3168913.0 531881.0 24.95330612953801
3169363.0 530873.0 24.95330612953801
3169555.0 530489.0 24.95330612953801
3179835.0 531070.0 24.95330612953801
3179935.0 530665.0 24.95330612953801
3193885.0 533142.0 24.95330612953801
3197195.0 530764.0 24.95330612953801
3198611.0 531705.0 24.95330612953801
3207369.0 530031.0 24.95330612953801
3209629.0 531602.0 24.95330612953801
3209935.0 533113.0 24.95330612953801
3210721.0 532847.0 24.95330612953801
3211053.0 531960.0 24.95330612953801
3231679.0 532307.0 24.95330612953801
3248175.0 532474.0 24.95330612953801
3250953.0 534288.0 24.95330612953801
3271047.0 532239.0 24.95330612953801
3276303.0 534413.0 24.95330612953801
3280291.0 533150.0 24.95330612953801
3288329.0 534737.0 24.95330612953801
3309979.0 536514.0 24.95330612953801
3362835.0 536027.0 24.95330612953801
3427947.0 537099.0 24.95330612953801
