104735 20064 18
104971 20137 18
105927 20329 18
106331 19735 18
106349 20296 18
106711 19882 18
107159 20138 18
107277 19789 18
107433 20010 18
107527 20305 18
107637 20114 18
107825 20076 18
107931 19857 18
107933 20294 18
108127 19997 18
108857 20155 18
109025 20098 18
109321 20141 18
109339 20001 18
109437 20124 18
109537 20025 18
109561 19959 18
109607 20340 18
109635 20256 18
109697 20397 18
109839 20096 18
109877 20079 18
110015 20103 18
110095 20364 18
110095 20307 18
110227 20205 18
110401 20219 18
110533 20386 18
110611 19898 18
110677 20252 18
110837 20192 18
110841 20118 18
110861 20030 18
110891 20229 18
111005 20051 18
111083 20159 18
111525 20100 18
111599 20005 18
111693 20148 18
111727 20250 18
111791 20186 18
111857 20153 18
112029 20199 18
112145 20398 18
112339 20307 18
112577 20306 18
112753 20391 18
112755 20144 18
112955 20053 18
112993 20239 18
113021 20201 18
113067 20683 18
113175 20267 18
113233 20193 18
113443 20273 18
113457 20587 18
113585 20088 18
114059 20401 18
114271 20102 18
114419 20515 18
114819 20203 18
115043 20484 18
115119 20269 18
115149 20552 18
115167 20479 18
115181 20499 18
115319 20365 18
115491 20525 18
115531 20320 18
115541 20138 18
115755 20542 18
115815 20623 18
115891 20220 18
115995 20497 18
116485 20483 18
116855 20086 18
117247 20306 18
117319 20273 18
117329 20360 18
117545 20546 18
118197 20173 18
118517 20552 18
119097 20521 18
120087 20452 18
120103 20476 18
120147 20712 18
120157 20664 18
120647 20622 18
120975 20406 18
123169 20952 18
124125 20592 18
124355 20644 18
129693 20627 18
131299 20698 18
133477 20785 18
