rev1.1
681.0 193.0 6.20027091141995
687.0 189.0 9.23024103368252
689.0 196.0 5.062500000000056
691.0 177.0 9.23024103368252
699.0 205.0 6.200270911419982
739.0 220.0 5.6025772184829
747.0 197.0 8.403865827724363
759.0 204.0 7.5937500000000755
777.0 189.0 7.593750000000106
781.0 190.0 6.200270911419983
783.0 231.0 5.602577218482939
801.0 192.0 9.23024103368252
807.0 218.0 8.403865827724404
809.0 203.0 9.23024103368252
813.0 204.0 8.403865827724378
815.0 191.0 9.23024103368252
817.0 216.0 9.23024103368252
817.0 219.0 6.200270911419962
825.0 208.0 6.8617277149123606
833.0 237.0 7.593750000000051
833.0 225.0 9.23024103368252
841.0 188.0 8.40386582772437
845.0 172.0 9.23024103368252
847.0 225.0 6.861727714912347
861.0 215.0 8.403865827724413
867.0 241.0 6.861727714912312
867.0 210.0 9.23024103368252
879.0 211.0 8.403865827724392
881.0 178.0 6.861727714912319
883.0 191.0 9.23024103368252
885.0 192.0 9.23024103368252
899.0 227.0 8.403865827724399
905.0 220.0 9.23024103368252
909.0 209.0 8.403865827724427
909.0 218.0 7.593750000000084
913.0 192.0 9.23024103368252
917.0 240.0 9.23024103368252
919.0 207.0 9.23024103368252
925.0 209.0 9.23024103368252
925.0 223.0 8.403865827724434
929.0 210.0 9.23024103368252
939.0 194.0 9.23024103368252
943.0 222.0 9.23024103368252
955.0 219.0 8.403865827724404
959.0 215.0 9.23024103368252
963.0 219.0 7.593750000000078
965.0 242.0 7.59375000000014
969.0 253.0 6.200270911419964
971.0 223.0 8.403865827724369
975.0 219.0 9.23024103368252
975.0 182.0 9.23024103368252
987.0 209.0 9.23024103368252
989.0 237.0 9.23024103368252
991.0 207.0 9.23024103368252
1001.0 226.0 9.23024103368252
1001.0 191.0 9.23024103368252
1005.0 191.0 9.23024103368252
1013.0 207.0 9.23024103368252
1017.0 216.0 9.23024103368252
1027.0 254.0 8.403865827724424
1031.0 222.0 9.23024103368252
1047.0 209.0 9.23024103368252
1049.0 256.0 9.23024103368252
1049.0 240.0 6.200270911419967
1049.0 211.0 9.23024103368252
1051.0 257.0 9.23024103368252
1059.0 225.0 9.23024103368252
1071.0 218.0 9.23024103368252
1073.0 179.0 9.23024103368252
1075.0 233.0 9.23024103368252
1075.0 191.0 9.23024103368252
1077.0 235.0 9.23024103368252
1095.0 226.0 9.23024103368252
1109.0 238.0 9.23024103368252
1111.0 208.0 9.23024103368252
1115.0 251.0 9.23024103368252
1121.0 244.0 9.23024103368252
1129.0 247.0 9.23024103368252
1129.0 209.0 9.23024103368252
1139.0 242.0 9.23024103368252
1153.0 221.0 9.23024103368252
1161.0 196.0 9.23024103368252
1163.0 195.0 9.23024103368252
1163.0 249.0 9.23024103368252
1165.0 229.0 9.23024103368252
1189.0 233.0 9.23024103368252
1191.0 243.0 9.23024103368252
1195.0 237.0 9.23024103368252
1195.0 246.0 9.23024103368252
1211.0 253.0 9.23024103368252
1225.0 233.0 9.23024103368252
1235.0 240.0 9.23024103368252
1237.0 252.0 9.23024103368252
1243.0 249.0 9.23024103368252
1265.0 245.0 9.23024103368252
1285.0 251.0 9.23024103368252
1315.0 259.0 9.23024103368252
1339.0 238.0 9.23024103368252
1343.0 234.0 9.23024103368252
1375.0 237.0 9.23024103368252
