11588383 2011256
11588383 2011256
11626765 2012474
11626765 2012474
11635095 2013297
11635095 2013297
11705349 2011567
11705349 2011567
11708663 2014667
11708663 2014667
11743103 2013083
11743103 2013083
11753149 2013870
11753149 2013870
11822713 2017889
11822713 2017889
11831619 2016682
11831619 2016682
11837903 2015313
11837903 2015313
11877757 2017991
11877757 2017991
11879577 2019838
11879577 2019838
11883209 2019148
11883209 2019148
11887691 2014602
11887691 2014602
11891701 2016792
11891701 2016792
11907783 2017893
11907783 2017893
11931777 2017306
11931777 2017306
11933617 2023062
11933617 2023062
11941665 2015515
11941665 2015515
11943255 2018873
11943255 2018873
11949849 2018925
11949849 2018925
11969797 2017376
11969797 2017376
11985543 2020909
11985543 2020909
12006089 2016026
12006089 2016026
12013081 2021080
12013081 2021080
12014829 2020800
12014829 2020800
12026747 2022115
12026747 2022115
12042879 2024045
12042879 2024045
12090459 2019405
12090459 2019405
12100441 2022765
12100441 2022765
12107083 2024696
12107083 2024696
12116759 2019918
12116759 2019918
12125191 2020800
12125191 2020800
12167491 2025571
12167491 2025571
12171939 2026639
12171939 2026639
12182083 2019327
12182083 2019327
12200951 2021134
12200951 2021134
12235515 2024696
12235515 2024696
12239495 2024694
12239495 2024694
12259593 2026337
12259593 2026337
12325199 2028515
12325199 2028515
12337431 2024156
12337431 2024156
12338773 2026679
12338773 2026679
12363573 2025393
12363573 2025393
12454877 2028225
12454877 2028225
12509395 2029538
12509395 2029538
12529975 2030072
12529975 2030072
12577571 2029521
12577571 2029521
12769957 2031911
12769957 2031911
12991609 2039002
12991609 2039002
