rev1.1
5948991.0 1054620.0 26.33959667597155
6005807.0 1054987.0 26.33959667597155
6015433.0 1054476.0 26.33959667597155
6032139.0 1053659.0 26.33959667597155
6042331.0 1054862.0 26.33959667597155
6066465.0 1054155.0 26.33959667597155
6072477.0 1055004.0 26.33959667597155
6072675.0 1056430.0 26.33959667597155
6077585.0 1055223.0 26.33959667597155
6079541.0 1056212.0 26.33959667597155
6109631.0 1057162.0 26.33959667597155
6117003.0 1057483.0 26.33959667597155
6118617.0 1054796.0 26.33959667597155
6127781.0 1057013.0 26.33959667597155
6131653.0 1056606.0 26.33959667597155
6143829.0 1058191.0 26.33959667597155
6152483.0 1057696.0 26.33959667597155
6152659.0 1056788.0 26.33959667597155
6159219.0 1058177.0 26.33959667597155
6164459.0 1057795.0 26.33959667597155
6170107.0 1058157.0 26.33959667597155
6174833.0 1059580.0 26.33959667597155
6176415.0 1059276.0 26.33959667597155
6177127.0 1055830.0 26.33959667597155
6181011.0 1057950.0 26.33959667597155
6190551.0 1058549.0 26.33959667597155
6195201.0 1058931.0 26.33959667597155
6196953.0 1057009.0 26.33959667597155
6202257.0 1058941.0 26.33959667597155
6203675.0 1057362.0 26.33959667597155
6204137.0 1056197.0 26.33959667597155
6211579.0 1056913.0 26.33959667597155
6211699.0 1058338.0 26.33959667597155
6213923.0 1058188.0 26.33959667597155
6215189.0 1056672.0 26.33959667597155
6216133.0 1057022.0 26.33959667597155
6217747.0 1055430.0 26.33959667597155
6217895.0 1055912.0 26.33959667597155
6222779.0 1059690.0 26.33959667597155
6223511.0 1056373.0 26.33959667597155
6233743.0 1057661.0 26.33959667597155
6233743.0 1058105.0 26.33959667597155
6234269.0 1059086.0 26.33959667597155
6240723.0 1058937.0 26.33959667597155
6243245.0 1057878.0 26.33959667597155
6249647.0 1059304.0 26.33959667597155
6258049.0 1058863.0 26.33959667597155
6260411.0 1058831.0 26.33959667597155
6261359.0 1060708.0 26.33959667597155
6268037.0 1059344.0 26.33959667597155
6268171.0 1058549.0 26.33959667597155
6276011.0 1058995.0 26.33959667597155
6276289.0 1058738.0 26.33959667597155
6277099.0 1055355.0 26.33959667597155
6278699.0 1060717.0 26.33959667597155
6283343.0 1057929.0 26.33959667597155
6283973.0 1061380.0 26.33959667597155
6284609.0 1059011.0 26.33959667597155
6294421.0 1059907.0 26.33959667597155
6317555.0 1060920.0 26.33959667597155
6320373.0 1059889.0 26.33959667597155
6328109.0 1061757.0 26.33959667597155
6329321.0 1060933.0 26.33959667597155
6330911.0 1059536.0 26.33959667597155
6333043.0 1061107.0 26.33959667597155
6333265.0 1059107.0 26.33959667597155
6337489.0 1060775.0 26.33959667597155
6344505.0 1059969.0 26.33959667597155
6344997.0 1061421.0 26.33959667597155
6366385.0 1061076.0 26.33959667597155
6367565.0 1059002.0 26.33959667597155
6371103.0 1059304.0 26.33959667597155
6373985.0 1062159.0 26.33959667597155
6374411.0 1061370.0 26.33959667597155
6389595.0 1063015.0 26.33959667597155
6408765.0 1061222.0 26.33959667597155
6410263.0 1061589.0 26.33959667597155
6415267.0 1061632.0 26.33959667597155
6420403.0 1062121.0 26.33959667597155
6428619.0 1062530.0 26.33959667597155
6430329.0 1062132.0 26.33959667597155
6437459.0 1061388.0 26.33959667597155
6443837.0 1062476.0 26.33959667597155
6455469.0 1064491.0 26.33959667597155
6468125.0 1062893.0 26.33959667597155
6470173.0 1063224.0 26.33959667597155
6474467.0 1065082.0 26.33959667597155
6490111.0 1063161.0 26.33959667597155
6491675.0 1065121.0 26.33959667597155
6492689.0 1064702.0 26.33959667597155
6512951.0 1062722.0 26.33959667597155
6532947.0 1062005.0 26.33959667597155
6536013.0 1063757.0 26.33959667597155
6537395.0 1063991.0 26.33959667597155
6566053.0 1066720.0 26.33959667597155
6570787.0 1064159.0 26.33959667597155
6603851.0 1065031.0 26.33959667597155
6630517.0 1065224.0 26.33959667597155
6915101.0 1071244.0 26.33959667597155
7110823.0 1075456.0 26.33959667597155
