dump lambdas v1
11.0 6.0 1.2247448713915894 1.830985989082919
11.0 6.0 1.2247448713915894 1.830985989082919
11.0 6.0 1.2247448713915894 1.830985989082919
15.0 8.0 1.5000000000000007 1.5290800464675423
31.0 15.0 2.033104508122152 1.4553111173447695
31.0 15.0 2.033104508122152 1.4553111173447695
31.0 12.0 2.7556759606310783 1.8373035914374334
31.0 15.0 2.033104508122152 1.4553111173447695
33.0 13.0 2.7556759606310783 1.8679777749806914
35.0 15.0 2.490034319325726 1.8795190095576773
37.0 19.0 1.6600228795504832 1.4830750795916015
37.0 19.0 1.6600228795504832 1.4830750795916015
37.0 19.0 1.6600228795504832 1.4830750795916015
37.0 19.0 1.6600228795504832 1.4830750795916015
37.0 18.0 2.033104508122152 1.8272845847665056
37.0 18.0 2.033104508122152 1.8272845847665056
37.0 18.0 2.033104508122152 1.8272845847665056
39.0 19.0 2.033104508122152 1.516618249810184
41.0 19.0 2.033104508122153 1.5802053564195193
41.0 19.0 2.033104508122153 1.5802053564195193
41.0 19.0 2.033104508122153 1.5802053564195193
41.0 19.0 2.033104508122153 1.5802053564195193
41.0 19.0 2.2500000000000018 1.675019115367595
43.0 20.0 2.2500000000000018 1.4929936583706176
43.0 20.0 2.2500000000000018 1.4929936583706176
43.0 21.0 2.033104508122152 1.3886745345118368
43.0 21.0 2.033104508122152 1.3886745345118368
43.0 20.0 2.2500000000000018 1.4929936583706176
43.0 21.0 2.033104508122152 1.3886745345118368
43.0 20.0 2.2500000000000018 1.4929936583706176
45.0 20.0 2.4900343193257273 1.6887502571718205
45.0 20.0 2.4900343193257273 1.6887502571718205
47.0 20.0 2.7556759606310783 1.7830168928878976
49.0 17.0 3.04965676218323 1.3687571798112352
53.0 18.0 3.3750000000000044 1.6925027238392092
53.0 18.0 3.3750000000000044 1.6925027238392092
53.0 18.0 3.3750000000000044 1.6925027238392092
53.0 18.0 3.3750000000000044 1.6925027238392092
61.0 28.0 2.2500000000000018 1.6187419700937316
61.0 28.0 2.2500000000000018 1.6187419700937316
61.0 28.0 2.2500000000000018 1.6187419700937316
61.0 28.0 2.2500000000000018 1.6187419700937316
61.0 22.0 3.049656762183231 1.4707270825739156
61.0 22.0 3.049656762183231 1.4707270825739156
61.0 22.0 3.049656762183231 1.4707270825739156
61.0 22.0 3.3750000000000058 1.2975013651917147
61.0 22.0 3.049656762183231 1.4707270825739156
73.0 26.0 3.7350514789885905 1.546147580980601
77.0 25.0 4.133513940946621 1.5638525947013924
77.0 25.0 4.133513940946621 1.5638525947013924
77.0 25.0 4.133513940946621 1.5638525947013924
79.0 33.0 3.0496567621832313 1.566615732528665
79.0 33.0 3.0496567621832313 1.566615732528665
79.0 33.0 3.0496567621832313 1.566615732528665
85.0 29.0 4.133513940946621 1.4421626550713385
85.0 29.0 4.133513940946621 1.4421626550713385
85.0 29.0 4.133513940946621 1.4421626550713385
85.0 29.0 4.133513940946621 1.4421626550713385
85.0 25.0 4.574485143274846 1.632843697180868
85.0 25.0 4.574485143274846 1.632843697180868
85.0 25.0 4.574485143274846 1.632843697180868
85.0 25.0 4.574485143274846 1.632843697180868
85.0 31.0 3.375000000000006 1.3141434450399672
87.0 22.0 4.574485143274846 1.4514576122685097
91.0 31.0 3.3750000000000053 1.2414235180568836
91.0 31.0 3.3750000000000053 1.2414235180568836
91.0 31.0 3.3750000000000053 1.2414235180568836
91.0 31.0 3.3750000000000053 1.2414235180568836
91.0 23.0 4.133513940946621 1.28498077283838
95.0 30.0 3.7350514789885927 1.2554990783872517
95.0 30.0 3.7350514789885927 1.2554990783872517
95.0 29.0 3.735051478988592 1.3062529073159284
99.0 23.0 4.795790545596741 1.629215922821876
103.0 33.0 4.133513940946622 1.269445843332191
103.0 33.0 4.133513940946622 1.269445843332191
103.0 33.0 4.133513940946622 1.269445843332191
109.0 32.0 4.795790545596741 1.364261546134941
113.0 37.0 4.133513940946625 1.233300779262017
119.0 33.0 4.133513940946623 1.2493279428563122
121.0 31.0 4.795790545596741 1.41506529844616
121.0 31.0 4.795790545596741 1.41506529844616
121.0 31.0 4.795790545596741 1.41506529844616
121.0 31.0 4.795790545596741 1.41506529844616
135.0 32.0 4.795790545596741 1.274047752797348
135.0 32.0 4.795790545596741 1.3557357269908812
135.0 32.0 4.795790545596741 1.274047752797348
135.0 32.0 4.795790545596741 1.274047752797348
135.0 32.0 4.795790545596741 1.3557357269908812
135.0 32.0 4.795790545596741 1.3557357269908812
137.0 36.0 4.795790545596741 1.3066727466953825
171.0 45.0 4.795790545596741 1.3630340234858476
171.0 45.0 4.795790545596741 1.3630340234858476
173.0 39.0 4.795790545596741 1.5555145880152126
173.0 39.0 4.795790545596741 1.5555145880152126
173.0 39.0 4.795790545596741 1.5555145880152126
173.0 39.0 4.795790545596741 1.5555145880152126
187.0 45.0 4.795790545596741 1.2649601423003136
187.0 45.0 4.795790545596741 1.2649601423003136
187.0 45.0 4.795790545596741 1.2649601423003136
187.0 45.0 4.795790545596741 1.2649601423003136
