rev1.1
1421983.0 253328.0 23.02587092984046
1424475.0 253453.0 23.02587092984046
1426403.0 254395.0 23.02587092984046
1432155.0 252552.0 23.02587092984046
1433855.0 252053.0 23.02587092984046
1434507.0 252256.0 23.02587092984046
1434543.0 253972.0 23.02587092984046
1441945.0 253541.0 23.02587092984046
1444501.0 252741.0 23.02587092984046
1446819.0 254455.0 23.02587092984046
1447753.0 252390.0 23.02587092984046
1459617.0 253980.0 23.02587092984046
1471481.0 254469.0 23.02587092984046
1471795.0 254685.0 23.02587092984046
1474775.0 255144.0 23.02587092984046
1475049.0 252973.0 23.02587092984046
1475567.0 254178.0 23.02587092984046
1478277.0 254811.0 23.02587092984046
1484835.0 253040.0 23.02587092984046
1492021.0 254560.0 23.02587092984046
1492483.0 253275.0 23.02587092984046
1499973.0 253792.0 23.02587092984046
1502221.0 253327.0 23.02587092984046
1508445.0 254260.0 23.02587092984046
1513935.0 254800.0 23.02587092984046
1515237.0 254293.0 23.02587092984046
1518297.0 255790.0 23.02587092984046
1521993.0 256054.0 23.02587092984046
1522541.0 255760.0 23.02587092984046
1524451.0 256630.0 23.02587092984046
1525013.0 255651.0 23.02587092984046
1526405.0 256414.0 23.02587092984046
1526939.0 255598.0 23.02587092984046
1527425.0 254284.0 23.02587092984046
1529771.0 256330.0 23.02587092984046
1531705.0 252897.0 23.02587092984046
1532559.0 254336.0 23.02587092984046
1542597.0 256061.0 23.02587092984046
1543765.0 256181.0 23.02587092984046
1545869.0 256010.0 23.02587092984046
1546887.0 256289.0 23.02587092984046
1547321.0 256537.0 23.02587092984046
1551497.0 256686.0 23.02587092984046
1552965.0 257177.0 23.02587092984046
1554139.0 256673.0 23.02587092984046
1559137.0 254852.0 23.02587092984046
1559605.0 257175.0 23.02587092984046
1560001.0 256324.0 23.02587092984046
1561281.0 255986.0 23.02587092984046
1561305.0 254580.0 23.02587092984046
1561591.0 256698.0 23.02587092984046
1564519.0 255552.0 23.02587092984046
1567281.0 254571.0 23.02587092984046
1567581.0 256222.0 23.02587092984046
1567941.0 257092.0 23.02587092984046
1568431.0 255909.0 23.02587092984046
1569781.0 257107.0 23.02587092984046
1570553.0 255079.0 23.02587092984046
1573931.0 257078.0 23.02587092984046
1574359.0 256411.0 23.02587092984046
1581347.0 257373.0 23.02587092984046
1582231.0 256381.0 23.02587092984046
1583877.0 256535.0 23.02587092984046
1584139.0 258349.0 23.02587092984046
1595427.0 258052.0 23.02587092984046
1600155.0 258357.0 23.02587092984046
1608747.0 257469.0 23.02587092984046
1609949.0 257177.0 23.02587092984046
1611149.0 257169.0 23.02587092984046
1613583.0 257498.0 23.02587092984046
1615429.0 256606.0 23.02587092984046
1619517.0 259009.0 23.02587092984046
1621785.0 257533.0 23.02587092984046
1624371.0 257786.0 23.02587092984046
1627085.0 257662.0 23.02587092984046
1628013.0 257237.0 23.02587092984046
1631121.0 256147.0 23.02587092984046
1645527.0 257484.0 23.02587092984046
1648641.0 256598.0 23.02587092984046
1655463.0 259091.0 23.02587092984046
1656483.0 258113.0 23.02587092984046
1662101.0 257645.0 23.02587092984046
1662157.0 257660.0 23.02587092984046
1664283.0 259361.0 23.02587092984046
1664935.0 257509.0 23.02587092984046
1666281.0 257526.0 23.02587092984046
1678203.0 258859.0 23.02587092984046
1688369.0 257801.0 23.02587092984046
1700783.0 259116.0 23.02587092984046
1703959.0 259499.0 23.02587092984046
1744493.0 259611.0 23.02587092984046
1759669.0 259564.0 23.02587092984046
1762743.0 258370.0 23.02587092984046
1763355.0 259852.0 23.02587092984046
1767875.0 260596.0 23.02587092984046
1774063.0 259146.0 23.02587092984046
1789785.0 261109.0 23.02587092984046
1810649.0 261464.0 23.02587092984046
1818209.0 260946.0 23.02587092984046
1973009.0 264036.0 23.02587092984046
