rev1.1
108219.0 20516.0 18.02207082028363
109489.0 21194.0 18.02207082028363
110141.0 20741.0 18.02207082028363
110655.0 20927.0 18.02207082028363
110765.0 20724.0 18.02207082028363
111485.0 20799.0 18.02207082028363
111763.0 21238.0 18.02207082028363
111917.0 21007.0 18.02207082028363
112169.0 21129.0 18.02207082028363
112377.0 20738.0 18.02207082028363
112653.0 21125.0 18.02207082028363
112669.0 20843.0 18.02207082028363
113147.0 21451.0 18.02207082028363
113265.0 21019.0 18.02207082028363
113445.0 21288.0 18.02207082028363
113505.0 21036.0 18.02207082028363
113521.0 21438.0 18.02207082028363
113673.0 20875.0 18.02207082028363
113813.0 20797.0 18.02207082028363
113931.0 20778.0 18.02207082028363
114371.0 20758.0 18.02207082028363
115401.0 21272.0 18.02207082028363
115499.0 20960.0 18.02207082028363
115839.0 21525.0 18.02207082028363
115975.0 21349.0 18.02207082028363
115985.0 21422.0 18.02207082028363
116439.0 21386.0 18.02207082028363
116595.0 20819.0 18.02207082028363
116609.0 21014.0 18.02207082028363
116845.0 21421.0 18.02207082028363
117037.0 21529.0 18.02207082028363
117313.0 21212.0 18.02207082028363
117431.0 21328.0 18.02207082028363
117437.0 21544.0 18.02207082028363
117795.0 21488.0 18.02207082028363
118447.0 21124.0 18.02207082028363
118549.0 21445.0 18.02207082028363
118561.0 21592.0 18.02207082028363
118763.0 21498.0 18.02207082028363
119155.0 21260.0 18.02207082028363
119355.0 21275.0 18.02207082028363
119791.0 21287.0 18.02207082028363
120157.0 21656.0 18.02207082028363
120213.0 21621.0 18.02207082028363
120219.0 21319.0 18.02207082028363
120341.0 21513.0 18.02207082028363
120607.0 20930.0 18.02207082028363
120647.0 21157.0 18.02207082028363
120973.0 21212.0 18.02207082028363
121199.0 21325.0 18.02207082028363
121241.0 21760.0 18.02207082028363
121919.0 21520.0 18.02207082028363
122169.0 21250.0 18.02207082028363
122253.0 21437.0 18.02207082028363
122499.0 21206.0 18.02207082028363
122579.0 21835.0 18.02207082028363
122637.0 21732.0 18.02207082028363
122737.0 21727.0 18.02207082028363
122789.0 21476.0 18.02207082028363
122949.0 21529.0 18.02207082028363
123031.0 21548.0 18.02207082028363
123417.0 21517.0 18.02207082028363
123707.0 21803.0 18.02207082028363
123723.0 21466.0 18.02207082028363
123827.0 21747.0 18.02207082028363
123985.0 22055.0 18.02207082028363
124163.0 21043.0 18.02207082028363
124485.0 21213.0 18.02207082028363
125521.0 21477.0 18.02207082028363
125673.0 21729.0 18.02207082028363
125941.0 21884.0 18.02207082028363
126219.0 21755.0 18.02207082028363
126275.0 21461.0 18.02207082028363
126817.0 21696.0 18.02207082028363
128381.0 21834.0 18.02207082028363
128933.0 21421.0 18.02207082028363
129343.0 21671.0 18.02207082028363
129535.0 21684.0 18.02207082028363
129807.0 21148.0 18.02207082028363
130345.0 21750.0 18.02207082028363
130583.0 21518.0 18.02207082028363
130737.0 21916.0 18.02207082028363
130757.0 21901.0 18.02207082028363
131353.0 21211.0 18.02207082028363
132145.0 21821.0 18.02207082028363
132193.0 21845.0 18.02207082028363
133781.0 21572.0 18.02207082028363
134015.0 21797.0 18.02207082028363
135881.0 22169.0 18.02207082028363
137217.0 21430.0 18.02207082028363
138015.0 22285.0 18.02207082028363
138593.0 21907.0 18.02207082028363
139233.0 22160.0 18.02207082028363
140957.0 22310.0 18.02207082028363
145425.0 21984.0 18.02207082028363
148695.0 21987.0 18.02207082028363
149387.0 22055.0 18.02207082028363
150599.0 22354.0 18.02207082028363
152421.0 22285.0 18.02207082028363
159349.0 22842.0 18.02207082028363
