117 46 3
117 46 3
117 46 3
171 54 5
183 63 3
209 70 4
239 70 5
241 70 4
247 89 3
251 84 4
253 85 4
257 70 6
263 57 5
275 81 4
287 84 5
287 95 6
287 95 6
287 95 6
287 92 6
293 71 6
305 82 5
307 93 3
313 62 6
317 93 5
321 68 6
321 89 6
321 89 6
321 89 6
323 71 6
325 83 5
345 84 6
345 94 6
345 89 5
355 88 6
357 95 5
361 90 6
377 98 5
377 83 5
379 94 5
379 70 6
381 93 6
383 99 6
385 112 5
385 112 5
385 112 5
387 101 6
391 92 6
391 123 6
391 83 6
391 83 6
391 83 6
395 84 6
395 84 6
395 84 6
397 100 6
397 100 6
397 100 6
397 97 5
405 93 6
405 108 6
405 108 6
405 108 6
407 121 5
407 121 5
407 121 5
407 89 5
425 86 6
427 80 6
429 97 6
435 122 6
437 106 4
441 109 6
449 93 6
453 103 6
471 112 6
473 91 6
485 93 6
515 102 6
515 102 6
515 102 6
519 115 5
519 115 5
519 115 5
545 102 6
555 108 6
557 112 6
661 130 6
761 102 6
777 113 6
1615 188 6
2181 231 6
2475 249 6
2475 249 6
2475 249 6
12693 1120 6
28761 2447 6
43279 3664 6
54031 4553 6
58871 4965 6
60155 5064 6
