rev1.1
24687.0 5385.0 15.2502142964778
24987.0 5301.0 15.2502142964778
25825.0 5020.0 15.2502142964778
25969.0 5299.0 15.2502142964778
26157.0 5126.0 15.2502142964778
26239.0 5549.0 15.2502142964778
26313.0 5303.0 15.2502142964778
26315.0 5318.0 15.2502142964778
26355.0 5438.0 15.2502142964778
26371.0 5384.0 15.2502142964778
26411.0 5347.0 15.2502142964778
26441.0 5338.0 15.2502142964778
26461.0 5442.0 15.2502142964778
26661.0 5353.0 15.2502142964778
26773.0 5650.0 15.2502142964778
26835.0 5306.0 15.2502142964778
26873.0 5219.0 15.2502142964778
27007.0 5357.0 15.2502142964778
27023.0 5326.0 15.2502142964778
27041.0 5337.0 15.2502142964778
27139.0 5126.0 15.2502142964778
27139.0 5381.0 15.2502142964778
27143.0 5205.0 15.2502142964778
27181.0 5479.0 15.2502142964778
27205.0 5256.0 15.2502142964778
27311.0 5119.0 15.2502142964778
27351.0 5295.0 15.2502142964778
27389.0 5164.0 15.2502142964778
27395.0 5228.0 15.2502142964778
27407.0 5272.0 15.2502142964778
27531.0 5386.0 15.2502142964778
27549.0 5541.0 15.2502142964778
27575.0 5241.0 15.2502142964778
27587.0 5424.0 15.2502142964778
27695.0 5344.0 15.2502142964778
27709.0 5337.0 15.2502142964778
27919.0 5525.0 15.2502142964778
27921.0 5386.0 15.2502142964778
27941.0 5356.0 15.2502142964778
27943.0 5231.0 15.2502142964778
27995.0 5509.0 15.2502142964778
28001.0 5283.0 15.2502142964778
28085.0 5500.0 15.2502142964778
28179.0 5510.0 15.2502142964778
28253.0 5519.0 15.2502142964778
28309.0 5648.0 15.2502142964778
28321.0 5386.0 15.2502142964778
28325.0 5475.0 15.2502142964778
28369.0 5283.0 15.2502142964778
28377.0 5443.0 15.2502142964778
28473.0 5262.0 15.2502142964778
28511.0 5513.0 15.2502142964778
28539.0 5175.0 15.2502142964778
28591.0 5498.0 15.2502142964778
28901.0 5549.0 15.2502142964778
29027.0 5603.0 15.2502142964778
29125.0 5460.0 15.2502142964778
29185.0 5441.0 15.2502142964778
29201.0 5421.0 15.2502142964778
29307.0 5394.0 15.2502142964778
29395.0 5630.0 15.2502142964778
29433.0 5453.0 15.2502142964778
29501.0 5351.0 15.2502142964778
29663.0 5707.0 15.2502142964778
29711.0 5698.0 15.2502142964778
29791.0 5647.0 15.2502142964778
29915.0 5624.0 15.2502142964778
30019.0 5436.0 15.2502142964778
30065.0 5616.0 15.2502142964778
30065.0 5463.0 15.2502142964778
30107.0 5866.0 15.2502142964778
30199.0 5553.0 15.2502142964778
30289.0 5410.0 15.2502142964778
30381.0 5446.0 15.2502142964778
30401.0 5508.0 15.2502142964778
30497.0 5577.0 15.2502142964778
30531.0 5458.0 15.2502142964778
30819.0 5592.0 15.2502142964778
30831.0 5549.0 15.2502142964778
30917.0 5618.0 15.2502142964778
30979.0 5524.0 15.2502142964778
31119.0 5742.0 15.2502142964778
31319.0 5507.0 15.2502142964778
31373.0 5567.0 15.2502142964778
31751.0 5595.0 15.2502142964778
31997.0 5523.0 15.2502142964778
32161.0 5472.0 15.2502142964778
32697.0 6000.0 15.2502142964778
33053.0 6031.0 15.2502142964778
33611.0 5600.0 15.2502142964778
33715.0 5621.0 15.2502142964778
33785.0 5502.0 15.2502142964778
34061.0 5845.0 15.2502142964778
34729.0 5429.0 15.2502142964778
34769.0 5937.0 15.2502142964778
34815.0 5736.0 15.2502142964778
35245.0 5901.0 15.2502142964778
36537.0 5688.0 15.2502142964778
37303.0 5626.0 15.2502142964778
46017.0 6273.0 15.2502142964778
