2949.0 778.0 10.292591572368536 2.621171166332506
3059.0 740.0 11.41422052949775 2.4942391829772848
3137.0 709.0 11.41422052949775 2.549128524424215
3225.0 751.0 11.390625000000263 2.5161482811887645
3305.0 768.0 10.292591572368671 2.6853878039318686
3351.0 744.0 11.41422052949775 2.6827581682389066
3385.0 745.0 11.390625000000279 2.682996617218079
3403.0 729.0 11.41422052949775 2.6290308188665903
3409.0 827.0 11.41422052949775 2.713633572652503
3439.0 730.0 11.41422052949775 2.554139984828431
3453.0 848.0 11.41422052949775 2.3585373682753428
3461.0 790.0 11.41422052949775 2.57890676611052
3463.0 749.0 11.41422052949775 2.688882958527383
3529.0 793.0 11.41422052949775 2.484958168568628
3549.0 777.0 11.41422052949775 2.544123453623124
3559.0 788.0 11.41422052949775 2.691213224061258
3561.0 770.0 11.41422052949775 2.717754509409054
3561.0 751.0 11.41422052949775 2.5564017699408015
3605.0 829.0 11.41422052949775 2.5792803384003986
3619.0 784.0 11.41422052949775 2.651440253840352
3627.0 830.0 11.41422052949775 2.7080472820754697
3645.0 722.0 11.41422052949775 2.3654806555827177
3715.0 882.0 11.41422052949775 2.947916449276349
3719.0 810.0 11.41422052949775 2.5318195867955122
3721.0 783.0 11.41422052949775 2.838727286917349
3733.0 727.0 11.41422052949775 2.5483172437009385
3769.0 801.0 11.41422052949775 2.757957894080779
3821.0 804.0 11.41422052949775 2.6332310426197445
3827.0 747.0 11.41422052949775 2.3836196326698147
3845.0 831.0 11.41422052949775 2.9275143252435107
3853.0 854.0 11.41422052949775 2.7933560725731157
3909.0 779.0 11.41422052949775 2.6914628992586436
3921.0 844.0 11.41422052949775 2.8005011250235152
3935.0 835.0 11.41422052949775 2.873881533232812
3937.0 806.0 11.41422052949775 2.7913032748601583
3943.0 769.0 11.41422052949775 2.4280170853079706
3981.0 832.0 11.41422052949775 2.4947913950197065
3987.0 845.0 11.41422052949775 2.747646553799604
4015.0 782.0 11.41422052949775 2.58767256550293
4023.0 803.0 11.41422052949775 2.451800085290131
4043.0 854.0 11.41422052949775 2.634527982648318
4085.0 825.0 11.41422052949775 2.826722656679821
4093.0 848.0 11.41422052949775 2.574597110212515
4125.0 844.0 11.41422052949775 2.4379006304977966
4133.0 919.0 11.41422052949775 2.806361091066009
4141.0 844.0 11.41422052949775 2.655586800224862
4153.0 753.0 11.41422052949775 2.5951577540340947
4153.0 703.0 11.41422052949775 2.475770281846611
4159.0 833.0 11.41422052949775 2.5664959594744863
4177.0 880.0 11.41422052949775 2.7894764687938784
4199.0 823.0 11.41422052949775 2.5741063838366856
4205.0 891.0 11.41422052949775 2.887046768659471
4227.0 887.0 11.41422052949775 2.840111509375668
4239.0 902.0 11.41422052949775 2.9306621590162028
4241.0 835.0 11.41422052949775 2.6876909129949835
4289.0 808.0 11.41422052949775 2.5616026353535704
4303.0 861.0 11.41422052949775 2.934792753402071
4321.0 790.0 11.41422052949775 2.693216322438258
4373.0 801.0 11.41422052949775 2.5932421108761017
4387.0 796.0 11.41422052949775 2.7637610089507594
4413.0 965.0 11.41422052949775 2.7745887479426665
4445.0 825.0 11.41422052949775 2.4355254897702556
4473.0 904.0 11.41422052949775 2.974277476871103
4477.0 846.0 11.41422052949775 2.4573641212060093
4507.0 869.0 11.41422052949775 2.712742344252282
4513.0 864.0 11.41422052949775 2.62067595279813
4519.0 823.0 11.41422052949775 2.7019240235176025
4529.0 841.0 11.41422052949775 2.7443919037692606
4533.0 899.0 11.41422052949775 2.750151364270348
4537.0 804.0 11.41422052949775 2.6851743701907806
4547.0 843.0 11.41422052949775 2.60399431974082
4565.0 827.0 11.41422052949775 2.5738214769966516
4569.0 796.0 11.41422052949775 2.693933762232508
4631.0 890.0 11.41422052949775 2.8037942530463265
4639.0 940.0 11.41422052949775 2.7507506607302457
4639.0 869.0 11.41422052949775 2.9037115689268647
4639.0 946.0 11.41422052949775 2.9495955517406225
4647.0 906.0 11.41422052949775 2.7408307688474216
4677.0 850.0 11.41422052949775 2.49748330672823
4747.0 940.0 11.41422052949775 2.6684742977828178
4771.0 901.0 11.41422052949775 2.5917898264515675
4781.0 908.0 11.41422052949775 2.978736691873759
4837.0 891.0 11.41422052949775 2.7413676449261244
4855.0 835.0 11.41422052949775 2.745714884424122
4861.0 833.0 11.41422052949775 2.6463112399997195
4897.0 887.0 11.41422052949775 2.8895417141454764
4913.0 869.0 11.41422052949775 2.469219082881824
5035.0 950.0 11.41422052949775 3.0073876645912114
5103.0 882.0 11.41422052949775 2.622431050564594
5125.0 867.0 11.41422052949775 2.7422346082817337
5163.0 917.0 11.41422052949775 2.734311662637859
5193.0 832.0 11.41422052949775 2.3110427513284755
5235.0 998.0 11.41422052949775 2.71912906332076
5279.0 896.0 11.41422052949775 2.932806930248358
5403.0 925.0 11.41422052949775 2.5387141922270398
5415.0 1036.0 11.41422052949775 2.677302471023117
5515.0 929.0 11.41422052949775 2.4870050846794265
5731.0 916.0 11.41422052949775 2.5368215094872695
5913.0 919.0 11.41422052949775 2.9208938305300385
6605.0 935.0 11.41422052949775 2.5968110952013936
