rev1.1
10697.0 2623.0 13.81750955863044
11617.0 2445.0 13.81750955863044
11765.0 2649.0 13.81750955863044
12193.0 2643.0 13.81750955863044
12431.0 2720.0 13.81750955863044
12543.0 2589.0 13.81750955863044
12595.0 2728.0 13.81750955863044
12637.0 2622.0 13.81750955863044
12683.0 2691.0 13.81750955863044
12717.0 2641.0 13.81750955863044
12727.0 2602.0 13.81750955863044
12757.0 2600.0 13.81750955863044
12887.0 2587.0 13.81750955863044
12913.0 2678.0 13.81750955863044
12921.0 2656.0 13.81750955863044
12939.0 2574.0 13.81750955863044
13021.0 2578.0 13.81750955863044
13021.0 2647.0 13.81750955863044
13035.0 2553.0 13.81750955863044
13061.0 2575.0 13.81750955863044
13105.0 2675.0 13.81750955863044
13147.0 2833.0 13.81750955863044
13191.0 2587.0 13.81750955863044
13207.0 2784.0 13.81750955863044
13213.0 2676.0 13.81750955863044
13295.0 2741.0 13.81750955863044
13329.0 2571.0 13.81750955863044
13347.0 2634.0 13.81750955863044
13389.0 2596.0 13.81750955863044
13413.0 2789.0 13.81750955863044
13473.0 2685.0 13.81750955863044
13475.0 2592.0 13.81750955863044
13479.0 2676.0 13.81750955863044
13529.0 2555.0 13.81750955863044
13535.0 2560.0 13.81750955863044
13547.0 2679.0 13.81750955863044
13591.0 2751.0 13.81750955863044
13637.0 2728.0 13.81750955863044
13685.0 2672.0 13.81750955863044
13693.0 2591.0 13.81750955863044
13715.0 2567.0 13.81750955863044
13743.0 2761.0 13.81750955863044
13775.0 2771.0 13.81750955863044
13779.0 2551.0 13.81750955863044
13789.0 2778.0 13.81750955863044
13863.0 2625.0 13.81750955863044
13865.0 2654.0 13.81750955863044
13867.0 2666.0 13.81750955863044
13901.0 2764.0 13.81750955863044
13965.0 2667.0 13.81750955863044
13995.0 2917.0 13.81750955863044
14069.0 2652.0 13.81750955863044
14095.0 2688.0 13.81750955863044
14105.0 2698.0 13.81750955863044
14131.0 2698.0 13.81750955863044
14155.0 2725.0 13.81750955863044
14169.0 2769.0 13.81750955863044
14193.0 2729.0 13.81750955863044
14285.0 2792.0 13.81750955863044
14319.0 2705.0 13.81750955863044
14345.0 2826.0 13.81750955863044
14375.0 2697.0 13.81750955863044
14395.0 2691.0 13.81750955863044
14451.0 2703.0 13.81750955863044
14455.0 2700.0 13.81750955863044
14469.0 2845.0 13.81750955863044
14521.0 2778.0 13.81750955863044
14523.0 2673.0 13.81750955863044
14585.0 2542.0 13.81750955863044
14599.0 2634.0 13.81750955863044
14635.0 2548.0 13.81750955863044
14655.0 2770.0 13.81750955863044
14671.0 2582.0 13.81750955863044
14711.0 2538.0 13.81750955863044
14741.0 2924.0 13.81750955863044
14857.0 2718.0 13.81750955863044
14933.0 2762.0 13.81750955863044
14973.0 2717.0 13.81750955863044
15109.0 2653.0 13.81750955863044
15157.0 2836.0 13.81750955863044
15163.0 2815.0 13.81750955863044
15407.0 2837.0 13.81750955863044
15545.0 2814.0 13.81750955863044
15667.0 2899.0 13.81750955863044
15709.0 2965.0 13.81750955863044
15989.0 2938.0 13.81750955863044
16033.0 2784.0 13.81750955863044
16107.0 2676.0 13.81750955863044
16351.0 3001.0 13.81750955863044
16387.0 2815.0 13.81750955863044
16397.0 2758.0 13.81750955863044
16421.0 2743.0 13.81750955863044
16565.0 2799.0 13.81750955863044
16569.0 2901.0 13.81750955863044
16607.0 2781.0 13.81750955863044
16921.0 2620.0 13.81750955863044
16933.0 2875.0 13.81750955863044
17329.0 2773.0 13.81750955863044
17393.0 2996.0 13.81750955863044
18433.0 3084.0 13.81750955863044
