15 8 1
19 10 1
21 10 2
33 17 1
35 18 1
37 19 1
43 21 2
43 18 2
45 21 2
47 20 2
47 20 2
49 23 2
49 23 2
57 24 2
57 24 2
59 28 2
59 20 3
61 23 3
65 29 2
67 31 2
67 20 4
67 23 3
67 30 2
69 26 3
71 25 3
73 31 2
75 29 3
75 27 2
77 28 3
77 24 3
77 27 3
79 31 3
81 27 3
81 27 4
83 31 3
83 32 2
83 24 4
83 25 3
85 32 3
87 39 2
89 33 3
89 35 3
91 31 4
93 34 3
93 38 2
95 45 2
95 22 4
97 26 4
99 28 4
103 32 4
103 37 4
103 27 4
107 31 4
109 35 3
109 36 3
117 33 4
121 40 3
121 33 4
123 34 4
125 42 4
125 41 4
129 42 4
129 34 4
129 41 4
135 41 3
139 34 4
151 33 4
151 46 4
153 43 4
155 42 4
161 38 4
161 42 4
163 40 4
163 41 4
165 33 4
165 38 4
171 42 4
171 38 4
173 50 4
175 49 4
175 40 4
181 49 4
187 41 4
187 44 4
195 45 4
203 39 4
217 52 4
221 47 4
225 45 4
261 46 4
267 60 4
277 54 4
291 56 4
291 55 4
309 63 4
323 60 4
327 69 4
335 60 4
343 58 4
367 61 4
