811.0 220.0 5.062500000000034 2.200626191219109
849.0 217.0 9.23024103368252 1.9449887454041068
879.0 224.0 9.23024103368252 1.9792676618662395
917.0 229.0 8.403865827724415 1.9258184734123553
935.0 242.0 7.593750000000045 1.9974289279999953
955.0 261.0 7.593750000000083 1.9701290897763535
1001.0 219.0 9.23024103368252 1.868989266069611
1023.0 276.0 8.40386582772442 1.9563658183132275
1049.0 274.0 8.40386582772437 2.261307836452879
1051.0 227.0 8.403865827724413 2.1182467701948826
1087.0 238.0 9.23024103368252 2.2838860763657585
1091.0 257.0 9.23024103368252 2.160468604758423
1091.0 293.0 6.200270911420044 2.3022089972266193
1103.0 273.0 6.200270911420004 2.1618833619400046
1121.0 266.0 8.403865827724452 2.2537118150454574
1131.0 272.0 9.23024103368252 1.8856712139501577
1139.0 267.0 9.23024103368252 1.8829419002362682
1155.0 287.0 6.200270911420037 2.0636109875073796
1157.0 240.0 9.23024103368252 2.024924243907714
1163.0 286.0 8.403865827724438 2.2469936699200095
1169.0 285.0 7.593750000000113 2.122536351904459
1199.0 276.0 9.23024103368252 1.9862393845010147
1205.0 226.0 9.23024103368252 2.274808304504391
1227.0 325.0 7.593750000000094 2.3537057098708005
1239.0 268.0 9.23024103368252 2.138239494667348
1247.0 254.0 9.23024103368252 2.157725195537021
1247.0 281.0 7.593750000000072 2.410784439705804
1269.0 300.0 8.403865827724438 2.0687483230272483
1279.0 251.0 9.23024103368252 2.0346421312216
1279.0 272.0 9.23024103368252 2.0289249383098764
1281.0 345.0 5.602577218482918 2.373378762379552
1313.0 296.0 9.23024103368252 2.118674744926919
1321.0 293.0 9.23024103368252 2.0703688709308454
1351.0 263.0 9.23024103368252 1.7901845718485825
1357.0 283.0 9.23024103368252 2.2150842358417733
1357.0 331.0 7.593750000000078 2.3034755485315968
1359.0 278.0 9.23024103368252 2.3106621228851036
1363.0 280.0 9.23024103368252 2.4754840083108505
1365.0 292.0 9.23024103368252 2.3826523869793115
1367.0 319.0 9.23024103368252 2.1976606277260333
1369.0 267.0 9.23024103368252 1.8828390332613103
1371.0 264.0 9.23024103368252 2.1600058609963018
1387.0 295.0 9.23024103368252 1.9405974376975876
1389.0 293.0 9.23024103368252 2.2888360253221913
1401.0 251.0 9.23024103368252 1.99207927156482
1413.0 316.0 9.23024103368252 2.2411508816998866
1419.0 268.0 9.23024103368252 1.8150014323096142
1419.0 318.0 9.23024103368252 2.289912721369819
1421.0 288.0 9.23024103368252 2.6703512673197167
1423.0 335.0 6.200270911420029 2.3144988224553007
1427.0 277.0 9.23024103368252 2.070659390724969
1427.0 283.0 9.23024103368252 2.3848787442285477
1431.0 326.0 9.23024103368252 1.8500331475037546
1431.0 327.0 9.23024103368252 2.267292224439401
1437.0 277.0 9.23024103368252 2.2111493344349493
1443.0 323.0 8.403865827724442 2.447752600970699
1453.0 341.0 9.23024103368252 2.304539556181671
1457.0 325.0 8.403865827724388 2.340909122408561
1469.0 323.0 9.23024103368252 2.4452923072724677
1481.0 295.0 9.23024103368252 2.237527782141087
1485.0 295.0 9.23024103368252 1.8737745906031544
1489.0 319.0 9.23024103368252 2.106811274429288
1493.0 262.0 9.23024103368252 1.7754482885802814
1493.0 321.0 6.861727714912298 2.2138502231524075
1497.0 281.0 9.23024103368252 2.1076628119041922
1515.0 290.0 9.23024103368252 1.9740507131187304
1519.0 303.0 9.23024103368252 2.2536535650094844
1523.0 255.0 9.23024103368252 2.0370367962415403
1527.0 309.0 9.23024103368252 1.9897744930301748
1527.0 338.0 9.23024103368252 2.115739137338529
1537.0 283.0 9.23024103368252 2.4097986370335036
1551.0 353.0 9.23024103368252 2.596785659852456
1551.0 345.0 9.23024103368252 2.383384113611678
1551.0 322.0 9.23024103368252 2.1538381432096756
1575.0 335.0 9.23024103368252 2.242310345843492
1575.0 294.0 9.23024103368252 2.439943006405665
1589.0 327.0 9.23024103368252 3.0134715053350294
1609.0 314.0 9.23024103368252 2.4714793502138557
1611.0 317.0 9.23024103368252 2.146444127635512
1621.0 341.0 9.23024103368252 2.217234196214707
1633.0 291.0 9.23024103368252 2.271846569535158
1635.0 262.0 9.23024103368252 2.2385580530884135
1651.0 286.0 9.23024103368252 1.8063171919191325
1697.0 331.0 9.23024103368252 2.5746534783034343
1709.0 356.0 9.23024103368252 2.2790324808511087
1713.0 332.0 9.23024103368252 2.297833302453623
1721.0 316.0 9.23024103368252 2.725015412990938
1721.0 343.0 9.23024103368252 2.4749493991640317
1761.0 327.0 9.23024103368252 2.0806649510862774
1847.0 357.0 9.23024103368252 2.2504011561106743
1853.0 341.0 9.23024103368252 2.1420709954949584
1909.0 285.0 9.23024103368252 1.9628080721123875
1961.0 358.0 9.23024103368252 2.2926971591416905
1977.0 336.0 9.23024103368252 2.8879363807532217
1981.0 340.0 9.23024103368252 2.1434014581837464
2001.0 337.0 9.23024103368252 2.3143305826071328
2103.0 358.0 9.23024103368252 2.3952844605891324
2281.0 384.0 9.23024103368252 2.6904064913004437
2361.0 335.0 9.23024103368252 3.458132178205523
2413.0 397.0 9.23024103368252 2.7367036260307818
