420489 76437 20
420489 76437 20
420489 76437 20
420489 76437 20
433291 77009 20
433291 77009 20
433291 77009 20
433291 77009 20
435961 77212 20
435961 77212 20
435961 77212 20
435961 77212 20
440039 76815 20
440039 76815 20
440039 76815 20
440039 76815 20
441885 77221 20
441885 77221 20
441885 77221 20
441885 77221 20
444511 77354 20
444511 77354 20
444511 77354 20
444511 77354 20
445807 77496 20
445807 77496 20
445807 77496 20
445807 77496 20
447149 78315 20
447149 78315 20
447149 78315 20
447149 78315 20
447579 77708 20
447579 77708 20
447579 77708 20
447579 77708 20
450393 78107 20
450393 78107 20
450393 78107 20
450393 78107 20
452839 77596 20
452839 77596 20
452839 77596 20
452839 77596 20
452899 78359 20
452899 78359 20
452899 78359 20
452899 78359 20
453297 77278 20
453297 77278 20
453297 77278 20
453297 77278 20
469581 78101 20
469581 78101 20
469581 78101 20
469581 78101 20
472185 78385 20
472185 78385 20
472185 78385 20
472185 78385 20
472499 78541 20
472499 78541 20
472499 78541 20
472499 78541 20
472579 77929 20
472579 77929 20
472579 77929 20
472579 77929 20
491003 78257 20
491003 78257 20
491003 78257 20
491003 78257 20
495467 78823 20
495467 78823 20
495467 78823 20
495467 78823 20
498275 78075 20
498275 78075 20
498275 78075 20
498275 78075 20
502251 78458 20
502251 78458 20
502251 78458 20
502251 78458 20
506613 78545 20
506613 78545 20
506613 78545 20
506613 78545 20
521123 78593 20
521123 78593 20
521123 78593 20
521123 78593 20
522363 79477 20
522363 79477 20
522363 79477 20
522363 79477 20
565923 79940 20
565923 79940 20
565923 79940 20
565923 79940 20
