rev1.1
2469.0 610.0 10.292591572368627
2543.0 594.0 10.29259157236864
2755.0 613.0 11.09815216979044
2821.0 632.0 11.09815216979044
2843.0 595.0 11.09815216979044
2849.0 637.0 11.09815216979044
2865.0 632.0 11.09815216979044
2915.0 689.0 11.09815216979044
2921.0 707.0 11.09815216979044
2935.0 734.0 8.40386582772459
2965.0 755.0 11.09815216979044
2971.0 669.0 11.09815216979044
2993.0 649.0 11.09815216979044
3007.0 727.0 11.09815216979044
3007.0 661.0 11.09815216979044
3011.0 760.0 11.09815216979044
3029.0 743.0 11.09815216979044
3033.0 685.0 11.09815216979044
3045.0 735.0 11.09815216979044
3083.0 639.0 11.09815216979044
3087.0 672.0 11.09815216979044
3093.0 683.0 11.09815216979044
3095.0 670.0 11.09815216979044
3101.0 656.0 11.09815216979044
3123.0 670.0 11.09815216979044
3127.0 683.0 11.09815216979044
3153.0 588.0 11.09815216979044
3157.0 685.0 11.09815216979044
3167.0 718.0 11.09815216979044
3179.0 703.0 11.09815216979044
3185.0 685.0 11.09815216979044
3193.0 719.0 11.09815216979044
3193.0 723.0 11.09815216979044
3253.0 776.0 11.09815216979044
3259.0 694.0 11.09815216979044
3261.0 652.0 11.09815216979044
3271.0 659.0 11.09815216979044
3301.0 710.0 11.09815216979044
3307.0 747.0 11.09815216979044
3309.0 695.0 11.09815216979044
3311.0 663.0 11.09815216979044
3317.0 652.0 11.09815216979044
3333.0 695.0 11.09815216979044
3341.0 737.0 11.09815216979044
3361.0 669.0 11.09815216979044
3371.0 698.0 11.09815216979044
3383.0 760.0 11.09815216979044
3395.0 739.0 11.09815216979044
3395.0 723.0 11.09815216979044
3397.0 701.0 11.09815216979044
3405.0 676.0 11.09815216979044
3415.0 730.0 11.09815216979044
3431.0 753.0 11.09815216979044
3487.0 745.0 11.09815216979044
3491.0 700.0 11.09815216979044
3503.0 647.0 11.09815216979044
3507.0 747.0 11.09815216979044
3525.0 825.0 11.09815216979044
3531.0 743.0 11.09815216979044
3535.0 684.0 11.09815216979044
3543.0 700.0 11.09815216979044
3577.0 594.0 11.09815216979044
3595.0 713.0 11.09815216979044
3627.0 759.0 11.09815216979044
3653.0 735.0 11.09815216979044
3657.0 717.0 11.09815216979044
3703.0 750.0 11.09815216979044
3729.0 689.0 11.09815216979044
3735.0 756.0 11.09815216979044
3737.0 675.0 11.09815216979044
3745.0 674.0 11.09815216979044
3761.0 812.0 11.09815216979044
3787.0 740.0 11.09815216979044
3787.0 728.0 11.09815216979044
3799.0 669.0 11.09815216979044
3811.0 764.0 11.09815216979044
3831.0 737.0 11.09815216979044
3831.0 796.0 11.09815216979044
3891.0 718.0 11.09815216979044
3913.0 842.0 11.09815216979044
3935.0 730.0 11.09815216979044
3935.0 785.0 11.09815216979044
4023.0 849.0 11.09815216979044
4081.0 733.0 11.09815216979044
4129.0 723.0 11.09815216979044
4145.0 806.0 11.09815216979044
4183.0 856.0 11.09815216979044
4225.0 716.0 11.09815216979044
4247.0 736.0 11.09815216979044
4267.0 701.0 11.09815216979044
4303.0 810.0 11.09815216979044
4349.0 815.0 11.09815216979044
4441.0 819.0 11.09815216979044
4455.0 684.0 11.09815216979044
4525.0 719.0 11.09815216979044
4575.0 827.0 11.09815216979044
4603.0 889.0 11.09815216979044
4615.0 872.0 11.09815216979044
4775.0 808.0 11.09815216979044
4887.0 713.0 11.09815216979044
