rev1 +randomfix
129257.0 25393.0 18.420880733953034
131389.0 26261.0 18.420880733953034
132331.0 25490.0 18.420880733953034
134331.0 26003.0 18.420880733953034
134655.0 26126.0 18.420880733953034
135347.0 26172.0 18.420880733953034
135407.0 25739.0 18.420880733953034
135471.0 26009.0 18.420880733953034
135879.0 25714.0 18.420880733953034
136281.0 25822.0 18.420880733953034
136583.0 25990.0 18.420880733953034
136597.0 26053.0 18.420880733953034
137041.0 25854.0 18.420880733953034
137387.0 25901.0 18.420880733953034
137977.0 25726.0 18.420880733953034
138005.0 26439.0 18.420880733953034
138121.0 25893.0 18.420880733953034
138891.0 25615.0 18.420880733953034
138963.0 25413.0 18.420880733953034
138985.0 25632.0 18.420880733953034
139039.0 25590.0 18.420880733953034
139553.0 25643.0 18.420880733953034
139589.0 25750.0 18.420880733953034
139617.0 26233.0 18.420880733953034
140119.0 25997.0 18.420880733953034
141119.0 26240.0 18.420880733953034
141297.0 25782.0 18.420880733953034
141339.0 26269.0 18.420880733953034
141591.0 25944.0 18.420880733953034
141881.0 25585.0 18.420880733953034
143169.0 25958.0 18.420880733953034
143187.0 25985.0 18.420880733953034
143233.0 26079.0 18.420880733953034
143843.0 25422.0 18.420880733953034
143901.0 25952.0 18.420880733953034
144225.0 26371.0 18.420880733953034
144391.0 26124.0 18.420880733953034
144501.0 25876.0 18.420880733953034
144821.0 26031.0 18.420880733953034
144915.0 26205.0 18.420880733953034
146003.0 26331.0 18.420880733953034
146127.0 25750.0 18.420880733953034
146345.0 26648.0 18.420880733953034
146393.0 26165.0 18.420880733953034
146425.0 26253.0 18.420880733953034
146477.0 25617.0 18.420880733953034
146693.0 26150.0 18.420880733953034
147339.0 25446.0 18.420880733953034
147737.0 25944.0 18.420880733953034
147737.0 26076.0 18.420880733953034
147755.0 26225.0 18.420880733953034
147781.0 26445.0 18.420880733953034
148071.0 25954.0 18.420880733953034
148409.0 25926.0 18.420880733953034
149443.0 26032.0 18.420880733953034
150621.0 25761.0 18.420880733953034
150841.0 26126.0 18.420880733953034
151441.0 26155.0 18.420880733953034
152653.0 25973.0 18.420880733953034
152795.0 26214.0 18.420880733953034
153151.0 26252.0 18.420880733953034
153707.0 26471.0 18.420880733953034
153907.0 25776.0 18.420880733953034
154431.0 25863.0 18.420880733953034
154505.0 26804.0 18.420880733953034
154919.0 26223.0 18.420880733953034
155005.0 26802.0 18.420880733953034
155397.0 25903.0 18.420880733953034
155857.0 26062.0 18.420880733953034
155879.0 26190.0 18.420880733953034
156099.0 26510.0 18.420880733953034
156409.0 26595.0 18.420880733953034
156793.0 26589.0 18.420880733953034
156949.0 26306.0 18.420880733953034
157531.0 26303.0 18.420880733953034
157609.0 26530.0 18.420880733953034
158083.0 25997.0 18.420880733953034
158863.0 26383.0 18.420880733953034
158977.0 26697.0 18.420880733953034
159453.0 26164.0 18.420880733953034
159843.0 26364.0 18.420880733953034
160103.0 26536.0 18.420880733953034
160111.0 26750.0 18.420880733953034
160191.0 26538.0 18.420880733953034
160667.0 26730.0 18.420880733953034
162209.0 26389.0 18.420880733953034
162511.0 26181.0 18.420880733953034
162931.0 26845.0 18.420880733953034
163025.0 26659.0 18.420880733953034
163123.0 26661.0 18.420880733953034
164765.0 26285.0 18.420880733953034
165821.0 26954.0 18.420880733953034
167287.0 26194.0 18.420880733953034
168697.0 26661.0 18.420880733953034
170099.0 26625.0 18.420880733953034
170355.0 26560.0 18.420880733953034
174683.0 26959.0 18.420880733953034
178049.0 26754.0 18.420880733953034
184975.0 27376.0 18.420880733953034
188633.0 26879.0 18.420880733953034
