37505.0 7535.0 16.013401690880734 3.8060931237437194
37579.0 7584.0 16.013401690880734 3.658539089734328
37591.0 7787.0 16.013401690880734 3.8101767201573544
37617.0 7749.0 16.013401690880734 3.8217893260778
38155.0 7617.0 16.013401690880734 3.7341109073937573
38163.0 7684.0 16.013401690880734 3.738631678538912
38669.0 7729.0 16.013401690880734 3.802099598657984
38887.0 7756.0 16.013401690880734 3.908191464048125
39019.0 8005.0 16.013401690880734 3.806740795836084
39061.0 7341.0 16.013401690880734 3.8090894331925864
39281.0 7714.0 16.013401690880734 3.721778147786081
39397.0 8076.0 16.013401690880734 3.927780554698173
39515.0 7717.0 16.013401690880734 3.798126643408036
39531.0 7673.0 16.013401690880734 3.7423078358166824
39625.0 8080.0 16.013401690880734 3.8678329222231267
39733.0 7865.0 16.013401690880734 3.8956946017750256
39891.0 7599.0 16.013401690880734 3.7570016781267404
39977.0 7719.0 16.013401690880734 3.7862707785506897
39983.0 7718.0 16.013401690880734 3.802002868746442
40007.0 7934.0 16.013401690880734 3.908485487091421
40021.0 7877.0 16.013401690880734 3.786326068199099
40087.0 7608.0 16.013401690880734 3.7562747150707767
40219.0 7794.0 16.013401690880734 3.817730680966584
40243.0 8024.0 16.013401690880734 3.8140520493585286
40269.0 7645.0 16.013401690880734 3.7423145729779725
40447.0 7937.0 16.013401690880734 3.7622288313439074
40651.0 7727.0 16.013401690880734 3.7792894491369484
40845.0 7955.0 16.013401690880734 3.782125842161278
41215.0 7808.0 16.013401690880734 3.8503859717873756
41515.0 7634.0 16.013401690880734 3.7520851231932486
41631.0 7812.0 16.013401690880734 3.7215571494882607
41701.0 8019.0 16.013401690880734 3.7803678469142326
41723.0 7560.0 16.013401690880734 3.7718498313118745
41763.0 7671.0 16.013401690880734 3.771014873368874
41775.0 7801.0 16.013401690880734 3.802508117727092
41841.0 7861.0 16.013401690880734 3.7075875022974967
41999.0 7851.0 16.013401690880734 3.7462742308504247
42181.0 7923.0 16.013401690880734 3.7959305062732502
42229.0 7915.0 16.013401690880734 3.678393006851847
42305.0 7896.0 16.013401690880734 3.8502326917921135
42355.0 7866.0 16.013401690880734 3.8029969094898863
42357.0 7932.0 16.013401690880734 3.814468267240189
42381.0 8082.0 16.013401690880734 3.7633889735044774
42679.0 7888.0 16.013401690880734 3.705979371543203
42763.0 7571.0 16.013401690880734 3.630328848903696
42925.0 8132.0 16.013401690880734 3.846968323627069
43135.0 7893.0 16.013401690880734 3.6775447631633935
43219.0 7671.0 16.013401690880734 3.7115854967133535
43257.0 7928.0 16.013401690880734 3.772552730789406
43627.0 7961.0 16.013401690880734 3.7713008646972077
43681.0 8018.0 16.013401690880734 3.8704489069220243
43815.0 7985.0 16.013401690880734 3.8108010811667605
43895.0 8093.0 16.013401690880734 3.765310980198146
44339.0 8020.0 16.013401690880734 3.841404206141424
44345.0 7949.0 16.013401690880734 3.7687471637176464
44423.0 7925.0 16.013401690880734 3.813528666887816
44589.0 7986.0 16.013401690880734 3.733025089225378
44615.0 8005.0 16.013401690880734 3.7527528224967925
44743.0 8118.0 16.013401690880734 3.7756138263853574
44937.0 7943.0 16.013401690880734 3.8250755121969124
45057.0 7834.0 16.013401690880734 3.6211760080052913
45059.0 8045.0 16.013401690880734 3.6890058312696064
45251.0 8107.0 16.013401690880734 3.825692511058791
45257.0 7825.0 16.013401690880734 3.738723832607864
45271.0 8172.0 16.013401690880734 3.805431514646952
45371.0 8297.0 16.013401690880734 3.7595702107050997
45421.0 8083.0 16.013401690880734 3.86384234683572
45437.0 8084.0 16.013401690880734 3.7489115846572156
45491.0 8021.0 16.013401690880734 3.6932976736350462
45491.0 8180.0 16.013401690880734 3.857699540701925
45759.0 8050.0 16.013401690880734 3.720209929054321
45855.0 7817.0 16.013401690880734 3.700821781541923
45887.0 8131.0 16.013401690880734 3.768992222182675
45931.0 7926.0 16.013401690880734 3.66072441913063
45955.0 8130.0 16.013401690880734 3.714170386207771
45957.0 8316.0 16.013401690880734 3.8154694000796563
46113.0 8111.0 16.013401690880734 3.6987670850984227
46171.0 8073.0 16.013401690880734 3.6507927728544596
46379.0 8049.0 16.013401690880734 3.7346417674817287
46523.0 8206.0 16.013401690880734 3.7436931071968336
46727.0 8274.0 16.013401690880734 3.684422134517541
46833.0 8127.0 16.013401690880734 3.8112587844495875
46863.0 7980.0 16.013401690880734 3.7352010679407264
47099.0 7952.0 16.013401690880734 3.75861882105444
47111.0 7959.0 16.013401690880734 3.682743509825645
47241.0 7827.0 16.013401690880734 3.767613021352981
47605.0 8118.0 16.013401690880734 3.7654625082803426
47835.0 7984.0 16.013401690880734 3.702372218148814
47855.0 8055.0 16.013401690880734 3.671913190148836
48237.0 8038.0 16.013401690880734 3.8100258640419034
48329.0 8065.0 16.013401690880734 3.7790901004087742
49431.0 8184.0 16.013401690880734 3.699332235641917
49775.0 8121.0 16.013401690880734 3.775996219844313
49869.0 8025.0 16.013401690880734 3.669266732532094
50187.0 7901.0 16.013401690880734 3.59490749678473
51133.0 8198.0 16.013401690880734 3.662355652700626
51279.0 8215.0 16.013401690880734 3.6598837111282556
52121.0 8369.0 16.013401690880734 3.672359205520237
52875.0 8197.0 16.013401690880734 3.653768586296721
55791.0 8249.0 16.013401690880734 3.5925508563330393
