rev1.1
11167.0 2504.0 13.864895783145018
12261.0 2619.0 13.864895783145018
12305.0 2508.0 13.864895783145018
12353.0 2477.0 13.864895783145018
12399.0 2616.0 13.864895783145018
12419.0 2695.0 13.864895783145018
12553.0 2889.0 13.864895783145018
12747.0 2588.0 13.864895783145018
12889.0 2548.0 13.864895783145018
12897.0 2648.0 13.864895783145018
12937.0 2725.0 13.864895783145018
13007.0 2652.0 13.864895783145018
13071.0 2801.0 13.864895783145018
13105.0 2791.0 13.864895783145018
13175.0 2704.0 13.864895783145018
13179.0 2596.0 13.864895783145018
13201.0 2670.0 13.864895783145018
13205.0 2573.0 13.864895783145018
13209.0 2832.0 13.864895783145018
13245.0 2685.0 13.864895783145018
13289.0 2788.0 13.864895783145018
13289.0 2686.0 13.864895783145018
13297.0 2729.0 13.864895783145018
13409.0 2787.0 13.864895783145018
13437.0 2703.0 13.864895783145018
13443.0 2595.0 13.864895783145018
13451.0 2665.0 13.864895783145018
13495.0 2778.0 13.864895783145018
13517.0 2773.0 13.864895783145018
13543.0 2591.0 13.864895783145018
13569.0 2905.0 13.864895783145018
13651.0 2791.0 13.864895783145018
13697.0 2663.0 13.864895783145018
13749.0 2898.0 13.864895783145018
13755.0 2606.0 13.864895783145018
13879.0 2709.0 13.864895783145018
13899.0 2627.0 13.864895783145018
13937.0 2706.0 13.864895783145018
13957.0 2752.0 13.864895783145018
13993.0 2712.0 13.864895783145018
14005.0 2717.0 13.864895783145018
14015.0 2820.0 13.864895783145018
14021.0 2680.0 13.864895783145018
14079.0 2938.0 13.864895783145018
14123.0 2795.0 13.864895783145018
14217.0 2807.0 13.864895783145018
14229.0 2670.0 13.864895783145018
14245.0 2758.0 13.864895783145018
14263.0 2886.0 13.864895783145018
14277.0 2912.0 13.864895783145018
14319.0 2682.0 13.864895783145018
14395.0 3048.0 13.864895783145018
14463.0 2809.0 13.864895783145018
14465.0 2717.0 13.864895783145018
14515.0 2806.0 13.864895783145018
14519.0 2765.0 13.864895783145018
14521.0 2782.0 13.864895783145018
14543.0 2793.0 13.864895783145018
14565.0 2960.0 13.864895783145018
14659.0 2662.0 13.864895783145018
14681.0 2711.0 13.864895783145018
14727.0 2869.0 13.864895783145018
14729.0 2671.0 13.864895783145018
14757.0 2719.0 13.864895783145018
14797.0 2754.0 13.864895783145018
14841.0 3040.0 13.864895783145018
14907.0 2751.0 13.864895783145018
14935.0 2833.0 13.864895783145018
14951.0 2735.0 13.864895783145018
15019.0 2857.0 13.864895783145018
15071.0 2874.0 13.864895783145018
15303.0 2823.0 13.864895783145018
15335.0 2833.0 13.864895783145018
15495.0 2716.0 13.864895783145018
15535.0 2848.0 13.864895783145018
15593.0 2746.0 13.864895783145018
15633.0 2802.0 13.864895783145018
15713.0 2752.0 13.864895783145018
15739.0 2838.0 13.864895783145018
15743.0 2818.0 13.864895783145018
15789.0 2963.0 13.864895783145018
15879.0 2864.0 13.864895783145018
15963.0 2799.0 13.864895783145018
16015.0 2911.0 13.864895783145018
16241.0 2733.0 13.864895783145018
16329.0 2908.0 13.864895783145018
16367.0 2881.0 13.864895783145018
16695.0 2887.0 13.864895783145018
16893.0 2803.0 13.864895783145018
17185.0 2960.0 13.864895783145018
17215.0 2820.0 13.864895783145018
17777.0 2809.0 13.864895783145018
18035.0 2764.0 13.864895783145018
18113.0 2891.0 13.864895783145018
18421.0 2954.0 13.864895783145018
18637.0 3028.0 13.864895783145018
18871.0 2917.0 13.864895783145018
18999.0 3041.0 13.864895783145018
20363.0 3108.0 13.864895783145018
21133.0 3126.0 13.864895783145018
