rev1.1
448821.0 83925.0 20.794476451023307
455439.0 83747.0 20.794476451023307
457859.0 84318.0 20.794476451023307
460495.0 82830.0 20.794476451023307
461645.0 82594.0 20.794476451023307
463175.0 83257.0 20.794476451023307
468361.0 84478.0 20.794476451023307
468445.0 83393.0 20.794476451023307
472869.0 84018.0 20.794476451023307
472983.0 84068.0 20.794476451023307
473833.0 83832.0 20.794476451023307
474319.0 84102.0 20.794476451023307
475069.0 83996.0 20.794476451023307
475321.0 83257.0 20.794476451023307
475687.0 84325.0 20.794476451023307
476289.0 85085.0 20.794476451023307
478087.0 83777.0 20.794476451023307
478455.0 84379.0 20.794476451023307
479027.0 84064.0 20.794476451023307
479973.0 84328.0 20.794476451023307
480299.0 83823.0 20.794476451023307
480567.0 83928.0 20.794476451023307
480683.0 84884.0 20.794476451023307
480999.0 84010.0 20.794476451023307
481289.0 83998.0 20.794476451023307
481427.0 83164.0 20.794476451023307
481719.0 83404.0 20.794476451023307
485113.0 84347.0 20.794476451023307
487161.0 85505.0 20.794476451023307
487185.0 84011.0 20.794476451023307
487197.0 85029.0 20.794476451023307
487587.0 84476.0 20.794476451023307
487939.0 84034.0 20.794476451023307
489023.0 84400.0 20.794476451023307
489093.0 83817.0 20.794476451023307
489189.0 84357.0 20.794476451023307
490695.0 84881.0 20.794476451023307
490763.0 84388.0 20.794476451023307
492787.0 84386.0 20.794476451023307
493935.0 85326.0 20.794476451023307
494887.0 83411.0 20.794476451023307
494947.0 84422.0 20.794476451023307
497073.0 84766.0 20.794476451023307
497641.0 83965.0 20.794476451023307
497769.0 85050.0 20.794476451023307
497907.0 83763.0 20.794476451023307
497929.0 84120.0 20.794476451023307
498759.0 83492.0 20.794476451023307
499057.0 84957.0 20.794476451023307
499283.0 85059.0 20.794476451023307
499329.0 85187.0 20.794476451023307
499677.0 84671.0 20.794476451023307
501103.0 85493.0 20.794476451023307
501409.0 84621.0 20.794476451023307
503557.0 85003.0 20.794476451023307
504919.0 83991.0 20.794476451023307
508105.0 84798.0 20.794476451023307
508995.0 85258.0 20.794476451023307
509005.0 84992.0 20.794476451023307
509967.0 86202.0 20.794476451023307
510415.0 85839.0 20.794476451023307
510689.0 85951.0 20.794476451023307
511565.0 85366.0 20.794476451023307
511809.0 84915.0 20.794476451023307
513245.0 84486.0 20.794476451023307
515547.0 85246.0 20.794476451023307
517753.0 85743.0 20.794476451023307
518899.0 85226.0 20.794476451023307
520523.0 84980.0 20.794476451023307
520551.0 84841.0 20.794476451023307
521363.0 85447.0 20.794476451023307
522051.0 85182.0 20.794476451023307
523085.0 84778.0 20.794476451023307
523483.0 85455.0 20.794476451023307
524223.0 84597.0 20.794476451023307
524779.0 85592.0 20.794476451023307
526189.0 85221.0 20.794476451023307
528747.0 85571.0 20.794476451023307
531483.0 86195.0 20.794476451023307
531733.0 85519.0 20.794476451023307
532047.0 86046.0 20.794476451023307
533099.0 85339.0 20.794476451023307
534977.0 85279.0 20.794476451023307
536629.0 85744.0 20.794476451023307
544105.0 85735.0 20.794476451023307
547825.0 85079.0 20.794476451023307
549323.0 86014.0 20.794476451023307
550623.0 85033.0 20.794476451023307
551771.0 85968.0 20.794476451023307
552585.0 85768.0 20.794476451023307
552895.0 87489.0 20.794476451023307
554183.0 86007.0 20.794476451023307
569417.0 86218.0 20.794476451023307
572371.0 85819.0 20.794476451023307
595839.0 87396.0 20.794476451023307
601617.0 87272.0 20.794476451023307
608359.0 87008.0 20.794476451023307
616421.0 87496.0 20.794476451023307
634811.0 88032.0 20.794476451023307
672955.0 87282.0 20.794476451023307
