rev1.1
378265.0 67952.0 13.0
381273.0 68378.0 13.0
383477.0 67991.0 13.0
383663.0 67863.0 13.0
386297.0 68099.0 13.0
387451.0 67864.0 13.0
388095.0 67768.0 13.0
389067.0 67882.0 13.0
389437.0 68122.0 13.0
389721.0 67880.0 13.0
390101.0 68429.0 13.0
390285.0 68196.0 13.0
391367.0 68191.0 13.0
391675.0 68202.0 13.0
391799.0 67908.0 13.0
392685.0 68595.0 13.0
393381.0 67976.0 13.0
394215.0 68825.0 13.0
394613.0 67915.0 13.0
394665.0 68826.0 13.0
394967.0 68669.0 13.0
395461.0 68489.0 13.0
396725.0 67960.0 13.0
397953.0 68435.0 13.0
398939.0 68597.0 13.0
398999.0 68617.0 13.0
399011.0 68756.0 13.0
400203.0 68537.0 13.0
401455.0 68338.0 13.0
401469.0 68132.0 13.0
401557.0 68927.0 13.0
401601.0 69660.0 13.0
401997.0 68345.0 13.0
402311.0 69162.0 13.0
402917.0 68770.0 13.0
403081.0 68681.0 13.0
403957.0 68709.0 13.0
404623.0 68546.0 13.0
405093.0 68646.0 13.0
405243.0 68490.0 13.0
405361.0 68387.0 13.0
405923.0 69045.0 13.0
406487.0 69229.0 13.0
407925.0 69088.0 13.0
408103.0 68696.0 13.0
408177.0 68952.0 13.0
409061.0 68396.0 13.0
409347.0 68368.0 13.0
409369.0 69063.0 13.0
409553.0 68569.0 13.0
409681.0 69182.0 13.0
410477.0 69233.0 13.0
411101.0 68838.0 13.0
411705.0 69157.0 13.0
411819.0 68595.0 13.0
412033.0 68871.0 13.0
412211.0 69069.0 13.0
412297.0 69216.0 13.0
412299.0 69460.0 13.0
413695.0 69532.0 13.0
414185.0 69283.0 13.0
414273.0 69031.0 13.0
414795.0 69091.0 13.0
416749.0 68634.0 13.0
417295.0 69028.0 13.0
418595.0 69423.0 13.0
418997.0 69688.0 13.0
420481.0 69382.0 13.0
421211.0 70024.0 13.0
421655.0 69940.0 13.0
422583.0 69155.0 13.0
422593.0 69549.0 13.0
422905.0 69554.0 13.0
422993.0 69434.0 13.0
423443.0 69648.0 13.0
423487.0 69862.0 13.0
423619.0 69014.0 13.0
424289.0 69382.0 13.0
424959.0 69368.0 13.0
427229.0 69802.0 13.0
429189.0 69865.0 13.0
429243.0 69846.0 13.0
429413.0 69323.0 13.0
430485.0 69522.0 13.0
432075.0 69772.0 13.0
432135.0 69375.0 13.0
432495.0 69991.0 13.0
433637.0 69739.0 13.0
438641.0 70126.0 13.0
439641.0 70012.0 13.0
439989.0 69928.0 13.0
440065.0 70323.0 13.0
445781.0 70497.0 13.0
447523.0 70855.0 13.0
447725.0 70167.0 13.0
447949.0 69751.0 13.0
458037.0 70692.0 13.0
463833.0 70992.0 13.0
464143.0 70478.0 13.0
489615.0 71816.0 13.0
