rev1.1
2057.0 461.0 13.0
2087.0 473.0 13.0
2107.0 476.0 13.0
2121.0 587.0 9.300406367129971
2135.0 496.0 10.292591572368702
2147.0 493.0 13.0
2157.0 494.0 11.390625000000133
2161.0 500.0 11.390625000000165
2171.0 479.0 13.0
2171.0 494.0 13.0
2207.0 466.0 13.0
2211.0 508.0 12.60579874158666
2211.0 543.0 12.605798741586703
2241.0 499.0 10.292591572368556
2253.0 503.0 13.0
2275.0 532.0 9.300406367130122
2277.0 518.0 13.0
2303.0 483.0 12.605798741586772
2321.0 528.0 12.605798741586726
2321.0 513.0 13.0
2331.0 525.0 11.390625000000265
2343.0 497.0 13.0
2357.0 488.0 13.0
2367.0 466.0 13.0
2379.0 519.0 11.390625000000172
2387.0 539.0 13.0
2397.0 527.0 11.390625000000213
2415.0 511.0 13.0
2425.0 534.0 13.0
2425.0 495.0 13.0
2437.0 495.0 13.0
2447.0 516.0 13.0
2455.0 494.0 13.0
2459.0 522.0 12.605798741586796
2461.0 537.0 13.0
2471.0 535.0 13.0
2471.0 520.0 13.0
2493.0 498.0 13.0
2507.0 485.0 13.0
2507.0 505.0 13.0
2517.0 569.0 13.0
2521.0 491.0 13.0
2521.0 542.0 13.0
2525.0 447.0 13.0
2525.0 494.0 13.0
2531.0 487.0 13.0
2531.0 514.0 13.0
2533.0 548.0 13.0
2553.0 525.0 11.390625000000211
2565.0 540.0 13.0
2577.0 497.0 13.0
2583.0 507.0 13.0
2585.0 549.0 13.0
2587.0 532.0 13.0
2597.0 562.0 13.0
2605.0 485.0 13.0
2619.0 548.0 13.0
2625.0 533.0 13.0
2631.0 514.0 13.0
2645.0 558.0 13.0
2651.0 489.0 13.0
2655.0 526.0 13.0
2655.0 548.0 13.0
2667.0 550.0 13.0
2669.0 495.0 13.0
2677.0 524.0 13.0
2689.0 573.0 13.0
2697.0 548.0 13.0
2697.0 534.0 13.0
2705.0 481.0 13.0
2713.0 558.0 13.0
2723.0 517.0 13.0
2727.0 525.0 13.0
2731.0 537.0 13.0
2755.0 536.0 13.0
2757.0 517.0 13.0
2763.0 503.0 13.0
2779.0 560.0 13.0
2783.0 536.0 13.0
2793.0 546.0 13.0
2807.0 575.0 13.0
2809.0 587.0 13.0
2813.0 549.0 13.0
2839.0 541.0 13.0
2845.0 561.0 13.0
2859.0 512.0 13.0
2865.0 539.0 13.0
2867.0 550.0 13.0
2875.0 587.0 13.0
2899.0 560.0 13.0
2939.0 528.0 13.0
3001.0 543.0 13.0
3041.0 526.0 13.0
3071.0 530.0 13.0
3087.0 592.0 13.0
3093.0 569.0 13.0
3111.0 540.0 13.0
3303.0 591.0 13.0
3315.0 579.0 13.0
3537.0 542.0 13.0
