rev1.1
9839.0 1966.0 13.0
9951.0 1958.0 13.0
9995.0 2029.0 13.0
10057.0 2164.0 13.0
10083.0 2086.0 13.0
10113.0 2103.0 13.0
10139.0 2098.0 13.0
10183.0 2072.0 13.0
10193.0 2085.0 13.0
10217.0 2026.0 13.0
10219.0 2105.0 13.0
10219.0 2096.0 13.0
10255.0 2046.0 13.0
10261.0 2034.0 13.0
10263.0 2092.0 13.0
10263.0 2036.0 13.0
10265.0 1983.0 13.0
10315.0 2078.0 13.0
10331.0 2067.0 13.0
10339.0 2252.0 13.0
10339.0 2050.0 13.0
10347.0 1980.0 13.0
10363.0 2118.0 13.0
10409.0 2068.0 13.0
10411.0 2114.0 13.0
10427.0 2078.0 13.0
10457.0 2116.0 13.0
10475.0 2121.0 13.0
10495.0 2031.0 13.0
10513.0 2115.0 13.0
10527.0 2138.0 13.0
10531.0 1976.0 13.0
10555.0 2067.0 13.0
10601.0 2034.0 13.0
10631.0 2185.0 13.0
10677.0 2131.0 13.0
10683.0 1997.0 13.0
10713.0 2131.0 13.0
10735.0 2140.0 13.0
10745.0 2093.0 13.0
10781.0 2150.0 13.0
10805.0 2083.0 13.0
10831.0 2087.0 13.0
10841.0 2100.0 13.0
10861.0 2067.0 13.0
10875.0 2246.0 13.0
10919.0 2093.0 13.0
10935.0 2097.0 13.0
10939.0 2116.0 13.0
10993.0 2118.0 13.0
10997.0 2030.0 13.0
11003.0 2037.0 13.0
11047.0 2051.0 13.0
11063.0 2081.0 13.0
11067.0 2118.0 13.0
11079.0 2165.0 13.0
11081.0 2000.0 13.0
11099.0 2034.0 13.0
11105.0 2081.0 13.0
11117.0 2143.0 13.0
11121.0 2198.0 13.0
11187.0 1953.0 13.0
11209.0 2060.0 13.0
11215.0 2105.0 13.0
11221.0 2066.0 13.0
11251.0 2180.0 13.0
11257.0 2076.0 13.0
11263.0 2212.0 13.0
11287.0 2080.0 13.0
11299.0 2070.0 13.0
11311.0 2148.0 13.0
11317.0 2059.0 13.0
11363.0 2102.0 13.0
11363.0 2098.0 13.0
11373.0 2130.0 13.0
11381.0 2106.0 13.0
11399.0 2140.0 13.0
11399.0 2093.0 13.0
11409.0 2041.0 13.0
11435.0 2092.0 13.0
11437.0 2154.0 13.0
11455.0 2092.0 13.0
11487.0 2153.0 13.0
11495.0 2078.0 13.0
11589.0 2117.0 13.0
11617.0 2110.0 13.0
11617.0 2104.0 13.0
11621.0 2208.0 13.0
11649.0 2148.0 13.0
11661.0 2185.0 13.0
11713.0 2124.0 13.0
11895.0 2127.0 13.0
12025.0 2096.0 13.0
12061.0 2213.0 13.0
12169.0 2082.0 13.0
12293.0 2187.0 13.0
12307.0 2266.0 13.0
12527.0 2272.0 13.0
12699.0 2222.0 13.0
13055.0 2178.0 13.0
