rev1.1
42059.0 8245.0 13.0
42629.0 8340.0 13.0
42641.0 8263.0 13.0
42643.0 8076.0 13.0
42683.0 8115.0 13.0
42727.0 8529.0 13.0
42757.0 8244.0 13.0
42789.0 8457.0 13.0
42829.0 8232.0 13.0
42869.0 8255.0 13.0
42891.0 8231.0 13.0
42931.0 8246.0 13.0
42979.0 8134.0 13.0
43163.0 8564.0 13.0
43179.0 8241.0 13.0
43369.0 8251.0 13.0
43443.0 8222.0 13.0
43661.0 8280.0 13.0
43909.0 8423.0 13.0
44029.0 8569.0 13.0
44099.0 8591.0 13.0
44341.0 8213.0 13.0
44377.0 8328.0 13.0
44447.0 8325.0 13.0
44501.0 8461.0 13.0
44577.0 8271.0 13.0
44589.0 8307.0 13.0
44659.0 8479.0 13.0
44685.0 8332.0 13.0
44717.0 8309.0 13.0
44743.0 8263.0 13.0
44795.0 8518.0 13.0
44797.0 8305.0 13.0
44843.0 8344.0 13.0
44855.0 8372.0 13.0
44893.0 8354.0 13.0
44927.0 8268.0 13.0
45005.0 8503.0 13.0
45021.0 8416.0 13.0
45103.0 8504.0 13.0
45225.0 8381.0 13.0
45325.0 8452.0 13.0
45329.0 8593.0 13.0
45407.0 8670.0 13.0
45433.0 8493.0 13.0
45525.0 8559.0 13.0
45623.0 8248.0 13.0
45659.0 8402.0 13.0
46039.0 8483.0 13.0
46143.0 8598.0 13.0
46169.0 8364.0 13.0
46201.0 8419.0 13.0
46253.0 8251.0 13.0
46287.0 8347.0 13.0
46439.0 8331.0 13.0
46541.0 8502.0 13.0
46647.0 8322.0 13.0
46655.0 8379.0 13.0
46771.0 8392.0 13.0
46817.0 8441.0 13.0
46959.0 8239.0 13.0
47029.0 8460.0 13.0
47031.0 8531.0 13.0
47167.0 8319.0 13.0
47217.0 8648.0 13.0
47241.0 8439.0 13.0
47507.0 8628.0 13.0
47569.0 8505.0 13.0
47691.0 8493.0 13.0
47809.0 8605.0 13.0
47947.0 8544.0 13.0
47975.0 8386.0 13.0
48041.0 8507.0 13.0
48081.0 8385.0 13.0
48123.0 8606.0 13.0
48173.0 8533.0 13.0
48213.0 8571.0 13.0
48293.0 8380.0 13.0
48325.0 8389.0 13.0
48449.0 8425.0 13.0
48521.0 8405.0 13.0
48543.0 8457.0 13.0
48545.0 8612.0 13.0
48555.0 8617.0 13.0
48819.0 8510.0 13.0
48885.0 8650.0 13.0
49287.0 8573.0 13.0
49541.0 8525.0 13.0
49621.0 8419.0 13.0
49755.0 8545.0 13.0
50065.0 8531.0 13.0
50165.0 8566.0 13.0
50227.0 8666.0 13.0
50229.0 8523.0 13.0
50385.0 8512.0 13.0
50485.0 8591.0 13.0
50681.0 8521.0 13.0
51801.0 8743.0 13.0
51977.0 8550.0 13.0
54975.0 8821.0 13.0
