rev1.1
83963.0 16372.0 13.0
85865.0 16573.0 13.0
86279.0 16590.0 13.0
87737.0 16541.0 13.0
88361.0 16720.0 13.0
88957.0 16758.0 13.0
89303.0 16955.0 13.0
89441.0 16461.0 13.0
89529.0 16740.0 13.0
89691.0 16748.0 13.0
90199.0 16789.0 13.0
90233.0 16568.0 13.0
90265.0 16968.0 13.0
90517.0 16636.0 13.0
90797.0 16912.0 13.0
91241.0 16940.0 13.0
91275.0 16966.0 13.0
91455.0 16859.0 13.0
91497.0 16826.0 13.0
91591.0 17096.0 13.0
91603.0 16657.0 13.0
91721.0 16824.0 13.0
91865.0 16988.0 13.0
91927.0 16649.0 13.0
92227.0 16608.0 13.0
92339.0 16787.0 13.0
92385.0 16711.0 13.0
92607.0 16747.0 13.0
92615.0 16850.0 13.0
92621.0 16928.0 13.0
92979.0 16721.0 13.0
93161.0 17033.0 13.0
93221.0 16941.0 13.0
93409.0 16907.0 13.0
93543.0 16943.0 13.0
93671.0 16981.0 13.0
93695.0 16987.0 13.0
93741.0 16907.0 13.0
93893.0 17041.0 13.0
94257.0 17094.0 13.0
94419.0 16794.0 13.0
94529.0 16853.0 13.0
94649.0 16988.0 13.0
94679.0 16906.0 13.0
94749.0 17172.0 13.0
94797.0 17014.0 13.0
94805.0 17025.0 13.0
94843.0 17038.0 13.0
95051.0 16981.0 13.0
95121.0 16830.0 13.0
95123.0 16819.0 13.0
95187.0 17080.0 13.0
95259.0 17159.0 13.0
95311.0 16843.0 13.0
95447.0 17043.0 13.0
95879.0 16814.0 13.0
96153.0 16962.0 13.0
96193.0 16772.0 13.0
96563.0 17212.0 13.0
97019.0 17191.0 13.0
97087.0 16901.0 13.0
97217.0 17138.0 13.0
97645.0 17029.0 13.0
97719.0 17068.0 13.0
97753.0 16928.0 13.0
97861.0 17303.0 13.0
98221.0 17440.0 13.0
98223.0 16921.0 13.0
98259.0 17309.0 13.0
98471.0 17072.0 13.0
98809.0 17208.0 13.0
99157.0 16977.0 13.0
99179.0 17601.0 13.0
99265.0 16799.0 13.0
99323.0 17236.0 13.0
99635.0 17279.0 13.0
99773.0 17266.0 13.0
99785.0 17181.0 13.0
99801.0 17206.0 13.0
99875.0 17226.0 13.0
100359.0 17222.0 13.0
100543.0 17322.0 13.0
100645.0 17136.0 13.0
100761.0 17285.0 13.0
100877.0 17162.0 13.0
100947.0 17061.0 13.0
100955.0 17343.0 13.0
101703.0 17387.0 13.0
101715.0 17232.0 13.0
103071.0 17214.0 13.0
104841.0 17161.0 13.0
105357.0 17493.0 13.0
105739.0 17332.0 13.0
105793.0 17564.0 13.0
105801.0 17655.0 13.0
106117.0 17470.0 13.0
107139.0 17497.0 13.0
109883.0 17611.0 13.0
110789.0 17490.0 13.0
113271.0 17534.0 13.0
