rev1.1
178335.0 33649.0 13.0
180993.0 33615.0 13.0
184149.0 33641.0 13.0
185455.0 33496.0 13.0
186065.0 33713.0 13.0
186161.0 33850.0 13.0
186767.0 33798.0 13.0
187009.0 34272.0 13.0
187217.0 34005.0 13.0
187443.0 34210.0 13.0
187661.0 33836.0 13.0
187671.0 34013.0 13.0
188415.0 33949.0 13.0
188423.0 33619.0 13.0
188913.0 33667.0 13.0
188935.0 34156.0 13.0
189389.0 33960.0 13.0
189491.0 34342.0 13.0
189503.0 34263.0 13.0
189975.0 34009.0 13.0
190591.0 33853.0 13.0
190625.0 33717.0 13.0
190821.0 33683.0 13.0
191393.0 33980.0 13.0
191399.0 33706.0 13.0
191495.0 33897.0 13.0
191731.0 33696.0 13.0
192131.0 34253.0 13.0
192525.0 33967.0 13.0
192871.0 33761.0 13.0
193081.0 34317.0 13.0
194079.0 33922.0 13.0
194265.0 34205.0 13.0
194391.0 34126.0 13.0
194483.0 34193.0 13.0
194775.0 34009.0 13.0
194947.0 34363.0 13.0
194967.0 34111.0 13.0
196241.0 34474.0 13.0
196331.0 33885.0 13.0
196537.0 33970.0 13.0
196823.0 34443.0 13.0
197419.0 34067.0 13.0
197663.0 34105.0 13.0
197877.0 34292.0 13.0
198083.0 34116.0 13.0
198283.0 33846.0 13.0
198503.0 34509.0 13.0
198679.0 34112.0 13.0
198753.0 34146.0 13.0
199117.0 34320.0 13.0
199333.0 34008.0 13.0
200101.0 34427.0 13.0
200169.0 34276.0 13.0
200317.0 34379.0 13.0
200361.0 34324.0 13.0
200461.0 34316.0 13.0
200485.0 34169.0 13.0
200639.0 33910.0 13.0
201205.0 34315.0 13.0
201363.0 34094.0 13.0
201693.0 34461.0 13.0
201893.0 34240.0 13.0
202205.0 34384.0 13.0
202475.0 34765.0 13.0
202989.0 34457.0 13.0
203239.0 34839.0 13.0
203323.0 34043.0 13.0
203355.0 34677.0 13.0
203677.0 34422.0 13.0
203751.0 34592.0 13.0
203971.0 34737.0 13.0
204143.0 34592.0 13.0
204503.0 34133.0 13.0
204519.0 34738.0 13.0
204573.0 34458.0 13.0
204713.0 34447.0 13.0
204841.0 34322.0 13.0
205577.0 34306.0 13.0
205739.0 34442.0 13.0
206029.0 34390.0 13.0
206535.0 34674.0 13.0
206841.0 34318.0 13.0
206953.0 34407.0 13.0
206979.0 34609.0 13.0
207859.0 34448.0 13.0
209293.0 34675.0 13.0
210037.0 34562.0 13.0
210441.0 34476.0 13.0
210607.0 34821.0 13.0
214191.0 34529.0 13.0
214467.0 34936.0 13.0
215373.0 35068.0 13.0
216615.0 34805.0 13.0
217479.0 35180.0 13.0
218117.0 35107.0 13.0
218709.0 35092.0 13.0
230333.0 35601.0 13.0
231053.0 35218.0 13.0
236451.0 35810.0 13.0
