rev1.1
897.0 232.0 8.403865827724378
959.0 229.0 8.40386582772445
969.0 251.0 8.4038658277244
977.0 249.0 6.200270911420008
981.0 234.0 12.605798741586693
989.0 250.0 10.292591572368512
991.0 240.0 8.403865827724374
1055.0 288.0 6.861727714912333
1055.0 246.0 9.300406367130048
1057.0 262.0 8.403865827724399
1065.0 266.0 8.403865827724422
1071.0 211.0 11.39062500000012
1075.0 245.0 10.292591572368567
1077.0 244.0 12.60579874158661
1091.0 269.0 7.593750000000096
1095.0 247.0 9.300406367130012
1097.0 258.0 11.390625000000183
1113.0 277.0 8.403865827724413
1121.0 244.0 11.390625000000162
1123.0 234.0 11.390625000000133
1125.0 273.0 11.390625000000094
1131.0 271.0 13.0
1147.0 246.0 12.605798741586671
1149.0 280.0 6.861727714912336
1151.0 262.0 10.292591572368593
1153.0 241.0 12.605798741586598
1153.0 282.0 11.39062500000004
1157.0 264.0 13.0
1159.0 249.0 10.292591572368554
1163.0 309.0 7.593750000000038
1167.0 250.0 11.390625000000172
1167.0 245.0 13.0
1169.0 252.0 11.39062500000008
1169.0 271.0 10.292591572368547
1173.0 271.0 11.39062500000008
1175.0 276.0 12.605798741586591
1181.0 310.0 6.861727714912381
1189.0 263.0 12.605798741586637
1191.0 289.0 13.0
1197.0 258.0 13.0
1199.0 281.0 10.292591572368547
1199.0 250.0 11.390625000000115
1199.0 251.0 9.300406367129982
1199.0 266.0 13.0
1205.0 280.0 10.292591572368572
1209.0 288.0 9.300406367130048
1217.0 286.0 11.390625000000158
1227.0 287.0 13.0
1235.0 286.0 13.0
1245.0 291.0 10.29259157236852
1245.0 257.0 13.0
1257.0 270.0 10.29259157236847
1259.0 296.0 13.0
1265.0 270.0 11.390625000000115
1265.0 262.0 13.0
1269.0 252.0 10.292591572368515
1275.0 269.0 11.3906250000001
1277.0 260.0 13.0
1277.0 261.0 12.605798741586591
1281.0 275.0 12.605798741586632
1299.0 271.0 13.0
1305.0 298.0 13.0
1309.0 275.0 10.292591572368575
1311.0 284.0 13.0
1319.0 272.0 13.0
1321.0 312.0 13.0
1325.0 287.0 13.0
1329.0 287.0 10.292591572368538
1329.0 281.0 11.390625000000195
1335.0 295.0 8.403865827724472
1337.0 271.0 13.0
1345.0 246.0 13.0
1347.0 274.0 13.0
1349.0 279.0 10.292591572368531
1351.0 274.0 13.0
1357.0 261.0 13.0
1359.0 254.0 13.0
1367.0 307.0 13.0
1369.0 293.0 10.292591572368526
1379.0 279.0 13.0
1381.0 247.0 13.0
1387.0 279.0 12.60579874158657
1389.0 262.0 13.0
1389.0 288.0 13.0
1393.0 303.0 13.0
1397.0 272.0 13.0
1401.0 300.0 13.0
1411.0 288.0 13.0
1413.0 287.0 13.0
1415.0 314.0 10.292591572368597
1471.0 294.0 13.0
1479.0 267.0 13.0
1495.0 283.0 13.0
1521.0 315.0 13.0
1559.0 307.0 13.0
1581.0 299.0 13.0
1585.0 298.0 13.0
1661.0 262.0 13.0
1663.0 300.0 13.0
1715.0 303.0 13.0
