rev1.1
20007.0 4220.0 13.0
20027.0 3927.0 13.0
20135.0 4048.0 13.0
20431.0 4132.0 13.0
20607.0 4003.0 13.0
20843.0 4149.0 13.0
20843.0 4041.0 13.0
20879.0 4193.0 13.0
20925.0 4157.0 13.0
21017.0 4052.0 13.0
21129.0 4163.0 13.0
21391.0 4162.0 13.0
21405.0 4278.0 13.0
21427.0 4159.0 13.0
21437.0 4251.0 13.0
21469.0 4099.0 13.0
21481.0 4246.0 13.0
21503.0 4046.0 13.0
21519.0 4107.0 13.0
21525.0 4138.0 13.0
21571.0 4182.0 13.0
21611.0 4137.0 13.0
21631.0 4051.0 13.0
21631.0 4240.0 13.0
21665.0 4109.0 13.0
21667.0 4197.0 13.0
21671.0 4180.0 13.0
21687.0 4255.0 13.0
21833.0 4099.0 13.0
21841.0 4229.0 13.0
21841.0 4087.0 13.0
21847.0 4341.0 13.0
21849.0 4195.0 13.0
21929.0 4190.0 13.0
21935.0 4217.0 13.0
21937.0 4109.0 13.0
21947.0 4190.0 13.0
22219.0 4192.0 13.0
22223.0 4162.0 13.0
22259.0 4128.0 13.0
22289.0 4211.0 13.0
22307.0 4306.0 13.0
22337.0 4235.0 13.0
22345.0 4261.0 13.0
22371.0 4239.0 13.0
22399.0 4161.0 13.0
22435.0 4025.0 13.0
22477.0 4144.0 13.0
22483.0 4296.0 13.0
22493.0 4180.0 13.0
22535.0 4266.0 13.0
22573.0 4201.0 13.0
22613.0 4351.0 13.0
22679.0 4073.0 13.0
22691.0 4258.0 13.0
22777.0 4236.0 13.0
22847.0 4312.0 13.0
22851.0 4443.0 13.0
22857.0 4350.0 13.0
22871.0 4198.0 13.0
22877.0 4275.0 13.0
22879.0 4280.0 13.0
22887.0 4111.0 13.0
22931.0 4209.0 13.0
22933.0 4203.0 13.0
23031.0 4094.0 13.0
23055.0 4217.0 13.0
23069.0 4104.0 13.0
23103.0 4258.0 13.0
23129.0 4257.0 13.0
23245.0 4137.0 13.0
23307.0 4286.0 13.0
23311.0 4251.0 13.0
23349.0 4316.0 13.0
23479.0 4353.0 13.0
23529.0 4412.0 13.0
23549.0 4300.0 13.0
23667.0 4221.0 13.0
23671.0 4338.0 13.0
23779.0 4235.0 13.0
23787.0 4286.0 13.0
23893.0 4248.0 13.0
23899.0 4381.0 13.0
23901.0 4358.0 13.0
23979.0 4271.0 13.0
24033.0 4285.0 13.0
24187.0 4225.0 13.0
24381.0 4283.0 13.0
24383.0 4294.0 13.0
24407.0 4349.0 13.0
24793.0 4262.0 13.0
24915.0 4200.0 13.0
25153.0 4303.0 13.0
25323.0 4216.0 13.0
25419.0 4323.0 13.0
25443.0 4374.0 13.0
25491.0 4235.0 13.0
25949.0 4199.0 13.0
26315.0 4459.0 13.0
27069.0 4320.0 13.0
