rev1.1
765681.0 135663.0 13.0
777435.0 136623.0 13.0
784499.0 136597.0 13.0
787459.0 136849.0 13.0
788407.0 136598.0 13.0
790293.0 136649.0 13.0
793171.0 137001.0 13.0
794425.0 136427.0 13.0
794485.0 136169.0 13.0
794867.0 136561.0 13.0
795225.0 137636.0 13.0
799311.0 137325.0 13.0
800277.0 137283.0 13.0
800289.0 137136.0 13.0
801401.0 136265.0 13.0
804207.0 137250.0 13.0
804441.0 136726.0 13.0
805229.0 137374.0 13.0
806335.0 137682.0 13.0
807679.0 137692.0 13.0
807759.0 137797.0 13.0
808145.0 137717.0 13.0
808821.0 136888.0 13.0
808917.0 137430.0 13.0
809415.0 137088.0 13.0
810841.0 138369.0 13.0
811921.0 137861.0 13.0
812403.0 137609.0 13.0
813363.0 137341.0 13.0
814113.0 137185.0 13.0
815297.0 138161.0 13.0
817057.0 137350.0 13.0
817889.0 136541.0 13.0
818815.0 137856.0 13.0
820667.0 137471.0 13.0
821251.0 137186.0 13.0
823941.0 138352.0 13.0
824289.0 137625.0 13.0
826599.0 137994.0 13.0
827185.0 137844.0 13.0
827239.0 137622.0 13.0
827805.0 138456.0 13.0
829881.0 138170.0 13.0
830981.0 138693.0 13.0
831483.0 137776.0 13.0
831565.0 138110.0 13.0
832193.0 138434.0 13.0
832841.0 137956.0 13.0
833941.0 139237.0 13.0
834287.0 137972.0 13.0
835283.0 139345.0 13.0
836263.0 138569.0 13.0
838935.0 138722.0 13.0
840575.0 139527.0 13.0
841833.0 138556.0 13.0
842069.0 138526.0 13.0
843495.0 139080.0 13.0
847389.0 138665.0 13.0
848191.0 138423.0 13.0
849251.0 138841.0 13.0
851639.0 138588.0 13.0
852049.0 139835.0 13.0
853555.0 139096.0 13.0
855185.0 138771.0 13.0
857643.0 140068.0 13.0
859287.0 139547.0 13.0
859485.0 139339.0 13.0
860983.0 139365.0 13.0
862619.0 139669.0 13.0
863743.0 139981.0 13.0
864847.0 139812.0 13.0
865653.0 139147.0 13.0
866691.0 139954.0 13.0
868187.0 139335.0 13.0
868369.0 140096.0 13.0
868733.0 139766.0 13.0
873405.0 139263.0 13.0
873785.0 139893.0 13.0
874327.0 140064.0 13.0
876581.0 140125.0 13.0
883581.0 139596.0 13.0
886563.0 140907.0 13.0
890001.0 140689.0 13.0
891005.0 140961.0 13.0
892205.0 140331.0 13.0
899609.0 140606.0 13.0
899787.0 141190.0 13.0
900933.0 141440.0 13.0
906341.0 141346.0 13.0
907205.0 140789.0 13.0
911319.0 141481.0 13.0
912775.0 141649.0 13.0
913763.0 140668.0 13.0
914103.0 141813.0 13.0
922433.0 142269.0 13.0
927495.0 142117.0 13.0
928989.0 141718.0 13.0
949599.0 143085.0 13.0
968031.0 144249.0 13.0
981695.0 144233.0 13.0
