rev1.1
4549.0 1014.0 13.0
4591.0 999.0 13.0
4593.0 1045.0 13.0
4745.0 1027.0 13.0
4763.0 1106.0 13.0
4769.0 1067.0 13.0
4791.0 1015.0 13.0
4807.0 1058.0 12.605798741587032
4815.0 977.0 13.0
4831.0 965.0 13.0
4833.0 1038.0 13.0
4849.0 1066.0 13.0
4905.0 1056.0 13.0
4917.0 988.0 13.0
4921.0 1058.0 13.0
4933.0 1071.0 12.605798741587034
4935.0 1032.0 13.0
4935.0 999.0 13.0
4955.0 1027.0 13.0
4961.0 1004.0 13.0
4983.0 1063.0 13.0
4985.0 1054.0 13.0
4993.0 1036.0 13.0
5009.0 1014.0 13.0
5009.0 999.0 13.0
5011.0 1064.0 13.0
5017.0 1005.0 13.0
5023.0 969.0 13.0
5031.0 1000.0 13.0
5059.0 1080.0 13.0
5085.0 1007.0 13.0
5085.0 985.0 13.0
5099.0 1117.0 13.0
5117.0 994.0 13.0
5125.0 1057.0 13.0
5137.0 998.0 13.0
5147.0 1026.0 13.0
5155.0 1052.0 13.0
5155.0 1060.0 13.0
5163.0 1039.0 13.0
5167.0 1060.0 13.0
5179.0 1043.0 13.0
5193.0 1074.0 13.0
5203.0 1088.0 13.0
5229.0 1104.0 13.0
5257.0 1091.0 13.0
5261.0 1104.0 13.0
5285.0 1128.0 13.0
5291.0 1040.0 13.0
5293.0 984.0 13.0
5301.0 1049.0 13.0
5313.0 967.0 13.0
5313.0 1055.0 13.0
5353.0 1001.0 13.0
5361.0 1040.0 13.0
5373.0 1080.0 13.0
5377.0 1069.0 13.0
5413.0 1071.0 13.0
5417.0 1109.0 13.0
5421.0 1005.0 13.0
5439.0 1070.0 13.0
5443.0 1107.0 13.0
5467.0 1059.0 13.0
5475.0 1112.0 13.0
5485.0 1118.0 13.0
5497.0 1054.0 13.0
5499.0 1056.0 13.0
5503.0 1132.0 13.0
5505.0 1058.0 13.0
5509.0 1027.0 13.0
5535.0 1041.0 13.0
5577.0 1085.0 13.0
5627.0 1043.0 13.0
5633.0 1086.0 13.0
5647.0 954.0 13.0
5665.0 1088.0 13.0
5681.0 1052.0 13.0
5685.0 1099.0 13.0
5691.0 1072.0 13.0
5691.0 1043.0 13.0
5711.0 1015.0 13.0
5723.0 1073.0 13.0
5723.0 1089.0 13.0
5795.0 1143.0 13.0
5799.0 1091.0 13.0
5849.0 1101.0 13.0
5909.0 1079.0 13.0
5983.0 1141.0 13.0
6037.0 1019.0 13.0
6059.0 1097.0 13.0
6065.0 1066.0 13.0
6069.0 1132.0 13.0
6081.0 1063.0 13.0
6211.0 1084.0 13.0
6231.0 1093.0 13.0
6309.0 1057.0 13.0
6513.0 1130.0 13.0
6529.0 1075.0 13.0
6597.0 1087.0 13.0
7119.0 1190.0 13.0
