rev1.1
5749.0 1249.0 13.0
5859.0 1296.0 13.0
5893.0 1403.0 13.0
5905.0 1345.0 13.0
5943.0 1393.0 13.0
5981.0 1370.0 13.0
6035.0 1239.0 13.0
6053.0 1284.0 13.0
6081.0 1375.0 13.0
6111.0 1371.0 13.0
6137.0 1237.0 13.0
6159.0 1266.0 13.0
6159.0 1286.0 13.0
6177.0 1310.0 13.0
6183.0 1389.0 13.0
6235.0 1390.0 13.0
6285.0 1327.0 13.0
6305.0 1368.0 13.0
6309.0 1425.0 13.0
6345.0 1334.0 13.0
6377.0 1339.0 13.0
6385.0 1267.0 13.0
6391.0 1365.0 13.0
6395.0 1370.0 13.0
6413.0 1399.0 13.0
6441.0 1393.0 13.0
6447.0 1320.0 13.0
6461.0 1391.0 13.0
6481.0 1419.0 13.0
6515.0 1342.0 13.0
6541.0 1419.0 13.0
6575.0 1281.0 13.0
6585.0 1334.0 13.0
6603.0 1441.0 13.0
6653.0 1394.0 13.0
6659.0 1328.0 13.0
6665.0 1327.0 13.0
6669.0 1451.0 13.0
6675.0 1366.0 13.0
6697.0 1406.0 13.0
6723.0 1465.0 13.0
6729.0 1400.0 13.0
6743.0 1264.0 13.0
6743.0 1358.0 13.0
6753.0 1403.0 13.0
6793.0 1346.0 13.0
6801.0 1374.0 13.0
6815.0 1395.0 13.0
6843.0 1320.0 13.0
6961.0 1393.0 13.0
6973.0 1435.0 13.0
6983.0 1491.0 13.0
7065.0 1423.0 13.0
7103.0 1467.0 13.0
7125.0 1471.0 13.0
7149.0 1309.0 13.0
7173.0 1522.0 13.0
7215.0 1396.0 13.0
7263.0 1496.0 13.0
7273.0 1416.0 13.0
7283.0 1407.0 13.0
7285.0 1401.0 13.0
7313.0 1438.0 13.0
7323.0 1473.0 13.0
7349.0 1368.0 13.0
7379.0 1349.0 13.0
7385.0 1397.0 13.0
7425.0 1530.0 13.0
7459.0 1495.0 13.0
7487.0 1414.0 13.0
7525.0 1353.0 13.0
7579.0 1366.0 13.0
7595.0 1405.0 13.0
7641.0 1475.0 13.0
7651.0 1281.0 13.0
7679.0 1543.0 13.0
7779.0 1433.0 13.0
7809.0 1405.0 13.0
7909.0 1560.0 13.0
7929.0 1505.0 13.0
7949.0 1436.0 13.0
7975.0 1472.0 13.0
8005.0 1529.0 13.0
8041.0 1528.0 13.0
8055.0 1440.0 13.0
8213.0 1458.0 13.0
8231.0 1459.0 13.0
8273.0 1475.0 13.0
8279.0 1600.0 13.0
8385.0 1360.0 13.0
8499.0 1481.0 13.0
8551.0 1463.0 13.0
8559.0 1365.0 13.0
8581.0 1512.0 13.0
8593.0 1510.0 13.0
8607.0 1443.0 13.0
8661.0 1418.0 13.0
8891.0 1538.0 13.0
9211.0 1538.0 13.0
9753.0 1655.0 13.0
