rev1.1
49721.0 10375.0 13.0
49741.0 10772.0 13.0
49895.0 10318.0 13.0
50135.0 10532.0 13.0
51975.0 10708.0 13.0
52731.0 11138.0 13.0
52875.0 10878.0 13.0
53059.0 10939.0 13.0
53327.0 10751.0 13.0
53403.0 10779.0 13.0
53595.0 10429.0 13.0
53737.0 10789.0 13.0
54797.0 11097.0 13.0
55367.0 10760.0 13.0
55491.0 10853.0 13.0
55637.0 10579.0 13.0
55653.0 10984.0 13.0
55653.0 10873.0 13.0
55745.0 10800.0 13.0
55811.0 10799.0 13.0
56285.0 10894.0 13.0
56313.0 10714.0 13.0
56561.0 11018.0 13.0
56647.0 10738.0 13.0
56947.0 10745.0 13.0
57217.0 10766.0 13.0
57377.0 11145.0 13.0
57395.0 11189.0 13.0
57493.0 10906.0 13.0
57691.0 10991.0 13.0
57745.0 11040.0 13.0
57929.0 11111.0 13.0
58085.0 10656.0 13.0
58133.0 10963.0 13.0
58355.0 10847.0 13.0
58417.0 10583.0 13.0
58469.0 10717.0 13.0
58501.0 10957.0 13.0
58543.0 10603.0 13.0
58897.0 11290.0 13.0
58899.0 10916.0 13.0
58975.0 11022.0 13.0
59145.0 10871.0 13.0
59335.0 11018.0 13.0
59461.0 10925.0 13.0
59493.0 10882.0 13.0
59493.0 10880.0 13.0
59501.0 10885.0 13.0
59545.0 11027.0 13.0
59623.0 10917.0 13.0
59757.0 10823.0 13.0
59763.0 10698.0 13.0
59921.0 10967.0 13.0
59935.0 11098.0 13.0
60017.0 11194.0 13.0
60083.0 11162.0 13.0
60229.0 10997.0 13.0
60239.0 11023.0 13.0
60465.0 10857.0 13.0
60475.0 11028.0 13.0
60477.0 11096.0 13.0
60639.0 10899.0 13.0
60645.0 11180.0 13.0
60751.0 10981.0 13.0
60795.0 11094.0 13.0
61097.0 11132.0 13.0
61159.0 10980.0 13.0
61675.0 11321.0 13.0
61675.0 11123.0 13.0
61679.0 10871.0 13.0
61775.0 10886.0 13.0
62077.0 11110.0 13.0
62085.0 11021.0 13.0
62097.0 10920.0 13.0
62729.0 10744.0 13.0
62929.0 11305.0 13.0
63019.0 11215.0 13.0
63235.0 11021.0 13.0
63469.0 11078.0 13.0
63627.0 11248.0 13.0
63831.0 11582.0 13.0
63891.0 11135.0 13.0
63955.0 11404.0 13.0
64223.0 10790.0 13.0
64341.0 11465.0 13.0
64885.0 11181.0 13.0
64987.0 11331.0 13.0
65817.0 11007.0 13.0
65837.0 11077.0 13.0
66553.0 10807.0 13.0
66773.0 11421.0 13.0
68579.0 11555.0 13.0
68723.0 11721.0 13.0
69171.0 11378.0 13.0
69675.0 11249.0 13.0
70457.0 11248.0 13.0
70671.0 11623.0 13.0
72167.0 11643.0 13.0
76095.0 11474.0 13.0
76167.0 11511.0 13.0
