rev1.1
11819.0 2782.0 13.0
12077.0 2632.0 13.0
12267.0 2613.0 13.0
12289.0 2655.0 13.0
12343.0 2588.0 13.0
12493.0 2750.0 13.0
12573.0 2628.0 13.0
12639.0 2809.0 13.0
12647.0 2632.0 13.0
12667.0 2794.0 13.0
12695.0 2590.0 13.0
12717.0 2638.0 13.0
12743.0 2671.0 13.0
12773.0 2703.0 13.0
12789.0 2614.0 13.0
12905.0 2586.0 13.0
12979.0 2713.0 13.0
12981.0 2708.0 13.0
13031.0 2720.0 13.0
13075.0 2728.0 13.0
13181.0 2763.0 13.0
13209.0 2661.0 13.0
13213.0 2776.0 13.0
13229.0 2642.0 13.0
13297.0 2863.0 13.0
13353.0 2513.0 13.0
13383.0 2724.0 13.0
13399.0 2715.0 13.0
13479.0 2847.0 13.0
13509.0 2589.0 13.0
13525.0 2765.0 13.0
13545.0 2762.0 13.0
13565.0 2658.0 13.0
13617.0 2645.0 13.0
13619.0 2687.0 13.0
13665.0 2726.0 13.0
13723.0 2655.0 13.0
13769.0 2720.0 13.0
13777.0 2772.0 13.0
13783.0 2768.0 13.0
13821.0 2822.0 13.0
13841.0 2695.0 13.0
13845.0 2664.0 13.0
13915.0 2680.0 13.0
13915.0 2794.0 13.0
13945.0 2715.0 13.0
13955.0 2660.0 13.0
13995.0 2751.0 13.0
13997.0 2593.0 13.0
14005.0 2789.0 13.0
14035.0 2712.0 13.0
14043.0 2703.0 13.0
14049.0 2652.0 13.0
14053.0 2698.0 13.0
14069.0 2784.0 13.0
14079.0 2825.0 13.0
14133.0 2561.0 13.0
14143.0 2716.0 13.0
14205.0 2836.0 13.0
14283.0 2630.0 13.0
14309.0 2765.0 13.0
14353.0 2700.0 13.0
14369.0 2766.0 13.0
14395.0 2917.0 13.0
14495.0 2837.0 13.0
14523.0 2805.0 13.0
14593.0 2959.0 13.0
14603.0 2765.0 13.0
14715.0 2834.0 13.0
14787.0 2774.0 13.0
14807.0 2662.0 13.0
14819.0 2751.0 13.0
14841.0 2913.0 13.0
14865.0 2685.0 13.0
14879.0 2820.0 13.0
14937.0 2649.0 13.0
15021.0 2795.0 13.0
15023.0 2798.0 13.0
15533.0 2894.0 13.0
15551.0 2756.0 13.0
15677.0 2739.0 13.0
15687.0 2681.0 13.0
15751.0 2713.0 13.0
15973.0 2845.0 13.0
15979.0 2821.0 13.0
16003.0 2760.0 13.0
16023.0 3115.0 13.0
16159.0 2888.0 13.0
16335.0 2822.0 13.0
16389.0 2863.0 13.0
16505.0 3038.0 13.0
16673.0 2871.0 13.0
16869.0 2695.0 13.0
16995.0 2797.0 13.0
17289.0 2982.0 13.0
17511.0 2926.0 13.0
17881.0 2957.0 13.0
17997.0 2930.0 13.0
19369.0 2925.0 13.0
19595.0 2997.0 13.0
