rev1.1
1185.0 305.0 9.300406367129986
1201.0 293.0 9.30040636713003
1209.0 332.0 8.403865827724394
1277.0 298.0 8.403865827724392
1305.0 294.0 13.0
1305.0 353.0 9.30040636712997
1333.0 279.0 12.60579874158661
1367.0 331.0 8.403865827724378
1375.0 305.0 11.390625000000037
1395.0 334.0 9.300406367130035
1401.0 313.0 10.292591572368512
1409.0 337.0 10.292591572368579
1415.0 306.0 9.300406367130002
1437.0 354.0 7.593750000000132
1469.0 310.0 13.0
1477.0 393.0 7.593750000000063
1519.0 352.0 13.0
1521.0 377.0 12.605798741586602
1545.0 349.0 11.390625000000176
1547.0 359.0 13.0
1559.0 359.0 12.605798741586707
1565.0 285.0 13.0
1575.0 334.0 13.0
1575.0 337.0 13.0
1581.0 365.0 12.60579874158656
1587.0 366.0 12.605798741586625
1599.0 321.0 13.0
1603.0 377.0 8.403865827724504
1605.0 369.0 11.390625000000197
1607.0 356.0 12.605798741586662
1611.0 310.0 13.0
1617.0 346.0 11.390625000000158
1619.0 378.0 13.0
1659.0 387.0 10.29259157236864
1667.0 421.0 10.292591572368536
1667.0 364.0 13.0
1675.0 372.0 9.300406367130021
1685.0 345.0 13.0
1705.0 316.0 11.390625000000142
1705.0 377.0 11.390625000000265
1705.0 351.0 13.0
1725.0 367.0 13.0
1731.0 378.0 13.0
1763.0 345.0 10.292591572368602
1763.0 335.0 13.0
1773.0 347.0 13.0
1773.0 378.0 13.0
1779.0 339.0 13.0
1785.0 418.0 13.0
1795.0 345.0 13.0
1799.0 336.0 13.0
1811.0 367.0 13.0
1811.0 324.0 13.0
1811.0 342.0 13.0
1815.0 318.0 13.0
1855.0 366.0 13.0
1855.0 360.0 13.0
1863.0 349.0 13.0
1869.0 368.0 13.0
1881.0 405.0 13.0
1883.0 360.0 12.605798741586707
1933.0 334.0 13.0
1939.0 374.0 13.0
1953.0 347.0 13.0
1967.0 409.0 13.0
1987.0 405.0 13.0
1995.0 365.0 13.0
2005.0 372.0 13.0
2011.0 403.0 13.0
2031.0 398.0 12.605798741586723
2037.0 382.0 13.0
2049.0 402.0 13.0
2067.0 416.0 13.0
2069.0 403.0 13.0
2079.0 424.0 13.0
2131.0 448.0 13.0
2139.0 418.0 13.0
2179.0 412.0 13.0
2181.0 434.0 11.390625000000286
2191.0 439.0 13.0
2209.0 407.0 13.0
2211.0 422.0 13.0
2211.0 367.0 13.0
2221.0 412.0 13.0
2233.0 406.0 13.0
2301.0 360.0 13.0
2313.0 415.0 13.0
2333.0 392.0 13.0
2375.0 367.0 13.0
2375.0 356.0 13.0
2385.0 302.0 13.0
2453.0 418.0 13.0
2463.0 390.0 13.0
2475.0 393.0 13.0
2485.0 443.0 13.0
2545.0 449.0 13.0
2571.0 432.0 13.0
2571.0 431.0 13.0
2613.0 371.0 13.0
2903.0 537.0 11.390625000000364
