rev1.1
908195.0 170096.0 13.0
912325.0 169167.0 13.0
914037.0 171475.0 13.0
921177.0 170739.0 13.0
923521.0 170238.0 13.0
924459.0 170457.0 13.0
929807.0 170493.0 13.0
937141.0 171565.0 13.0
939575.0 171602.0 13.0
943023.0 171729.0 13.0
946939.0 171735.0 13.0
950049.0 172243.0 13.0
951457.0 171959.0 13.0
953165.0 171870.0 13.0
953359.0 173016.0 13.0
955827.0 172920.0 13.0
961253.0 173183.0 13.0
962411.0 172176.0 13.0
963253.0 172136.0 13.0
964213.0 172007.0 13.0
967913.0 172857.0 13.0
968219.0 171345.0 13.0
969559.0 171682.0 13.0
970029.0 174096.0 13.0
971081.0 172117.0 13.0
971183.0 172413.0 13.0
973015.0 173491.0 13.0
973195.0 172894.0 13.0
977451.0 172341.0 13.0
977725.0 172174.0 13.0
977859.0 172336.0 13.0
977943.0 172506.0 13.0
979581.0 174328.0 13.0
985167.0 173322.0 13.0
985441.0 172865.0 13.0
986851.0 173489.0 13.0
986949.0 172022.0 13.0
987477.0 172763.0 13.0
987723.0 174409.0 13.0
988265.0 174026.0 13.0
989293.0 171905.0 13.0
989471.0 172549.0 13.0
990357.0 173647.0 13.0
995177.0 173097.0 13.0
997701.0 173737.0 13.0
999727.0 172342.0 13.0
1002227.0 172844.0 13.0
1003025.0 173721.0 13.0
1003277.0 174238.0 13.0
1006107.0 172516.0 13.0
1008369.0 174921.0 13.0
1008555.0 174279.0 13.0
1010657.0 174105.0 13.0
1011873.0 172644.0 13.0
1012827.0 172934.0 13.0
1013923.0 174036.0 13.0
1014841.0 173979.0 13.0
1016727.0 174966.0 13.0
1016801.0 174621.0 13.0
1023403.0 174544.0 13.0
1024395.0 175235.0 13.0
1025983.0 174417.0 13.0
1026603.0 174781.0 13.0
1027313.0 174883.0 13.0
1027435.0 174952.0 13.0
1028623.0 174448.0 13.0
1028693.0 174113.0 13.0
1030545.0 175366.0 13.0
1031979.0 174190.0 13.0
1032935.0 175155.0 13.0
1033729.0 174874.0 13.0
1036487.0 175051.0 13.0
1038119.0 174630.0 13.0
1039899.0 174657.0 13.0
1040361.0 175589.0 13.0
1043811.0 175801.0 13.0
1044781.0 175992.0 13.0
1046193.0 176398.0 13.0
1047655.0 175722.0 13.0
1047789.0 175230.0 13.0
1057529.0 175555.0 13.0
1061895.0 176873.0 13.0
1065685.0 176060.0 13.0
1068133.0 175903.0 13.0
1071579.0 176904.0 13.0
1075417.0 175363.0 13.0
1076565.0 177195.0 13.0
1085149.0 177755.0 13.0
1096105.0 178784.0 13.0
1102691.0 177474.0 13.0
1108867.0 178145.0 13.0
1108885.0 177191.0 13.0
1124121.0 178672.0 13.0
1129741.0 178982.0 13.0
1136271.0 177969.0 13.0
1140459.0 178527.0 13.0
1154881.0 180557.0 13.0
1180539.0 181293.0 13.0
1181013.0 179648.0 13.0
1204175.0 181547.0 13.0
