rev1.1
25019.0 5619.0 13.0
25111.0 5266.0 13.0
25315.0 5208.0 13.0
25419.0 5411.0 13.0
25555.0 5276.0 13.0
25595.0 5463.0 13.0
25623.0 5291.0 13.0
25837.0 5123.0 13.0
25859.0 5460.0 13.0
25919.0 5319.0 13.0
25947.0 5342.0 13.0
26119.0 5324.0 13.0
26157.0 5126.0 13.0
26203.0 5381.0 13.0
26375.0 5398.0 13.0
26751.0 5367.0 13.0
27089.0 5481.0 13.0
27111.0 5207.0 13.0
27145.0 5511.0 13.0
27261.0 5522.0 13.0
27265.0 5551.0 13.0
27311.0 5314.0 13.0
27345.0 5548.0 13.0
27365.0 5497.0 13.0
27445.0 5480.0 13.0
27457.0 5181.0 13.0
27605.0 5417.0 13.0
27623.0 5399.0 13.0
27771.0 5279.0 13.0
27773.0 5313.0 13.0
27815.0 5567.0 13.0
27903.0 5337.0 13.0
27955.0 5447.0 13.0
27977.0 5421.0 13.0
28077.0 5253.0 13.0
28241.0 5570.0 13.0
28315.0 5629.0 13.0
28457.0 5553.0 13.0
28481.0 5547.0 13.0
28503.0 5678.0 13.0
28629.0 5488.0 13.0
28633.0 5430.0 13.0
28733.0 5451.0 13.0
28743.0 5298.0 13.0
28803.0 5507.0 13.0
28827.0 5293.0 13.0
28849.0 5544.0 13.0
28877.0 5674.0 13.0
28905.0 5538.0 13.0
28961.0 5361.0 13.0
29163.0 5499.0 13.0
29169.0 5321.0 13.0
29197.0 5444.0 13.0
29199.0 5482.0 13.0
29233.0 5470.0 13.0
29277.0 5326.0 13.0
29369.0 5381.0 13.0
29399.0 5530.0 13.0
29477.0 5416.0 13.0
29513.0 5622.0 13.0
29563.0 5740.0 13.0
29655.0 5549.0 13.0
29831.0 5627.0 13.0
29871.0 5573.0 13.0
29937.0 5504.0 13.0
29953.0 5467.0 13.0
30003.0 5625.0 13.0
30179.0 5601.0 13.0
30389.0 5592.0 13.0
30489.0 5303.0 13.0
30563.0 5808.0 13.0
30805.0 5400.0 13.0
31049.0 5483.0 13.0
31051.0 5551.0 13.0
31107.0 5495.0 13.0
31135.0 5772.0 13.0
31173.0 5504.0 13.0
31483.0 5469.0 13.0
31715.0 5640.0 13.0
32197.0 5479.0 13.0
32373.0 5670.0 13.0
32525.0 5472.0 13.0
32815.0 5575.0 13.0
32911.0 5744.0 13.0
32991.0 5595.0 13.0
33099.0 5712.0 13.0
33213.0 5646.0 13.0
33289.0 5656.0 13.0
33301.0 5779.0 13.0
33329.0 5710.0 13.0
33349.0 5584.0 13.0
33647.0 5601.0 13.0
33817.0 5635.0 13.0
33873.0 5624.0 13.0
34495.0 5865.0 13.0
35023.0 5673.0 13.0
35973.0 5709.0 13.0
36013.0 5712.0 13.0
36289.0 5679.0 13.0
37595.0 6083.0 13.0
