rev1.1
219369.0 42586.0 13.0
219833.0 42859.0 13.0
219977.0 42496.0 13.0
223057.0 42591.0 13.0
223807.0 42779.0 13.0
224145.0 42154.0 13.0
224287.0 43090.0 13.0
224971.0 42492.0 13.0
225509.0 43074.0 13.0
229001.0 42849.0 13.0
229703.0 43870.0 13.0
229999.0 42996.0 13.0
230745.0 42694.0 13.0
231097.0 42695.0 13.0
231621.0 43146.0 13.0
231659.0 42267.0 13.0
231741.0 43228.0 13.0
232039.0 43357.0 13.0
232101.0 43330.0 13.0
232615.0 42775.0 13.0
232671.0 43551.0 13.0
232941.0 42751.0 13.0
233143.0 43414.0 13.0
233223.0 43824.0 13.0
234081.0 43155.0 13.0
234745.0 42376.0 13.0
234765.0 43019.0 13.0
234807.0 43168.0 13.0
235241.0 43336.0 13.0
235649.0 43238.0 13.0
236129.0 43682.0 13.0
236873.0 42991.0 13.0
236901.0 42823.0 13.0
237097.0 43370.0 13.0
237487.0 43573.0 13.0
237841.0 43843.0 13.0
238169.0 43260.0 13.0
238785.0 43194.0 13.0
238897.0 43331.0 13.0
239189.0 43386.0 13.0
239703.0 43655.0 13.0
240661.0 43857.0 13.0
241197.0 43820.0 13.0
241511.0 43575.0 13.0
241525.0 43418.0 13.0
241867.0 43732.0 13.0
242133.0 43794.0 13.0
242415.0 43492.0 13.0
242919.0 43417.0 13.0
242945.0 43129.0 13.0
243221.0 43306.0 13.0
243473.0 43520.0 13.0
244505.0 42940.0 13.0
244623.0 43926.0 13.0
245259.0 43885.0 13.0
245337.0 43257.0 13.0
245481.0 43294.0 13.0
245929.0 43994.0 13.0
246549.0 43323.0 13.0
246587.0 44060.0 13.0
247063.0 43531.0 13.0
247149.0 43532.0 13.0
248581.0 43260.0 13.0
249015.0 43909.0 13.0
249041.0 43357.0 13.0
249183.0 43947.0 13.0
249811.0 42996.0 13.0
250435.0 43830.0 13.0
251185.0 44213.0 13.0
252559.0 44102.0 13.0
253627.0 43889.0 13.0
253695.0 43793.0 13.0
254427.0 44388.0 13.0
255557.0 43951.0 13.0
256791.0 43525.0 13.0
257577.0 44023.0 13.0
257967.0 44182.0 13.0
258559.0 43909.0 13.0
258635.0 43511.0 13.0
259213.0 44622.0 13.0
260153.0 44053.0 13.0
262729.0 44562.0 13.0
263417.0 44182.0 13.0
264443.0 44344.0 13.0
265395.0 44740.0 13.0
266101.0 44161.0 13.0
266765.0 45542.0 13.0
268143.0 44053.0 13.0
269201.0 44482.0 13.0
269327.0 44588.0 13.0
269653.0 44110.0 13.0
270919.0 44793.0 13.0
273583.0 45256.0 13.0
274237.0 44440.0 13.0
274241.0 44704.0 13.0
284653.0 45249.0 13.0
287229.0 45037.0 13.0
306703.0 45772.0 13.0
314751.0 45662.0 13.0
322337.0 46700.0 13.0
