rev1.1
102059.0 20799.0 13.0
104131.0 20922.0 13.0
106373.0 21097.0 13.0
109321.0 21433.0 13.0
109783.0 21732.0 13.0
109823.0 21046.0 13.0
109849.0 21333.0 13.0
110893.0 21441.0 13.0
111029.0 21364.0 13.0
111131.0 21029.0 13.0
111363.0 21253.0 13.0
111439.0 21669.0 13.0
111651.0 21560.0 13.0
111983.0 21547.0 13.0
112053.0 21354.0 13.0
112055.0 21101.0 13.0
112301.0 21751.0 13.0
112693.0 21445.0 13.0
113057.0 21562.0 13.0
113461.0 21665.0 13.0
114453.0 21359.0 13.0
114459.0 21279.0 13.0
114521.0 21457.0 13.0
114639.0 21545.0 13.0
114665.0 22125.0 13.0
114727.0 21473.0 13.0
115043.0 21762.0 13.0
115099.0 21546.0 13.0
115329.0 21370.0 13.0
115445.0 21444.0 13.0
115591.0 21909.0 13.0
115673.0 21917.0 13.0
116031.0 21500.0 13.0
116101.0 21812.0 13.0
116101.0 22195.0 13.0
116243.0 21631.0 13.0
116403.0 21827.0 13.0
116581.0 21731.0 13.0
117233.0 22013.0 13.0
117455.0 22290.0 13.0
118047.0 21705.0 13.0
118167.0 21699.0 13.0
118441.0 21820.0 13.0
118477.0 22318.0 13.0
118777.0 21850.0 13.0
118863.0 22019.0 13.0
118873.0 21768.0 13.0
118949.0 21667.0 13.0
119209.0 22024.0 13.0
119493.0 21760.0 13.0
119609.0 21599.0 13.0
119803.0 21950.0 13.0
120215.0 21666.0 13.0
120237.0 21775.0 13.0
120339.0 22327.0 13.0
120627.0 21892.0 13.0
121383.0 21932.0 13.0
121505.0 21752.0 13.0
121889.0 21934.0 13.0
122517.0 21711.0 13.0
122601.0 21897.0 13.0
123165.0 22209.0 13.0
123421.0 21875.0 13.0
123655.0 21528.0 13.0
123985.0 22088.0 13.0
124383.0 21697.0 13.0
125147.0 22098.0 13.0
125561.0 21791.0 13.0
125623.0 22371.0 13.0
125833.0 22073.0 13.0
126347.0 22073.0 13.0
126417.0 21550.0 13.0
126623.0 22124.0 13.0
126627.0 21909.0 13.0
127041.0 21989.0 13.0
127085.0 22238.0 13.0
127109.0 21851.0 13.0
127295.0 22198.0 13.0
127505.0 22224.0 13.0
128049.0 21780.0 13.0
128311.0 22159.0 13.0
128859.0 21818.0 13.0
129079.0 22180.0 13.0
129645.0 22031.0 13.0
129745.0 22014.0 13.0
131223.0 22306.0 13.0
131517.0 22144.0 13.0
132625.0 22369.0 13.0
133783.0 22736.0 13.0
135815.0 22574.0 13.0
136411.0 22543.0 13.0
139019.0 22551.0 13.0
139069.0 22028.0 13.0
139381.0 22510.0 13.0
143259.0 22744.0 13.0
143465.0 22455.0 13.0
143605.0 22800.0 13.0
150165.0 22966.0 13.0
151711.0 22731.0 13.0
156145.0 23528.0 13.0
