rev1.1
2681.0 673.0 13.0
2781.0 635.0 13.0
2793.0 662.0 13.0
2831.0 644.0 13.0
2867.0 601.0 13.0
2903.0 691.0 12.605798741586693
2929.0 704.0 9.300406367130224
2945.0 677.0 12.60579874158661
3017.0 610.0 13.0
3075.0 660.0 13.0
3105.0 652.0 13.0
3105.0 646.0 13.0
3127.0 743.0 13.0
3149.0 660.0 13.0
3161.0 738.0 8.40386582772452
3173.0 681.0 13.0
3183.0 757.0 13.0
3199.0 676.0 13.0
3229.0 641.0 13.0
3233.0 671.0 13.0
3277.0 682.0 13.0
3285.0 699.0 13.0
3301.0 742.0 13.0
3325.0 676.0 13.0
3327.0 689.0 13.0
3335.0 762.0 13.0
3345.0 687.0 13.0
3355.0 741.0 13.0
3371.0 658.0 13.0
3381.0 727.0 13.0
3401.0 745.0 13.0
3401.0 751.0 13.0
3409.0 781.0 11.390625000000314
3411.0 641.0 13.0
3419.0 675.0 13.0
3429.0 735.0 13.0
3447.0 762.0 12.605798741586852
3459.0 717.0 13.0
3459.0 674.0 13.0
3459.0 694.0 13.0
3463.0 705.0 13.0
3491.0 729.0 13.0
3505.0 656.0 13.0
3507.0 689.0 13.0
3519.0 708.0 13.0
3541.0 756.0 13.0
3545.0 694.0 13.0
3553.0 667.0 13.0
3555.0 676.0 13.0
3561.0 718.0 13.0
3583.0 742.0 13.0
3585.0 708.0 13.0
3587.0 749.0 13.0
3591.0 696.0 13.0
3601.0 742.0 13.0
3627.0 749.0 13.0
3627.0 738.0 13.0
3627.0 614.0 13.0
3659.0 727.0 13.0
3663.0 725.0 13.0
3665.0 687.0 13.0
3679.0 639.0 13.0
3689.0 703.0 13.0
3701.0 711.0 13.0
3705.0 655.0 13.0
3721.0 681.0 13.0
3757.0 676.0 13.0
3775.0 684.0 13.0
3781.0 701.0 13.0
3785.0 761.0 13.0
3797.0 712.0 13.0
3837.0 757.0 13.0
3849.0 662.0 13.0
3859.0 714.0 13.0
3891.0 729.0 13.0
3903.0 785.0 13.0
3905.0 767.0 13.0
3983.0 757.0 13.0
4035.0 784.0 13.0
4067.0 734.0 13.0
4081.0 773.0 13.0
4093.0 667.0 13.0
4103.0 732.0 13.0
4111.0 848.0 13.0
4195.0 731.0 13.0
4243.0 742.0 13.0
4307.0 682.0 13.0
4337.0 748.0 13.0
4389.0 841.0 13.0
4445.0 712.0 13.0
4505.0 773.0 13.0
4553.0 773.0 13.0
4671.0 731.0 13.0
4721.0 789.0 13.0
4815.0 761.0 13.0
4841.0 785.0 13.0
4871.0 821.0 13.0
4921.0 793.0 13.0
4997.0 801.0 13.0
5045.0 779.0 13.0
