rev1.1
446963.0 85409.0 13.0
449957.0 85465.0 13.0
453789.0 85005.0 13.0
455941.0 85502.0 13.0
458719.0 85663.0 13.0
460495.0 85201.0 13.0
462165.0 86007.0 13.0
464545.0 85893.0 13.0
465029.0 85902.0 13.0
465061.0 85671.0 13.0
469785.0 85806.0 13.0
470899.0 85904.0 13.0
472475.0 85571.0 13.0
474273.0 85818.0 13.0
475393.0 85913.0 13.0
476091.0 85049.0 13.0
476185.0 86140.0 13.0
479073.0 86722.0 13.0
480187.0 85823.0 13.0
481615.0 86273.0 13.0
481719.0 86329.0 13.0
481737.0 86526.0 13.0
481759.0 86836.0 13.0
483793.0 86826.0 13.0
483817.0 86893.0 13.0
483947.0 86498.0 13.0
485069.0 86473.0 13.0
486019.0 87144.0 13.0
486599.0 86996.0 13.0
486615.0 87108.0 13.0
489523.0 85938.0 13.0
490105.0 86608.0 13.0
490461.0 87039.0 13.0
490551.0 86766.0 13.0
491093.0 86646.0 13.0
491119.0 86570.0 13.0
491183.0 87271.0 13.0
491839.0 85535.0 13.0
492687.0 87090.0 13.0
494515.0 86631.0 13.0
494985.0 87555.0 13.0
497575.0 87434.0 13.0
497939.0 87375.0 13.0
499387.0 87392.0 13.0
500261.0 87780.0 13.0
500855.0 86967.0 13.0
500871.0 87675.0 13.0
501449.0 87264.0 13.0
501911.0 86796.0 13.0
502081.0 87330.0 13.0
504271.0 86972.0 13.0
504359.0 87727.0 13.0
506889.0 86935.0 13.0
507499.0 86951.0 13.0
507569.0 87145.0 13.0
507803.0 87673.0 13.0
507861.0 87193.0 13.0
508173.0 86864.0 13.0
508373.0 87246.0 13.0
508613.0 87191.0 13.0
511537.0 87591.0 13.0
511899.0 87267.0 13.0
512021.0 87689.0 13.0
512751.0 87164.0 13.0
514879.0 88084.0 13.0
514987.0 88474.0 13.0
515123.0 88189.0 13.0
516033.0 87564.0 13.0
516683.0 88646.0 13.0
518157.0 87983.0 13.0
518515.0 88573.0 13.0
520143.0 88247.0 13.0
520603.0 88644.0 13.0
522237.0 87070.0 13.0
522961.0 87929.0 13.0
527475.0 88468.0 13.0
529061.0 88041.0 13.0
529869.0 88436.0 13.0
530561.0 87818.0 13.0
533093.0 89031.0 13.0
537009.0 88622.0 13.0
537579.0 88259.0 13.0
541415.0 88867.0 13.0
541577.0 87896.0 13.0
544137.0 88119.0 13.0
545369.0 89063.0 13.0
546889.0 89086.0 13.0
547005.0 88730.0 13.0
547923.0 89433.0 13.0
557541.0 90154.0 13.0
558957.0 89187.0 13.0
559279.0 88511.0 13.0
562423.0 89336.0 13.0
563341.0 90221.0 13.0
565505.0 90345.0 13.0
567367.0 90124.0 13.0
572865.0 90281.0 13.0
600729.0 91471.0 13.0
626445.0 91785.0 13.0
666147.0 93922.0 13.0
