rev1.1
1987.0 458.0 10.292591572368636
2035.0 512.0 8.403865827724482
2119.0 497.0 13.950609550695116
2165.0 513.0 11.390625000000167
2195.0 473.0 10.292591572368535
2197.0 515.0 10.292591572368588
2261.0 512.0 12.605798741586645
2277.0 516.0 18.908698112380062
2285.0 536.0 15.438887358552883
2293.0 474.0 12.605798741586668
2299.0 514.0 17.08593750000019
2305.0 519.0 20.0
2313.0 525.0 11.390625000000286
2327.0 554.0 18.90869811238012
2351.0 569.0 13.950609550695281
2353.0 508.0 13.950609550695136
2363.0 536.0 15.438887358553
2399.0 534.0 12.605798741586778
2399.0 532.0 10.292591572368645
2411.0 479.0 18.908698112380037
2415.0 496.0 20.0
2421.0 505.0 20.0
2421.0 524.0 11.390625000000341
2433.0 563.0 20.0
2435.0 509.0 12.605798741586849
2437.0 519.0 20.0
2441.0 522.0 20.0
2453.0 534.0 11.390625000000284
2453.0 535.0 12.605798741586744
2461.0 503.0 18.908698112380186
2463.0 491.0 20.0
2471.0 533.0 12.605798741586904
2471.0 567.0 17.085937500000366
2477.0 542.0 15.438887358552806
2481.0 531.0 15.438887358552803
2481.0 481.0 20.0
2491.0 526.0 17.085937500000334
2495.0 588.0 10.292591572368714
2505.0 519.0 15.438887358552977
2509.0 551.0 11.39062500000028
2515.0 498.0 11.390625000000318
2517.0 549.0 15.438887358553014
2521.0 519.0 17.08593750000048
2525.0 545.0 13.950609550695155
2537.0 514.0 17.085937500000327
2539.0 511.0 20.0
2549.0 531.0 12.605798741586819
2553.0 515.0 20.0
2557.0 542.0 20.0
2563.0 505.0 15.438887358552883
2575.0 426.0 18.908698112379962
2585.0 539.0 15.438887358552806
2587.0 539.0 20.0
2587.0 484.0 18.90869811238003
2589.0 528.0 17.085937500000366
2591.0 504.0 20.0
2595.0 551.0 18.908698112380147
2607.0 561.0 20.0
2611.0 525.0 15.43888735855305
2615.0 522.0 17.085937500000234
2615.0 562.0 13.950609550695093
2627.0 586.0 15.43888735855302
2633.0 574.0 12.60579874158676
2639.0 555.0 15.438887358552966
2655.0 556.0 20.0
2657.0 500.0 13.950609550695107
2657.0 498.0 17.085937500000437
2667.0 520.0 18.908698112380073
2673.0 546.0 20.0
2675.0 535.0 13.9506095506952
2679.0 557.0 17.085937500000366
2681.0 525.0 15.438887358552895
2685.0 570.0 20.0
2719.0 515.0 18.90869811238009
2739.0 518.0 17.08593750000039
2751.0 516.0 20.0
2767.0 532.0 20.0
2769.0 555.0 17.085937500000423
2781.0 570.0 18.90869811238003
2789.0 538.0 20.0
2795.0 510.0 12.605798741586812
2795.0 511.0 20.0
2807.0 553.0 20.0
2809.0 535.0 20.0
2815.0 539.0 20.0
2821.0 559.0 20.0
2895.0 517.0 20.0
2923.0 527.0 18.908698112380225
2949.0 535.0 20.0
2951.0 542.0 17.085937500000195
2957.0 534.0 20.0
3017.0 593.0 20.0
3041.0 518.0 20.0
3065.0 531.0 20.0
3091.0 540.0 20.0
3115.0 587.0 20.0
3157.0 485.0 20.0
3161.0 543.0 20.0
3177.0 505.0 20.0
3263.0 577.0 20.0
