rev1.1
9253.0 1896.0 20.0
9415.0 2064.0 20.0
9585.0 1972.0 20.0
9627.0 1964.0 20.0
9663.0 1906.0 20.0
9741.0 2026.0 20.0
9795.0 2112.0 20.0
9823.0 2070.0 20.0
9901.0 1922.0 20.0
9945.0 2013.0 20.0
9963.0 1981.0 20.0
10001.0 2093.0 20.0
10015.0 2141.0 20.0
10031.0 2137.0 20.0
10035.0 1972.0 20.0
10105.0 2021.0 20.0
10119.0 2044.0 15.438887358553117
10127.0 2076.0 20.0
10161.0 2078.0 20.0
10175.0 2045.0 20.0
10209.0 2135.0 20.0
10241.0 2063.0 20.0
10255.0 2028.0 20.0
10269.0 1991.0 20.0
10289.0 2120.0 20.0
10289.0 2115.0 17.08593750000107
10301.0 2037.0 20.0
10307.0 1968.0 20.0
10319.0 2107.0 20.0
10349.0 2094.0 20.0
10353.0 2129.0 20.0
10355.0 2153.0 20.0
10399.0 2042.0 20.0
10423.0 2037.0 20.0
10451.0 2108.0 20.0
10477.0 2080.0 20.0
10491.0 1966.0 20.0
10499.0 2094.0 20.0
10513.0 2142.0 20.0
10513.0 2025.0 20.0
10535.0 2046.0 20.0
10535.0 2051.0 20.0
10547.0 2135.0 20.0
10587.0 2003.0 20.0
10591.0 1980.0 20.0
10599.0 1998.0 20.0
10601.0 1965.0 20.0
10603.0 2076.0 20.0
10609.0 1939.0 20.0
10621.0 2042.0 20.0
10653.0 2118.0 20.0
10653.0 2093.0 20.0
10667.0 2095.0 20.0
10689.0 2099.0 20.0
10705.0 2175.0 20.0
10719.0 2118.0 20.0
10733.0 2040.0 20.0
10747.0 2094.0 20.0
10747.0 2118.0 20.0
10747.0 2117.0 20.0
10775.0 2053.0 20.0
10787.0 2003.0 20.0
10809.0 1998.0 20.0
10817.0 1995.0 20.0
10823.0 2130.0 20.0
10835.0 2123.0 20.0
10895.0 2055.0 20.0
10903.0 2055.0 20.0
10951.0 2126.0 20.0
10977.0 2089.0 20.0
10999.0 2135.0 20.0
11003.0 2113.0 20.0
11031.0 2062.0 20.0
11037.0 2154.0 20.0
11061.0 1981.0 20.0
11063.0 2078.0 20.0
11119.0 2254.0 20.0
11157.0 2080.0 20.0
11161.0 2046.0 20.0
11171.0 2085.0 20.0
11191.0 2102.0 20.0
11203.0 2118.0 20.0
11209.0 2012.0 20.0
11221.0 2066.0 20.0
11229.0 2158.0 20.0
11229.0 2105.0 20.0
11239.0 2110.0 20.0
11247.0 2154.0 20.0
11253.0 2048.0 20.0
11297.0 2040.0 20.0
11445.0 2015.0 20.0
11465.0 2078.0 20.0
11501.0 2224.0 20.0
11533.0 2060.0 20.0
11691.0 2072.0 20.0
11705.0 2126.0 20.0
11845.0 2106.0 20.0
11875.0 2062.0 20.0
11961.0 2116.0 20.0
12107.0 2031.0 20.0
