rev1.1
717863.0 131729.0 20.0
725427.0 131725.0 20.0
727737.0 130765.0 20.0
729699.0 132582.0 20.0
731067.0 133054.0 20.0
731275.0 133475.0 20.0
732163.0 131788.0 20.0
734783.0 132841.0 20.0
735905.0 132131.0 20.0
740653.0 132559.0 20.0
741305.0 132030.0 20.0
745227.0 131597.0 20.0
747043.0 132418.0 20.0
747095.0 132495.0 20.0
747337.0 132592.0 20.0
748299.0 131862.0 20.0
748661.0 132776.0 20.0
752315.0 133340.0 20.0
753673.0 132720.0 20.0
754105.0 132711.0 20.0
754859.0 132938.0 20.0
756367.0 132895.0 20.0
756623.0 133599.0 20.0
757571.0 132351.0 20.0
757577.0 132779.0 20.0
757783.0 133730.0 20.0
758049.0 132418.0 20.0
759173.0 132424.0 20.0
759613.0 132550.0 20.0
759923.0 133025.0 20.0
760563.0 132769.0 20.0
761023.0 132777.0 20.0
761781.0 132747.0 20.0
762365.0 133222.0 20.0
762725.0 133044.0 20.0
762811.0 133365.0 20.0
762933.0 133284.0 20.0
764133.0 132644.0 20.0
764425.0 133624.0 20.0
764703.0 132766.0 20.0
766279.0 132030.0 20.0
766327.0 133444.0 20.0
766763.0 132697.0 20.0
766775.0 132712.0 20.0
766911.0 133680.0 20.0
768115.0 133522.0 20.0
769019.0 132748.0 20.0
769953.0 133524.0 20.0
770269.0 132097.0 20.0
770993.0 132610.0 20.0
771411.0 133228.0 20.0
771729.0 132919.0 20.0
772307.0 133206.0 20.0
772625.0 133158.0 20.0
772927.0 132782.0 20.0
772979.0 133303.0 20.0
773363.0 133209.0 20.0
773547.0 133142.0 20.0
773967.0 133562.0 20.0
774495.0 132975.0 20.0
774943.0 133834.0 20.0
775373.0 132058.0 20.0
776423.0 133451.0 20.0
777061.0 133000.0 20.0
777269.0 132810.0 20.0
777929.0 132981.0 20.0
780611.0 133313.0 20.0
780957.0 133244.0 20.0
780971.0 133480.0 20.0
781037.0 133573.0 20.0
781375.0 133242.0 20.0
783435.0 133462.0 20.0
783797.0 133725.0 20.0
784199.0 133025.0 20.0
784273.0 133017.0 20.0
784911.0 133432.0 20.0
785583.0 133386.0 20.0
787501.0 133906.0 20.0
788611.0 134244.0 20.0
789377.0 133840.0 20.0
790133.0 133660.0 20.0
790545.0 133938.0 20.0
793055.0 133138.0 20.0
793635.0 134480.0 20.0
796895.0 133255.0 20.0
801407.0 134308.0 20.0
802151.0 133837.0 20.0
803279.0 133641.0 20.0
805957.0 134194.0 20.0
807063.0 133905.0 20.0
816227.0 134644.0 20.0
817383.0 134234.0 20.0
819207.0 135274.0 20.0
822425.0 133644.0 20.0
822627.0 134882.0 20.0
830247.0 135019.0 20.0
838867.0 136055.0 20.0
841783.0 134264.0 20.0
851407.0 135092.0 20.0
894777.0 137170.0 20.0
