rev1.1
4515.0 1042.0 13.950609550695571
4545.0 1019.0 18.908698112380392
4593.0 1112.0 15.43888735855304
4655.0 1025.0 12.605798741586865
4707.0 979.0 12.605798741587172
4717.0 971.0 13.950609550695306
4761.0 997.0 18.908698112380506
4771.0 1122.0 20.0
4779.0 1000.0 20.0
4785.0 1038.0 18.908698112380513
4785.0 1038.0 20.0
4841.0 935.0 20.0
4861.0 1002.0 18.90869811238039
4869.0 1019.0 20.0
4901.0 1038.0 18.908698112380183
4909.0 1072.0 20.0
4965.0 1081.0 18.908698112380478
4999.0 1026.0 20.0
5003.0 1101.0 18.90869811238037
5009.0 1033.0 13.950609550695358
5011.0 1022.0 20.0
5021.0 1061.0 20.0
5047.0 999.0 20.0
5049.0 1028.0 20.0
5065.0 1048.0 18.908698112380254
5073.0 1051.0 20.0
5083.0 984.0 20.0
5087.0 1082.0 20.0
5091.0 1053.0 20.0
5101.0 1134.0 17.085937500000597
5121.0 1053.0 20.0
5125.0 1012.0 20.0
5147.0 1116.0 13.950609550695054
5149.0 1014.0 20.0
5159.0 1055.0 20.0
5165.0 1021.0 20.0
5169.0 1058.0 20.0
5187.0 1021.0 20.0
5195.0 1015.0 20.0
5207.0 1117.0 18.9086981123806
5217.0 968.0 18.90869811238057
5221.0 1015.0 20.0
5241.0 1110.0 20.0
5241.0 1058.0 15.438887358553293
5249.0 1009.0 20.0
5273.0 990.0 20.0
5279.0 1015.0 18.90869811238053
5279.0 1050.0 20.0
5287.0 1066.0 20.0
5297.0 1057.0 20.0
5301.0 1104.0 18.908698112380467
5309.0 975.0 20.0
5311.0 1021.0 20.0
5323.0 962.0 20.0
5363.0 1030.0 20.0
5379.0 1063.0 20.0
5395.0 1012.0 20.0
5431.0 1077.0 18.908698112380463
5443.0 1059.0 20.0
5443.0 1047.0 20.0
5443.0 1025.0 20.0
5447.0 1038.0 17.085937500000654
5449.0 1104.0 20.0
5491.0 1034.0 20.0
5493.0 1066.0 20.0
5505.0 1016.0 20.0
5513.0 1035.0 20.0
5531.0 1052.0 20.0
5543.0 1068.0 20.0
5567.0 1038.0 20.0
5571.0 1085.0 20.0
5575.0 1068.0 20.0
5587.0 1130.0 20.0
5623.0 1047.0 20.0
5631.0 1055.0 20.0
5633.0 1011.0 20.0
5641.0 1030.0 20.0
5645.0 1071.0 20.0
5655.0 1108.0 20.0
5669.0 1136.0 20.0
5677.0 1025.0 20.0
5697.0 1046.0 20.0
5723.0 1068.0 20.0
5747.0 1091.0 20.0
5761.0 1062.0 20.0
5851.0 1082.0 20.0
5869.0 1020.0 20.0
5935.0 1019.0 20.0
5951.0 976.0 20.0
5983.0 992.0 20.0
6017.0 1080.0 20.0
6033.0 1080.0 20.0
6037.0 1125.0 20.0
6045.0 1104.0 20.0
6055.0 1014.0 20.0
6139.0 1123.0 20.0
6215.0 1124.0 20.0
6217.0 1119.0 20.0
6283.0 1099.0 20.0
6345.0 1139.0 20.0
