rev1.1
351201.0 65502.0 20.0
352705.0 65987.0 20.0
355443.0 65381.0 20.0
357567.0 65972.0 20.0
358553.0 65437.0 20.0
359047.0 65593.0 20.0
360403.0 65733.0 20.0
360955.0 65714.0 20.0
361369.0 66349.0 20.0
362339.0 66047.0 20.0
362445.0 65975.0 20.0
362673.0 65779.0 20.0
362797.0 65856.0 20.0
363075.0 65580.0 20.0
363277.0 66420.0 20.0
364413.0 65830.0 20.0
364631.0 65340.0 20.0
364681.0 66229.0 20.0
364921.0 66060.0 20.0
365209.0 65678.0 20.0
365345.0 66043.0 20.0
365417.0 66174.0 20.0
366133.0 66012.0 20.0
366243.0 66271.0 20.0
366259.0 65833.0 20.0
366587.0 66428.0 20.0
367023.0 65879.0 20.0
367335.0 66680.0 20.0
367569.0 66541.0 20.0
368787.0 66249.0 20.0
368805.0 66280.0 20.0
368919.0 66326.0 20.0
369275.0 65832.0 20.0
369695.0 65844.0 20.0
370017.0 66112.0 20.0
370055.0 66628.0 20.0
370403.0 66124.0 20.0
371929.0 66531.0 20.0
372437.0 66435.0 20.0
372557.0 66629.0 20.0
372611.0 66484.0 20.0
373547.0 65847.0 20.0
373589.0 66568.0 20.0
373691.0 66035.0 20.0
374173.0 66101.0 20.0
374511.0 65923.0 20.0
374713.0 66387.0 20.0
374835.0 66906.0 20.0
374853.0 66624.0 20.0
374903.0 66258.0 20.0
374911.0 66624.0 20.0
375013.0 66070.0 20.0
375347.0 66352.0 20.0
375775.0 66667.0 20.0
376373.0 65728.0 20.0
376419.0 66339.0 20.0
376803.0 66442.0 20.0
376977.0 66453.0 20.0
377081.0 65883.0 20.0
377115.0 66838.0 20.0
377987.0 66128.0 20.0
378205.0 66767.0 20.0
378541.0 66276.0 20.0
378551.0 66441.0 20.0
378867.0 66445.0 20.0
379015.0 66340.0 20.0
379247.0 66244.0 20.0
379495.0 66462.0 20.0
379565.0 66550.0 20.0
379645.0 65934.0 20.0
380079.0 65974.0 20.0
381897.0 66285.0 20.0
382027.0 66600.0 20.0
382713.0 66351.0 20.0
383289.0 66866.0 20.0
383393.0 65910.0 20.0
383657.0 66842.0 20.0
384227.0 66294.0 20.0
385375.0 66666.0 20.0
386305.0 66451.0 20.0
386409.0 66775.0 20.0
386557.0 66137.0 20.0
386633.0 66976.0 20.0
386719.0 66791.0 20.0
387853.0 66892.0 20.0
388011.0 66770.0 20.0
388407.0 67032.0 20.0
389235.0 66186.0 20.0
390953.0 66517.0 20.0
391149.0 66807.0 20.0
391229.0 66751.0 20.0
392613.0 67474.0 20.0
392815.0 66830.0 20.0
392979.0 66962.0 20.0
394111.0 66537.0 20.0
400575.0 67141.0 20.0
403769.0 67016.0 20.0
405107.0 67404.0 20.0
405991.0 67308.0 20.0
432893.0 67463.0 20.0
