rev1.1
83545.0 16244.0 20.0
83871.0 16240.0 20.0
84475.0 16492.0 20.0
84609.0 16191.0 20.0
85089.0 16553.0 20.0
85795.0 16138.0 20.0
85935.0 16415.0 20.0
85953.0 16434.0 20.0
86187.0 16382.0 20.0
86759.0 16507.0 20.0
86917.0 16404.0 20.0
86959.0 16417.0 20.0
87001.0 16307.0 20.0
87183.0 16216.0 20.0
87487.0 16431.0 20.0
87695.0 16465.0 20.0
87827.0 16285.0 20.0
87997.0 16523.0 20.0
88001.0 16424.0 20.0
88027.0 16741.0 20.0
88083.0 16454.0 20.0
88095.0 16582.0 20.0
88141.0 16321.0 20.0
88287.0 16689.0 20.0
88369.0 16226.0 20.0
88379.0 16242.0 20.0
88513.0 16533.0 20.0
88555.0 16527.0 20.0
88565.0 16176.0 20.0
88641.0 16598.0 20.0
88785.0 16428.0 20.0
88865.0 16463.0 20.0
88983.0 16306.0 20.0
89029.0 16660.0 20.0
89059.0 16340.0 20.0
89207.0 16201.0 20.0
89251.0 16557.0 20.0
89313.0 16555.0 20.0
89337.0 16585.0 20.0
89423.0 16519.0 20.0
89499.0 16466.0 20.0
89595.0 16401.0 20.0
89693.0 16840.0 20.0
89851.0 16402.0 20.0
90035.0 16507.0 20.0
90057.0 16809.0 20.0
90089.0 16459.0 20.0
90171.0 16949.0 20.0
90187.0 16502.0 20.0
90309.0 16355.0 20.0
90497.0 16298.0 20.0
90549.0 16568.0 20.0
90663.0 16174.0 20.0
90675.0 16554.0 20.0
90693.0 16367.0 20.0
90939.0 16396.0 20.0
90951.0 16164.0 20.0
90973.0 16468.0 20.0
90987.0 16704.0 20.0
91431.0 16335.0 20.0
91527.0 16614.0 20.0
91557.0 16666.0 20.0
91625.0 16418.0 20.0
91645.0 16653.0 20.0
91767.0 16391.0 20.0
91933.0 16569.0 20.0
92035.0 16501.0 20.0
92221.0 16808.0 20.0
92237.0 16673.0 20.0
92313.0 16610.0 20.0
92369.0 16280.0 20.0
92377.0 16517.0 20.0
92503.0 16522.0 20.0
92513.0 16578.0 20.0
92579.0 16563.0 20.0
92711.0 16750.0 20.0
92727.0 16982.0 20.0
92737.0 16550.0 20.0
92759.0 17057.0 20.0
93011.0 16456.0 20.0
93339.0 16633.0 20.0
93449.0 16480.0 20.0
93625.0 16625.0 20.0
93657.0 16586.0 20.0
93719.0 16627.0 20.0
93791.0 16726.0 20.0
94489.0 16549.0 20.0
94565.0 16554.0 20.0
94953.0 16839.0 20.0
95207.0 16682.0 20.0
95443.0 16453.0 20.0
95641.0 16892.0 20.0
95671.0 16738.0 20.0
96249.0 16862.0 20.0
96775.0 16698.0 20.0
96893.0 16596.0 20.0
97389.0 16937.0 20.0
97513.0 16650.0 20.0
99297.0 16707.0 20.0
101109.0 16909.0 20.0
