rev1.1
174451.0 32653.0 20.0
174511.0 33216.0 20.0
176325.0 32673.0 20.0
177055.0 32687.0 20.0
177083.0 33327.0 20.0
177181.0 32746.0 20.0
177339.0 32797.0 20.0
177589.0 32684.0 20.0
177907.0 33006.0 20.0
178037.0 32825.0 20.0
178057.0 33078.0 20.0
178165.0 32729.0 20.0
178515.0 33191.0 20.0
178781.0 33032.0 20.0
178823.0 33190.0 20.0
179425.0 33238.0 20.0
179505.0 33343.0 20.0
179543.0 32978.0 20.0
179929.0 33049.0 20.0
180025.0 32860.0 20.0
180367.0 33161.0 20.0
181141.0 32732.0 20.0
181151.0 32915.0 20.0
181279.0 32808.0 20.0
181375.0 33356.0 20.0
181631.0 33194.0 20.0
182247.0 33048.0 20.0
182409.0 32836.0 20.0
182631.0 33242.0 20.0
182951.0 33184.0 20.0
183025.0 33096.0 20.0
183059.0 32520.0 20.0
183347.0 33157.0 20.0
183381.0 32870.0 20.0
183433.0 33161.0 20.0
183673.0 32962.0 20.0
183697.0 32935.0 20.0
183743.0 33070.0 20.0
183871.0 32959.0 20.0
183993.0 32641.0 20.0
184111.0 32881.0 20.0
184173.0 32711.0 20.0
184201.0 32759.0 20.0
184319.0 33417.0 20.0
184371.0 33035.0 20.0
184529.0 33191.0 20.0
184577.0 33131.0 20.0
184711.0 33008.0 20.0
184897.0 33262.0 20.0
184903.0 32753.0 20.0
185177.0 33621.0 20.0
185279.0 33019.0 20.0
185921.0 33176.0 20.0
185979.0 33354.0 20.0
186017.0 33294.0 20.0
186031.0 32960.0 20.0
186179.0 32966.0 20.0
186237.0 33291.0 20.0
186355.0 33395.0 20.0
186383.0 32822.0 20.0
186505.0 32810.0 20.0
186817.0 33209.0 20.0
186895.0 33277.0 20.0
186915.0 33241.0 20.0
187121.0 33152.0 20.0
187581.0 32868.0 20.0
188255.0 33120.0 20.0
188387.0 32652.0 20.0
188415.0 33428.0 20.0
188421.0 32712.0 20.0
188437.0 33629.0 20.0
188479.0 33120.0 20.0
188613.0 32496.0 20.0
188641.0 33191.0 20.0
189413.0 33657.0 20.0
189523.0 33017.0 20.0
189567.0 33384.0 20.0
189567.0 33047.0 20.0
190079.0 33623.0 20.0
190417.0 33276.0 20.0
190751.0 33012.0 20.0
190997.0 33545.0 20.0
191163.0 33399.0 20.0
191363.0 33433.0 20.0
191725.0 33061.0 20.0
191931.0 33187.0 20.0
193947.0 33061.0 20.0
193971.0 33392.0 20.0
194055.0 33715.0 20.0
194387.0 33384.0 20.0
194453.0 33280.0 20.0
197581.0 33405.0 20.0
198513.0 33351.0 20.0
199033.0 33489.0 20.0
201215.0 33420.0 20.0
201627.0 33408.0 20.0
202091.0 33576.0 20.0
202769.0 33815.0 20.0
208323.0 33748.0 20.0
213075.0 34113.0 20.0
