rev1.1
39807.0 8014.0 20.0
41057.0 8008.0 20.0
41317.0 8133.0 20.0
41319.0 8312.0 20.0
41645.0 8153.0 20.0
41725.0 8183.0 20.0
41877.0 8062.0 20.0
41939.0 8176.0 20.0
42049.0 8249.0 20.0
42289.0 8295.0 20.0
42413.0 8114.0 20.0
42575.0 8084.0 20.0
42703.0 8289.0 20.0
42767.0 8065.0 20.0
42893.0 8073.0 20.0
42927.0 8041.0 20.0
43015.0 8381.0 20.0
43025.0 8125.0 20.0
43035.0 8102.0 20.0
43139.0 8400.0 20.0
43145.0 8257.0 20.0
43165.0 8361.0 20.0
43171.0 8106.0 20.0
43179.0 7956.0 20.0
43183.0 8260.0 20.0
43235.0 8267.0 20.0
43265.0 8206.0 20.0
43305.0 8200.0 20.0
43307.0 8252.0 20.0
43337.0 8323.0 20.0
43399.0 8200.0 20.0
43543.0 8335.0 20.0
43583.0 8309.0 20.0
43589.0 8194.0 20.0
43603.0 8426.0 20.0
43605.0 8206.0 20.0
43703.0 8087.0 20.0
43715.0 8188.0 20.0
43815.0 8093.0 20.0
43845.0 8135.0 20.0
43861.0 7987.0 20.0
43873.0 8315.0 20.0
43881.0 8157.0 20.0
43993.0 8310.0 20.0
44093.0 8207.0 20.0
44197.0 8176.0 20.0
44227.0 8263.0 20.0
44229.0 8272.0 20.0
44329.0 8217.0 20.0
44339.0 8170.0 20.0
44521.0 8206.0 20.0
44525.0 8323.0 20.0
44571.0 8400.0 20.0
44575.0 8232.0 20.0
44587.0 8282.0 20.0
44695.0 8078.0 20.0
44733.0 8264.0 20.0
44743.0 8224.0 20.0
44789.0 8123.0 20.0
44875.0 8086.0 20.0
44893.0 8237.0 20.0
44915.0 8212.0 20.0
45045.0 8216.0 20.0
45127.0 8318.0 20.0
45191.0 8159.0 20.0
45301.0 8489.0 20.0
45311.0 8356.0 20.0
45331.0 8297.0 20.0
45349.0 8066.0 20.0
45453.0 8249.0 20.0
45527.0 8224.0 20.0
45545.0 8343.0 20.0
45555.0 8045.0 20.0
45593.0 8037.0 20.0
45647.0 8340.0 20.0
45787.0 8147.0 20.0
45805.0 8313.0 20.0
45881.0 8400.0 20.0
45915.0 8171.0 20.0
45995.0 8143.0 20.0
46223.0 8366.0 20.0
46283.0 8233.0 20.0
46539.0 8209.0 20.0
46603.0 8223.0 20.0
46687.0 8213.0 20.0
46723.0 8366.0 20.0
46845.0 8229.0 20.0
46943.0 8076.0 20.0
47187.0 8307.0 20.0
47295.0 8288.0 20.0
47897.0 8079.0 20.0
47901.0 8210.0 20.0
48533.0 8314.0 20.0
48635.0 8299.0 20.0
48913.0 8299.0 20.0
49299.0 8474.0 20.0
49677.0 8477.0 20.0
50371.0 8318.0 20.0
52857.0 8573.0 20.0
55323.0 8630.0 20.0
