rev1.1
18943.0 4021.0 20.0
19705.0 4017.0 20.0
19807.0 4193.0 20.0
19851.0 4050.0 20.0
19989.0 4073.0 20.0
20077.0 4156.0 20.0
20077.0 4058.0 20.0
20191.0 3965.0 20.0
20199.0 4041.0 20.0
20277.0 3978.0 20.0
20313.0 4062.0 20.0
20591.0 4021.0 20.0
20703.0 4123.0 20.0
20811.0 4050.0 20.0
20987.0 4024.0 20.0
21005.0 3975.0 20.0
21009.0 4080.0 20.0
21091.0 4133.0 20.0
21155.0 4113.0 20.0
21155.0 4029.0 20.0
21191.0 4011.0 20.0
21215.0 4085.0 20.0
21221.0 4045.0 20.0
21227.0 4139.0 20.0
21249.0 4034.0 20.0
21313.0 3992.0 20.0
21349.0 4254.0 20.0
21353.0 4053.0 20.0
21383.0 4084.0 20.0
21393.0 4268.0 20.0
21403.0 4246.0 20.0
21403.0 4074.0 20.0
21465.0 4201.0 20.0
21505.0 4214.0 20.0
21527.0 4263.0 20.0
21539.0 4055.0 20.0
21579.0 4170.0 20.0
21603.0 4157.0 20.0
21615.0 3973.0 20.0
21631.0 4146.0 20.0
21639.0 4098.0 20.0
21715.0 4309.0 20.0
21753.0 4138.0 20.0
21771.0 4065.0 20.0
21795.0 4225.0 20.0
21817.0 4176.0 20.0
21829.0 4167.0 20.0
21845.0 4034.0 20.0
21861.0 4191.0 20.0
21865.0 4236.0 20.0
21865.0 4259.0 20.0
21867.0 4045.0 20.0
21925.0 4048.0 20.0
21941.0 4103.0 20.0
21953.0 4050.0 20.0
21967.0 4278.0 20.0
21981.0 4082.0 20.0
22033.0 4198.0 20.0
22079.0 4144.0 20.0
22095.0 4064.0 20.0
22147.0 4047.0 20.0
22171.0 4099.0 20.0
22259.0 4093.0 20.0
22259.0 4160.0 20.0
22383.0 4062.0 20.0
22393.0 4163.0 20.0
22419.0 4158.0 20.0
22445.0 4097.0 20.0
22453.0 4084.0 20.0
22493.0 4091.0 20.0
22497.0 4027.0 20.0
22527.0 4312.0 20.0
22549.0 4101.0 20.0
22571.0 4221.0 20.0
22589.0 4072.0 20.0
22603.0 4166.0 20.0
22633.0 4242.0 20.0
22641.0 4047.0 20.0
22667.0 4064.0 20.0
22703.0 4136.0 20.0
22737.0 3999.0 20.0
22753.0 4126.0 20.0
22831.0 4121.0 20.0
22843.0 4201.0 20.0
22871.0 4224.0 20.0
22961.0 4167.0 20.0
23001.0 4030.0 20.0
23069.0 4175.0 20.0
23235.0 4176.0 20.0
23339.0 4199.0 20.0
23383.0 4052.0 20.0
23399.0 4073.0 20.0
23419.0 4184.0 20.0
23517.0 4067.0 20.0
23529.0 4281.0 20.0
23669.0 4195.0 20.0
23807.0 4306.0 20.0
24049.0 4002.0 20.0
24101.0 4101.0 20.0
24355.0 4258.0 20.0
