rev1.1
867.0 216.0 7.593750000000119
921.0 247.0 5.602577218482944
961.0 226.0 9.300406367129973
979.0 240.0 11.390625000000114
997.0 252.0 11.390625000000094
1001.0 219.0 7.593750000000087
1025.0 278.0 7.593750000000093
1033.0 271.0 8.403865827724369
1037.0 257.0 9.30040636712997
1081.0 253.0 8.403865827724438
1083.0 286.0 6.861727714912346
1083.0 248.0 12.605798741586629
1085.0 253.0 8.403865827724397
1087.0 274.0 6.861727714912298
1091.0 272.0 10.292591572368526
1097.0 260.0 11.390625000000137
1117.0 232.0 11.390625000000167
1121.0 291.0 8.403865827724404
1123.0 253.0 10.292591572368515
1127.0 240.0 7.5937500000001235
1135.0 241.0 11.390625000000187
1135.0 260.0 9.300406367129998
1137.0 289.0 9.300406367129986
1143.0 302.0 10.292591572368504
1147.0 263.0 10.292591572368504
1149.0 268.0 9.300406367129982
1151.0 221.0 13.95060955069498
1169.0 261.0 13.95060955069497
1175.0 290.0 17.085937500000163
1177.0 248.0 12.605798741586668
1177.0 272.0 13.950609550695033
1179.0 281.0 12.60579874158664
1181.0 267.0 8.40386582772442
1185.0 270.0 11.39062500000016
1187.0 236.0 8.403865827724413
1189.0 256.0 12.605798741586579
1191.0 286.0 8.403865827724449
1193.0 280.0 8.403865827724479
1203.0 249.0 13.950609550694944
1207.0 272.0 20.0
1211.0 267.0 12.60579874158661
1223.0 294.0 8.403865827724426
1223.0 290.0 6.861727714912383
1227.0 258.0 9.300406367129977
1235.0 263.0 17.085937500000288
1237.0 309.0 11.390625000000137
1241.0 263.0 15.43888735855278
1241.0 255.0 17.085937500000178
1241.0 264.0 12.605798741586645
1245.0 280.0 9.300406367129995
1255.0 272.0 17.085937500000096
1257.0 280.0 17.085937500000178
1263.0 315.0 10.29259157236847
1267.0 229.0 15.438887358552696
1271.0 280.0 15.438887358552714
1275.0 263.0 11.390625000000137
1281.0 281.0 11.390625000000158
1291.0 274.0 15.43888735855274
1295.0 282.0 15.438887358552764
1301.0 307.0 9.300406367130071
1315.0 293.0 11.390625000000133
1317.0 287.0 11.390625000000165
1329.0 288.0 10.29259157236847
1335.0 289.0 15.438887358552911
1339.0 267.0 15.438887358552803
1341.0 286.0 15.438887358552845
1341.0 276.0 13.950609550694946
1343.0 269.0 13.950609550695019
1349.0 285.0 12.605798741586648
1361.0 277.0 12.605798741586716
1365.0 314.0 15.438887358552728
1371.0 230.0 20.0
1373.0 306.0 13.950609550694974
1373.0 231.0 20.0
1379.0 254.0 18.90869811238002
1385.0 256.0 15.438887358552861
1391.0 276.0 13.950609550694995
1397.0 298.0 13.95060955069497
1399.0 261.0 18.908698112379973
1401.0 305.0 18.908698112380073
1411.0 271.0 15.4388873585527
1417.0 278.0 15.438887358552696
1423.0 308.0 15.438887358552705
1429.0 295.0 12.60579874158661
1453.0 313.0 13.950609550695036
1467.0 297.0 20.0
1471.0 284.0 20.0
1471.0 303.0 15.438887358552867
1471.0 304.0 15.438887358552806
1471.0 289.0 15.438887358552757
1493.0 312.0 20.0
1503.0 270.0 17.0859375000003
1511.0 291.0 17.08593750000025
1515.0 257.0 20.0
1535.0 271.0 20.0
1545.0 317.0 17.085937500000302
1551.0 274.0 15.438887358552853
1623.0 269.0 20.0
1661.0 301.0 20.0
1679.0 288.0 20.0
