rev1.1
1121.0 332.0 9.300406367129927
1251.0 334.0 6.200270911419999
1255.0 315.0 13.950609550695061
1289.0 386.0 6.200270911420009
1319.0 297.0 8.403865827724413
1319.0 291.0 13.950609550695068
1325.0 349.0 12.60579874158664
1329.0 298.0 10.29259157236858
1363.0 328.0 12.605798741586542
1379.0 326.0 11.3906250000002
1427.0 356.0 6.86172771491236
1441.0 355.0 11.390625000000098
1449.0 336.0 12.605798741586781
1463.0 278.0 17.08593750000029
1469.0 343.0 12.605798741586693
1471.0 340.0 9.300406367129964
1477.0 310.0 10.292591572368554
1511.0 393.0 8.403865827724468
1519.0 354.0 9.300406367129947
1521.0 371.0 10.292591572368657
1521.0 387.0 13.950609550695054
1525.0 295.0 20.0
1541.0 349.0 10.292591572368627
1545.0 362.0 9.300406367129959
1547.0 373.0 8.403865827724474
1555.0 316.0 10.292591572368597
1557.0 359.0 13.950609550695098
1559.0 351.0 17.085937500000284
1561.0 339.0 9.300406367130085
1593.0 346.0 8.403865827724482
1601.0 360.0 9.30040636713012
1603.0 337.0 17.08593750000019
1605.0 415.0 9.300406367129986
1607.0 315.0 17.0859375000002
1607.0 330.0 12.605798741586645
1617.0 387.0 6.200270911419976
1623.0 371.0 12.60579874158661
1627.0 345.0 20.0
1643.0 412.0 11.390625000000256
1653.0 443.0 11.390625000000087
1661.0 293.0 20.0
1673.0 329.0 20.0
1675.0 366.0 20.0
1687.0 343.0 20.0
1701.0 367.0 13.950609550695036
1701.0 352.0 15.43888735855272
1703.0 393.0 11.390625000000162
1705.0 393.0 9.30040636713
1713.0 383.0 12.605798741586712
1723.0 364.0 15.43888735855285
1741.0 322.0 15.438887358552883
1741.0 357.0 11.39062500000024
1753.0 343.0 11.390625000000217
1757.0 411.0 11.390625000000176
1761.0 348.0 20.0
1781.0 375.0 13.950609550695049
1839.0 308.0 20.0
1857.0 442.0 10.29259157236862
1863.0 408.0 11.390625000000226
1867.0 374.0 20.0
1889.0 366.0 20.0
1899.0 347.0 20.0
1905.0 427.0 17.085937500000366
1913.0 409.0 11.390625000000265
1925.0 356.0 20.0
1927.0 346.0 20.0
1929.0 365.0 11.390625000000208
1945.0 390.0 20.0
1961.0 368.0 20.0
1979.0 360.0 20.0
1981.0 328.0 20.0
1985.0 360.0 20.0
2029.0 422.0 12.605798741586645
2031.0 352.0 18.908698112380073
2041.0 373.0 20.0
2043.0 355.0 20.0
2047.0 373.0 20.0
2099.0 397.0 20.0
2113.0 415.0 20.0
2129.0 410.0 20.0
2141.0 454.0 20.0
2155.0 453.0 17.085937500000245
2159.0 436.0 17.08593750000019
2171.0 391.0 20.0
2173.0 356.0 20.0
2181.0 368.0 20.0
2243.0 346.0 20.0
2261.0 367.0 20.0
2309.0 418.0 18.90869811237986
2345.0 395.0 20.0
2363.0 450.0 20.0
2409.0 379.0 20.0
2461.0 381.0 20.0
2489.0 404.0 20.0
2529.0 465.0 20.0
2639.0 405.0 20.0
2695.0 401.0 20.0
2863.0 471.0 20.0
2969.0 418.0 20.0
3509.0 387.0 20.0
