rev1.1
220243.0 42184.0 20.0
223035.0 41256.0 20.0
223191.0 41677.0 20.0
223329.0 41557.0 20.0
223429.0 41560.0 20.0
223789.0 41588.0 20.0
224763.0 42243.0 20.0
225971.0 41725.0 20.0
226001.0 42325.0 20.0
227169.0 42369.0 20.0
227231.0 42349.0 20.0
228611.0 41968.0 20.0
229123.0 42184.0 20.0
229467.0 41373.0 20.0
230235.0 41956.0 20.0
230725.0 42351.0 20.0
230891.0 42054.0 20.0
231193.0 41402.0 20.0
231199.0 41855.0 20.0
233629.0 42456.0 20.0
234445.0 42079.0 20.0
235123.0 42331.0 20.0
235125.0 41938.0 20.0
235451.0 42021.0 20.0
235803.0 42306.0 20.0
235803.0 42041.0 20.0
236019.0 42055.0 20.0
236181.0 42462.0 20.0
236359.0 42628.0 20.0
237275.0 42217.0 20.0
238031.0 42689.0 20.0
238221.0 42368.0 20.0
239407.0 42548.0 20.0
239783.0 42636.0 20.0
241593.0 43004.0 20.0
242143.0 41837.0 20.0
242227.0 42398.0 20.0
242309.0 42550.0 20.0
242979.0 42068.0 20.0
243247.0 42307.0 20.0
243453.0 42203.0 20.0
243947.0 42376.0 20.0
244295.0 42900.0 20.0
244359.0 42872.0 20.0
244531.0 42206.0 20.0
245225.0 42884.0 20.0
245695.0 42238.0 20.0
245733.0 42639.0 20.0
246059.0 42443.0 20.0
246595.0 42519.0 20.0
246863.0 43137.0 20.0
246867.0 42974.0 20.0
247489.0 42806.0 20.0
247737.0 42471.0 20.0
247849.0 42487.0 20.0
247915.0 42647.0 20.0
248345.0 42627.0 20.0
249159.0 42456.0 20.0
249407.0 43022.0 20.0
249595.0 42253.0 20.0
249787.0 42438.0 20.0
250051.0 42316.0 20.0
250727.0 42469.0 20.0
250797.0 42645.0 20.0
251659.0 42907.0 20.0
252085.0 42483.0 20.0
252911.0 42804.0 20.0
254097.0 42837.0 20.0
254461.0 42646.0 20.0
255335.0 42811.0 20.0
255565.0 43006.0 20.0
256133.0 43229.0 20.0
256203.0 42217.0 20.0
257029.0 42644.0 20.0
257445.0 42864.0 20.0
257911.0 42812.0 20.0
259517.0 43385.0 20.0
261721.0 42733.0 20.0
262087.0 43307.0 20.0
262209.0 42518.0 20.0
263697.0 43321.0 20.0
265927.0 42603.0 20.0
265981.0 42956.0 20.0
266495.0 43010.0 20.0
267713.0 42826.0 20.0
267757.0 43026.0 20.0
269771.0 42653.0 20.0
270463.0 42762.0 20.0
271731.0 43405.0 20.0
273301.0 43307.0 20.0
273863.0 43546.0 20.0
276069.0 43294.0 20.0
276645.0 43430.0 20.0
280215.0 43537.0 20.0
281133.0 42519.0 20.0
283705.0 43245.0 20.0
283911.0 43572.0 20.0
294513.0 43498.0 20.0
301251.0 43954.0 20.0
308891.0 43769.0 20.0
