rev1.1
11753.0 2710.0 20.0
11819.0 2402.0 20.0
12029.0 2589.0 20.0
12195.0 2589.0 20.0
12323.0 2640.0 20.0
12405.0 2568.0 20.0
12437.0 2621.0 20.0
12629.0 2670.0 20.0
12693.0 2674.0 20.0
12783.0 2791.0 20.0
12847.0 2762.0 20.0
12945.0 2729.0 20.0
13041.0 2530.0 20.0
13091.0 2520.0 20.0
13119.0 2692.0 20.0
13123.0 2706.0 20.0
13211.0 2813.0 20.0
13221.0 2694.0 20.0
13231.0 2593.0 20.0
13255.0 2694.0 20.0
13275.0 2491.0 20.0
13307.0 2608.0 20.0
13313.0 2553.0 20.0
13375.0 2704.0 20.0
13407.0 2753.0 20.0
13441.0 2740.0 20.0
13555.0 2562.0 20.0
13557.0 2814.0 20.0
13569.0 2541.0 20.0
13571.0 2647.0 20.0
13677.0 2279.0 20.0
13707.0 2701.0 20.0
13707.0 2622.0 20.0
13721.0 2657.0 20.0
13795.0 2611.0 20.0
13839.0 2496.0 20.0
13879.0 2902.0 20.0
13923.0 2616.0 20.0
13975.0 2599.0 20.0
14137.0 2815.0 20.0
14141.0 2728.0 20.0
14165.0 2850.0 20.0
14291.0 2630.0 20.0
14321.0 2649.0 20.0
14341.0 2859.0 20.0
14347.0 2726.0 20.0
14433.0 2875.0 20.0
14443.0 2578.0 20.0
14443.0 2737.0 20.0
14463.0 2878.0 20.0
14505.0 2699.0 20.0
14607.0 2710.0 20.0
14609.0 3008.0 20.0
14655.0 2737.0 20.0
14705.0 2874.0 20.0
14707.0 2670.0 20.0
14711.0 2609.0 20.0
14773.0 2622.0 20.0
14793.0 2807.0 20.0
14797.0 2648.0 20.0
14887.0 2602.0 20.0
14913.0 3006.0 20.0
15051.0 2698.0 20.0
15065.0 2713.0 20.0
15177.0 2733.0 20.0
15213.0 2815.0 20.0
15241.0 2785.0 20.0
15281.0 2641.0 20.0
15283.0 2772.0 20.0
15337.0 2801.0 20.0
15375.0 2724.0 20.0
15407.0 2902.0 20.0
15611.0 2612.0 20.0
15635.0 2833.0 20.0
15665.0 2676.0 20.0
15745.0 2750.0 20.0
15901.0 2911.0 20.0
16065.0 2766.0 20.0
16133.0 2748.0 20.0
16279.0 2940.0 20.0
16287.0 2677.0 20.0
16523.0 2617.0 20.0
16615.0 2740.0 20.0
16649.0 2696.0 20.0
16693.0 2877.0 20.0
17099.0 2797.0 20.0
17135.0 2922.0 20.0
17177.0 2652.0 20.0
17243.0 2895.0 20.0
17251.0 2913.0 20.0
17655.0 2732.0 20.0
17673.0 2777.0 20.0
18247.0 2843.0 20.0
18439.0 2809.0 20.0
18659.0 2773.0 20.0
18691.0 2761.0 20.0
18761.0 2864.0 20.0
19151.0 2668.0 20.0
20537.0 2980.0 20.0
23977.0 3006.0 20.0
