rev1.1
2575.0 618.0 12.605798741586849
2615.0 618.0 13.950609550695098
2673.0 670.0 10.292591572368629
2701.0 650.0 9.300406367130085
2815.0 635.0 10.29259157236856
2831.0 618.0 15.438887358552945
2897.0 573.0 15.438887358552895
2897.0 589.0 18.90869811238014
2925.0 670.0 15.438887358552845
2931.0 679.0 15.438887358552826
2951.0 732.0 12.605798741586746
2951.0 641.0 12.605798741586717
2975.0 647.0 13.950609550695175
2983.0 657.0 11.390625000000322
3031.0 605.0 13.950609550695244
3071.0 641.0 20.0
3075.0 728.0 15.438887358552915
3131.0 683.0 15.43888735855282
3151.0 625.0 18.90869811238031
3173.0 730.0 18.908698112379984
3181.0 638.0 20.0
3183.0 677.0 20.0
3207.0 764.0 11.390625000000378
3231.0 731.0 13.950609550695221
3235.0 764.0 15.4388873585529
3255.0 667.0 17.085937500000576
3263.0 629.0 20.0
3265.0 737.0 17.08593750000042
3269.0 772.0 17.085937500000675
3269.0 705.0 20.0
3303.0 666.0 20.0
3305.0 709.0 20.0
3335.0 713.0 20.0
3353.0 704.0 17.085937500000423
3369.0 649.0 20.0
3375.0 750.0 20.0
3397.0 735.0 17.08593750000063
3433.0 642.0 20.0
3443.0 727.0 20.0
3473.0 778.0 10.29259157236869
3473.0 667.0 20.0
3497.0 788.0 12.605798741586764
3507.0 647.0 20.0
3523.0 719.0 20.0
3553.0 756.0 15.438887358553051
3567.0 690.0 20.0
3595.0 642.0 20.0
3597.0 687.0 20.0
3625.0 703.0 20.0
3645.0 770.0 20.0
3669.0 736.0 20.0
3673.0 746.0 20.0
3699.0 786.0 20.0
3703.0 714.0 20.0
3719.0 669.0 20.0
3721.0 674.0 20.0
3721.0 754.0 20.0
3723.0 826.0 17.0859375000003
3731.0 843.0 18.908698112380314
3733.0 716.0 20.0
3737.0 791.0 20.0
3755.0 655.0 20.0
3755.0 796.0 20.0
3761.0 700.0 20.0
3769.0 692.0 20.0
3787.0 706.0 20.0
3811.0 722.0 20.0
3815.0 834.0 20.0
3863.0 699.0 20.0
3891.0 766.0 17.085937500000504
3899.0 655.0 20.0
3907.0 749.0 20.0
3913.0 656.0 20.0
3957.0 716.0 20.0
3983.0 745.0 20.0
4069.0 621.0 20.0
4079.0 777.0 20.0
4083.0 695.0 20.0
4177.0 800.0 20.0
4183.0 675.0 20.0
4239.0 741.0 20.0
4273.0 738.0 20.0
4281.0 694.0 20.0
4291.0 687.0 20.0
4325.0 747.0 20.0
4379.0 729.0 20.0
4397.0 850.0 18.908698112380403
4403.0 684.0 20.0
4407.0 709.0 20.0
4539.0 818.0 20.0
4603.0 794.0 20.0
4699.0 741.0 20.0
4757.0 702.0 20.0
4763.0 733.0 20.0
4779.0 754.0 20.0
4781.0 810.0 20.0
4839.0 770.0 20.0
4925.0 750.0 20.0
4935.0 756.0 20.0
6963.0 788.0 20.0
