rev1.1
5777.0 1368.0 20.0
5793.0 1305.0 17.08593750000078
5833.0 1351.0 18.90869811238026
6003.0 1252.0 20.0
6037.0 1204.0 20.0
6043.0 1316.0 20.0
6067.0 1290.0 20.0
6095.0 1310.0 20.0
6107.0 1347.0 20.0
6115.0 1332.0 20.0
6117.0 1320.0 20.0
6139.0 1262.0 20.0
6179.0 1266.0 20.0
6207.0 1320.0 20.0
6257.0 1368.0 17.085937500000373
6257.0 1300.0 20.0
6377.0 1373.0 20.0
6415.0 1317.0 20.0
6419.0 1365.0 20.0
6433.0 1297.0 20.0
6457.0 1394.0 20.0
6461.0 1208.0 20.0
6461.0 1327.0 20.0
6501.0 1325.0 20.0
6507.0 1317.0 20.0
6509.0 1440.0 20.0
6583.0 1493.0 20.0
6593.0 1298.0 20.0
6595.0 1374.0 20.0
6697.0 1230.0 20.0
6745.0 1323.0 20.0
6761.0 1294.0 20.0
6767.0 1271.0 20.0
6781.0 1331.0 20.0
6817.0 1374.0 20.0
6819.0 1440.0 20.0
6825.0 1434.0 20.0
6831.0 1352.0 20.0
6839.0 1302.0 20.0
6853.0 1197.0 20.0
6857.0 1271.0 20.0
6899.0 1346.0 20.0
6921.0 1278.0 20.0
6953.0 1313.0 20.0
6987.0 1337.0 20.0
6989.0 1380.0 20.0
7011.0 1353.0 20.0
7055.0 1509.0 20.0
7063.0 1250.0 20.0
7103.0 1423.0 20.0
7117.0 1424.0 20.0
7151.0 1372.0 20.0
7153.0 1305.0 20.0
7177.0 1322.0 20.0
7187.0 1346.0 20.0
7205.0 1430.0 20.0
7209.0 1350.0 20.0
7209.0 1398.0 20.0
7241.0 1407.0 20.0
7277.0 1357.0 20.0
7327.0 1392.0 20.0
7335.0 1396.0 20.0
7343.0 1423.0 20.0
7369.0 1455.0 20.0
7391.0 1308.0 20.0
7427.0 1492.0 20.0
7505.0 1414.0 20.0
7577.0 1303.0 20.0
7577.0 1515.0 20.0
7587.0 1392.0 20.0
7599.0 1325.0 20.0
7639.0 1394.0 20.0
7669.0 1311.0 20.0
7669.0 1358.0 20.0
7685.0 1387.0 20.0
7725.0 1306.0 20.0
7731.0 1333.0 20.0
7739.0 1463.0 20.0
7763.0 1370.0 20.0
7769.0 1376.0 20.0
7771.0 1443.0 20.0
7799.0 1423.0 20.0
7803.0 1451.0 20.0
7827.0 1468.0 20.0
7839.0 1286.0 20.0
7851.0 1461.0 20.0
7921.0 1443.0 20.0
7959.0 1297.0 20.0
7987.0 1486.0 20.0
8151.0 1447.0 20.0
8203.0 1346.0 20.0
8255.0 1370.0 20.0
8311.0 1486.0 20.0
8419.0 1428.0 20.0
8585.0 1564.0 20.0
8737.0 1459.0 20.0
8741.0 1313.0 20.0
8941.0 1361.0 20.0
9163.0 1434.0 20.0
9221.0 1343.0 20.0
