rev1.1
449677.0 83925.0 20.0
455285.0 83010.0 20.0
460005.0 83456.0 20.0
460409.0 83673.0 20.0
460549.0 83217.0 20.0
463665.0 83408.0 20.0
465141.0 83911.0 20.0
465337.0 83762.0 20.0
465693.0 84423.0 20.0
466381.0 83620.0 20.0
467599.0 84289.0 20.0
467919.0 84915.0 20.0
469069.0 83856.0 20.0
470617.0 84263.0 20.0
470617.0 84316.0 20.0
472333.0 84468.0 20.0
472781.0 84521.0 20.0
474225.0 83317.0 20.0
474245.0 84429.0 20.0
476737.0 84521.0 20.0
476913.0 84678.0 20.0
477191.0 83677.0 20.0
477395.0 84125.0 20.0
477659.0 83776.0 20.0
477683.0 84516.0 20.0
481127.0 84133.0 20.0
481483.0 84010.0 20.0
482407.0 84486.0 20.0
482861.0 85562.0 20.0
482917.0 84567.0 20.0
483025.0 84109.0 20.0
483495.0 85414.0 20.0
483731.0 84662.0 20.0
484237.0 84175.0 20.0
486741.0 84567.0 20.0
486773.0 84655.0 20.0
488669.0 84264.0 20.0
488991.0 84348.0 20.0
491479.0 84460.0 20.0
491651.0 85024.0 20.0
491855.0 85719.0 20.0
492727.0 84067.0 20.0
492981.0 84533.0 20.0
494511.0 85099.0 20.0
496269.0 84422.0 20.0
496399.0 84850.0 20.0
496935.0 84261.0 20.0
497359.0 84644.0 20.0
498395.0 83896.0 20.0
499803.0 85614.0 20.0
499955.0 85186.0 20.0
500773.0 85253.0 20.0
500873.0 84710.0 20.0
500903.0 85420.0 20.0
501687.0 85387.0 20.0
502047.0 84250.0 20.0
502723.0 84131.0 20.0
503875.0 84877.0 20.0
505171.0 85290.0 20.0
506483.0 85890.0 20.0
506703.0 85772.0 20.0
507309.0 84983.0 20.0
509061.0 85204.0 20.0
510085.0 85540.0 20.0
511531.0 85041.0 20.0
512863.0 85666.0 20.0
513999.0 84464.0 20.0
518123.0 84345.0 20.0
518167.0 85433.0 20.0
518441.0 85942.0 20.0
519449.0 84826.0 20.0
520705.0 85449.0 20.0
520757.0 84859.0 20.0
528987.0 85304.0 20.0
530513.0 85858.0 20.0
530579.0 85432.0 20.0
530603.0 85631.0 20.0
530883.0 84929.0 20.0
535431.0 85950.0 20.0
535959.0 85143.0 20.0
539907.0 85968.0 20.0
541221.0 86176.0 20.0
542105.0 86247.0 20.0
542729.0 86241.0 20.0
543387.0 85984.0 20.0
549263.0 85211.0 20.0
549427.0 85780.0 20.0
550545.0 85440.0 20.0
557489.0 86037.0 20.0
561903.0 86795.0 20.0
564973.0 86498.0 20.0
565419.0 85690.0 20.0
567649.0 86530.0 20.0
570351.0 86767.0 20.0
576385.0 87630.0 20.0
584249.0 87448.0 20.0
592157.0 88029.0 20.0
623173.0 87564.0 20.0
628707.0 87506.0 20.0
631807.0 88444.0 20.0
