rev1.1
883137.0 165379.0 20.0
915881.0 166559.0 20.0
917739.0 167156.0 20.0
920649.0 165506.0 20.0
929891.0 165619.0 20.0
932627.0 166627.0 20.0
932961.0 165990.0 20.0
935377.0 166639.0 20.0
937705.0 166965.0 20.0
941887.0 167535.0 20.0
945583.0 167028.0 20.0
948325.0 166559.0 20.0
952141.0 167402.0 20.0
956483.0 167594.0 20.0
958619.0 168239.0 20.0
960605.0 167446.0 20.0
962447.0 168337.0 20.0
962719.0 167579.0 20.0
965071.0 168543.0 20.0
966341.0 168634.0 20.0
967163.0 168450.0 20.0
969531.0 166665.0 20.0
970135.0 167602.0 20.0
970641.0 167923.0 20.0
973107.0 168310.0 20.0
974827.0 167932.0 20.0
975321.0 167635.0 20.0
975473.0 169137.0 20.0
976229.0 167222.0 20.0
977073.0 167051.0 20.0
978665.0 167639.0 20.0
982099.0 168318.0 20.0
985749.0 169130.0 20.0
989981.0 168298.0 20.0
990529.0 168077.0 20.0
992435.0 168792.0 20.0
993141.0 168224.0 20.0
994235.0 169210.0 20.0
994837.0 167556.0 20.0
995997.0 168598.0 20.0
998579.0 168468.0 20.0
1001059.0 167694.0 20.0
1001491.0 168756.0 20.0
1002053.0 170447.0 20.0
1004027.0 168559.0 20.0
1006113.0 168896.0 20.0
1007527.0 168498.0 20.0
1009101.0 168888.0 20.0
1011637.0 168505.0 20.0
1011829.0 168887.0 20.0
1012043.0 169230.0 20.0
1013941.0 168993.0 20.0
1017527.0 169134.0 20.0
1018369.0 168199.0 20.0
1020251.0 168174.0 20.0
1020615.0 170491.0 20.0
1022585.0 170583.0 20.0
1022589.0 168792.0 20.0
1023173.0 168828.0 20.0
1025543.0 168832.0 20.0
1025695.0 169472.0 20.0
1026623.0 168444.0 20.0
1026777.0 169906.0 20.0
1033643.0 170404.0 20.0
1039855.0 169858.0 20.0
1041355.0 170189.0 20.0
1048143.0 170505.0 20.0
1050179.0 169945.0 20.0
1057965.0 168569.0 20.0
1061475.0 170130.0 20.0
1062929.0 170381.0 20.0
1063047.0 170491.0 20.0
1066477.0 171697.0 20.0
1069011.0 169916.0 20.0
1069615.0 170795.0 20.0
1073193.0 170568.0 20.0
1078821.0 171571.0 20.0
1079057.0 170411.0 20.0
1081733.0 169481.0 20.0
1081821.0 170958.0 20.0
1082531.0 171107.0 20.0
1084497.0 169883.0 20.0
1085855.0 170142.0 20.0
1090533.0 170068.0 20.0
1091549.0 170299.0 20.0
1106645.0 171147.0 20.0
1109733.0 171599.0 20.0
1112785.0 170438.0 20.0
1114615.0 172569.0 20.0
1127145.0 171563.0 20.0
1127591.0 170748.0 20.0
1130359.0 171962.0 20.0
1133251.0 171943.0 20.0
1149937.0 172646.0 20.0
1153125.0 172947.0 20.0
1153731.0 171745.0 20.0
1181047.0 172760.0 20.0
1184583.0 173823.0 20.0
1206985.0 174017.0 20.0
1291327.0 176394.0 20.0
