rev1.1
107577.0 21165.0 20.0
107995.0 20887.0 20.0
108505.0 21005.0 20.0
108781.0 21139.0 20.0
109213.0 21511.0 20.0
109813.0 20773.0 20.0
109905.0 21142.0 20.0
110333.0 21064.0 20.0
111207.0 21164.0 20.0
111503.0 21387.0 20.0
111869.0 21018.0 20.0
112097.0 21270.0 20.0
112881.0 21302.0 20.0
113265.0 20982.0 20.0
113961.0 21241.0 20.0
114335.0 21387.0 20.0
114427.0 21366.0 20.0
114545.0 21714.0 20.0
114805.0 21153.0 20.0
115281.0 21150.0 20.0
115643.0 21719.0 20.0
115753.0 21275.0 20.0
115999.0 20906.0 20.0
116493.0 21228.0 20.0
116513.0 20876.0 20.0
116765.0 21000.0 20.0
116911.0 21231.0 20.0
117115.0 21134.0 20.0
117179.0 21285.0 20.0
117239.0 21555.0 20.0
117251.0 21328.0 20.0
117689.0 21529.0 20.0
117883.0 20844.0 20.0
118049.0 20746.0 20.0
118191.0 21101.0 20.0
118313.0 21485.0 20.0
118349.0 20904.0 20.0
118359.0 21103.0 20.0
119229.0 21004.0 20.0
119337.0 21068.0 20.0
119423.0 21521.0 20.0
119869.0 21672.0 20.0
119975.0 21282.0 20.0
120197.0 21685.0 20.0
120285.0 20875.0 20.0
120377.0 20988.0 20.0
120611.0 21349.0 20.0
120657.0 21516.0 20.0
120815.0 21342.0 20.0
120881.0 21192.0 20.0
121461.0 20679.0 20.0
121795.0 21234.0 20.0
122017.0 21336.0 20.0
122405.0 21729.0 20.0
122549.0 21180.0 20.0
122889.0 21623.0 20.0
123165.0 21284.0 20.0
123743.0 20886.0 20.0
123779.0 21409.0 20.0
124039.0 21491.0 20.0
124125.0 21532.0 20.0
124305.0 21734.0 20.0
124675.0 21607.0 20.0
124847.0 21448.0 20.0
124851.0 21458.0 20.0
124993.0 21157.0 20.0
125463.0 21002.0 20.0
125481.0 21209.0 20.0
125957.0 21871.0 20.0
126059.0 21656.0 20.0
126211.0 21695.0 20.0
126325.0 20790.0 20.0
126431.0 21515.0 20.0
126771.0 21634.0 20.0
127183.0 21800.0 20.0
127193.0 21247.0 20.0
127561.0 21509.0 20.0
127581.0 21702.0 20.0
127727.0 21543.0 20.0
128907.0 21762.0 20.0
129119.0 21366.0 20.0
129215.0 21392.0 20.0
129873.0 21177.0 20.0
130049.0 22031.0 20.0
130895.0 21182.0 20.0
131133.0 21231.0 20.0
131505.0 21594.0 20.0
132059.0 21764.0 20.0
134125.0 21921.0 20.0
134171.0 21190.0 20.0
134977.0 21901.0 20.0
135519.0 21870.0 20.0
136011.0 21814.0 20.0
136727.0 21431.0 20.0
137263.0 21902.0 20.0
137285.0 21759.0 20.0
140877.0 22272.0 20.0
141717.0 21767.0 20.0
144367.0 22069.0 20.0
145573.0 21887.0 20.0
