rev1.1
49207.0 10278.0 20.0
53683.0 10375.0 20.0
53815.0 10808.0 20.0
53829.0 10756.0 20.0
53885.0 10942.0 20.0
54701.0 10554.0 20.0
54875.0 10448.0 20.0
55049.0 10848.0 20.0
55125.0 10755.0 20.0
55299.0 10898.0 20.0
55563.0 10863.0 20.0
55625.0 10695.0 20.0
55639.0 10711.0 20.0
55979.0 10862.0 20.0
56201.0 10588.0 20.0
56451.0 10695.0 20.0
56533.0 10585.0 20.0
56609.0 10764.0 20.0
56665.0 10639.0 20.0
56717.0 10606.0 20.0
56973.0 10653.0 20.0
57155.0 10724.0 20.0
57219.0 10424.0 20.0
57253.0 10727.0 20.0
57309.0 10706.0 20.0
57433.0 10922.0 20.0
57499.0 10519.0 20.0
57519.0 10701.0 20.0
57583.0 10388.0 20.0
57597.0 10710.0 20.0
57749.0 10759.0 20.0
57751.0 10810.0 20.0
57771.0 10841.0 20.0
57979.0 10815.0 20.0
57997.0 10758.0 20.0
58067.0 10744.0 20.0
58093.0 10501.0 20.0
58367.0 10710.0 20.0
58435.0 10694.0 20.0
58577.0 10635.0 20.0
58595.0 10557.0 20.0
58841.0 10662.0 20.0
58901.0 10740.0 20.0
58985.0 10545.0 20.0
59299.0 10943.0 20.0
59369.0 10864.0 20.0
59395.0 10577.0 20.0
59635.0 10729.0 20.0
59911.0 10921.0 20.0
60097.0 10486.0 20.0
60135.0 10860.0 20.0
60137.0 10717.0 20.0
60173.0 10901.0 20.0
60197.0 10906.0 20.0
60219.0 10638.0 20.0
60301.0 11037.0 20.0
60333.0 10438.0 20.0
60577.0 10648.0 20.0
60757.0 10618.0 20.0
60927.0 10283.0 20.0
61101.0 10791.0 20.0
61293.0 10748.0 20.0
61315.0 10767.0 20.0
61371.0 10727.0 20.0
62067.0 10655.0 20.0
62089.0 10803.0 20.0
62317.0 10847.0 20.0
62481.0 10867.0 20.0
62587.0 10647.0 20.0
62645.0 10842.0 20.0
62659.0 10637.0 20.0
62699.0 10661.0 20.0
62777.0 10638.0 20.0
63107.0 11000.0 20.0
63423.0 10779.0 20.0
63533.0 11050.0 20.0
63613.0 10577.0 20.0
63777.0 11039.0 20.0
63881.0 10806.0 20.0
63915.0 10838.0 20.0
64389.0 10784.0 20.0
64461.0 10856.0 20.0
64877.0 10960.0 20.0
64977.0 10879.0 20.0
65679.0 10701.0 20.0
65765.0 10848.0 20.0
65791.0 10733.0 20.0
66647.0 11096.0 20.0
67339.0 11133.0 20.0
68149.0 11164.0 20.0
68757.0 10734.0 20.0
69613.0 10716.0 20.0
70485.0 10821.0 20.0
70585.0 10903.0 20.0
70871.0 10872.0 20.0
71355.0 10976.0 20.0
74967.0 11093.0 20.0
75297.0 11303.0 20.0
79417.0 11043.0 20.0
81791.0 11287.0 20.0
