rev1.1
24175.0 5075.0 20.0
24997.0 5301.0 20.0
25107.0 5201.0 20.0
25475.0 5161.0 20.0
25511.0 5425.0 20.0
25781.0 5092.0 20.0
26013.0 5308.0 20.0
26043.0 5384.0 20.0
26109.0 5291.0 20.0
26185.0 5351.0 20.0
26277.0 5348.0 20.0
26349.0 5435.0 20.0
26567.0 5104.0 20.0
26663.0 5201.0 20.0
26871.0 5392.0 20.0
27007.0 5476.0 20.0
27031.0 5481.0 20.0
27065.0 5167.0 20.0
27149.0 5488.0 20.0
27169.0 5186.0 20.0
27349.0 5375.0 20.0
27427.0 5373.0 20.0
27537.0 5380.0 20.0
27617.0 5522.0 20.0
27621.0 4997.0 20.0
27683.0 5307.0 20.0
27759.0 5367.0 20.0
27927.0 5359.0 20.0
27977.0 5547.0 20.0
28187.0 5287.0 20.0
28213.0 5402.0 20.0
28255.0 5231.0 20.0
28291.0 5335.0 20.0
28521.0 5415.0 20.0
28601.0 5246.0 20.0
28719.0 5584.0 20.0
28737.0 5153.0 20.0
28775.0 5462.0 20.0
28813.0 5464.0 20.0
28993.0 5388.0 20.0
28995.0 5093.0 20.0
29207.0 5535.0 20.0
29297.0 5476.0 20.0
29357.0 5464.0 20.0
29397.0 5536.0 20.0
29477.0 5163.0 20.0
29525.0 5288.0 20.0
29527.0 5462.0 20.0
29537.0 5483.0 20.0
29551.0 5277.0 20.0
29657.0 5528.0 20.0
29689.0 5122.0 20.0
29725.0 5260.0 20.0
29755.0 5220.0 20.0
29911.0 5339.0 20.0
29927.0 5528.0 20.0
29931.0 5315.0 20.0
30173.0 5443.0 20.0
30175.0 5509.0 20.0
30271.0 5459.0 20.0
30339.0 5430.0 20.0
30343.0 5652.0 20.0
30387.0 5447.0 20.0
30389.0 5430.0 20.0
30401.0 5368.0 20.0
30435.0 5631.0 20.0
30489.0 5371.0 20.0
30497.0 5203.0 20.0
30607.0 5422.0 20.0
30657.0 5469.0 20.0
30833.0 5153.0 20.0
30955.0 5460.0 20.0
30987.0 5546.0 20.0
31007.0 5364.0 20.0
31033.0 5551.0 20.0
31053.0 5214.0 20.0
31447.0 5470.0 20.0
31487.0 5410.0 20.0
31591.0 5475.0 20.0
31723.0 5606.0 20.0
31755.0 5615.0 20.0
31803.0 5533.0 20.0
32005.0 5439.0 20.0
32255.0 5469.0 20.0
32285.0 5472.0 20.0
32387.0 5408.0 20.0
32673.0 5583.0 20.0
33359.0 5547.0 20.0
33531.0 5511.0 20.0
33887.0 5581.0 20.0
33921.0 5574.0 20.0
34409.0 5369.0 20.0
34561.0 5618.0 20.0
34689.0 5326.0 20.0
35125.0 5520.0 20.0
35249.0 5572.0 20.0
35837.0 5725.0 20.0
36339.0 5693.0 20.0
37313.0 5660.0 20.0
38121.0 5423.0 20.0
