rev1.1
40757.0 8035.0 17.0
40853.0 8155.0 17.0
41551.0 8346.0 17.0
42009.0 8142.0 17.0
42029.0 8172.0 17.0
42145.0 8340.0 17.0
42271.0 8240.0 17.0
42529.0 8145.0 17.0
42543.0 8402.0 17.0
42635.0 8420.0 17.0
42761.0 8200.0 17.0
42763.0 8259.0 17.0
42797.0 8333.0 17.0
42929.0 8367.0 17.0
43043.0 8297.0 17.0
43127.0 8093.0 17.0
43311.0 8278.0 17.0
43349.0 8077.0 17.0
43357.0 8135.0 17.0
43367.0 8219.0 17.0
43543.0 8322.0 17.0
43563.0 8193.0 17.0
43593.0 8219.0 17.0
43691.0 8345.0 17.0
43827.0 8252.0 17.0
43835.0 8316.0 17.0
43899.0 8277.0 17.0
43913.0 8227.0 17.0
43965.0 8196.0 17.0
44003.0 8370.0 17.0
44051.0 8190.0 17.0
44077.0 8404.0 17.0
44153.0 8275.0 17.0
44161.0 8099.0 17.0
44167.0 8437.0 17.0
44213.0 8082.0 17.0
44255.0 8303.0 17.0
44305.0 8315.0 17.0
44501.0 8355.0 17.0
44513.0 8488.0 17.0
44537.0 8266.0 17.0
44609.0 8039.0 17.0
44725.0 8180.0 17.0
44749.0 8202.0 17.0
44783.0 8265.0 17.0
45025.0 8330.0 17.0
45063.0 8200.0 17.0
45105.0 8309.0 17.0
45165.0 8315.0 17.0
45187.0 8233.0 17.0
45203.0 8338.0 17.0
45343.0 8297.0 17.0
45469.0 8358.0 17.0
45479.0 8453.0 17.0
45497.0 8353.0 17.0
45529.0 8356.0 17.0
45677.0 8183.0 17.0
45707.0 8297.0 17.0
45745.0 8467.0 17.0
45815.0 8295.0 17.0
45869.0 8338.0 17.0
45965.0 8458.0 17.0
46063.0 8554.0 17.0
46241.0 8359.0 17.0
46281.0 8364.0 17.0
46379.0 8380.0 17.0
46421.0 8244.0 17.0
46513.0 8488.0 17.0
46617.0 8266.0 17.0
46657.0 8376.0 17.0
46749.0 8201.0 17.0
46761.0 8253.0 17.0
46917.0 8285.0 17.0
46935.0 8521.0 17.0
47099.0 8406.0 17.0
47129.0 8498.0 17.0
47171.0 8299.0 17.0
47213.0 8473.0 17.0
47335.0 8562.0 17.0
47423.0 8400.0 17.0
47505.0 8244.0 17.0
47541.0 8357.0 17.0
47709.0 8338.0 17.0
48141.0 8136.0 17.0
48375.0 8479.0 17.0
48485.0 8625.0 17.0
48603.0 8483.0 17.0
48635.0 8331.0 17.0
48825.0 8420.0 17.0
48829.0 8362.0 17.0
48865.0 8289.0 17.0
48917.0 8286.0 17.0
49029.0 8411.0 17.0
49991.0 8412.0 17.0
50123.0 8330.0 17.0
50247.0 8291.0 17.0
50429.0 8496.0 17.0
50723.0 8519.0 17.0
51521.0 8390.0 17.0
51843.0 8460.0 17.0
