rev1.1
857.0 248.0 8.403865827724353
867.0 193.0 8.40386582772438
941.0 260.0 9.30040636712994
951.0 261.0 8.40386582772438
975.0 249.0 10.29259157236856
1003.0 257.0 7.593750000000087
1003.0 233.0 6.861727714912356
1009.0 232.0 7.5937500000000755
1013.0 241.0 11.39062500000012
1013.0 264.0 8.403865827724452
1023.0 253.0 8.403865827724383
1031.0 279.0 8.403865827724424
1031.0 237.0 13.950609550694923
1031.0 258.0 6.861727714912333
1035.0 243.0 8.403865827724438
1035.0 277.0 8.403865827724383
1045.0 290.0 7.593750000000099
1051.0 241.0 7.593750000000085
1067.0 275.0 8.403865827724404
1069.0 252.0 7.593750000000087
1073.0 218.0 10.29259157236848
1075.0 289.0 11.390625000000142
1077.0 277.0 6.200270911419993
1077.0 267.0 8.403865827724413
1079.0 255.0 8.4038658277244
1083.0 269.0 10.29259157236848
1103.0 276.0 7.593750000000056
1117.0 233.0 13.950609550694987
1119.0 271.0 10.292591572368504
1125.0 266.0 7.593750000000136
1137.0 283.0 12.60579874158659
1139.0 282.0 10.292591572368478
1147.0 264.0 9.30040636713003
1151.0 252.0 10.292591572368499
1155.0 326.0 8.403865827724454
1161.0 284.0 13.950609550695054
1165.0 285.0 11.390625000000162
1165.0 276.0 12.605798741586634
1167.0 308.0 9.300406367130066
1169.0 266.0 9.300406367129973
1181.0 247.0 9.300406367129959
1181.0 252.0 11.390625000000172
1181.0 230.0 15.438887358552794
1183.0 288.0 10.292591572368526
1185.0 255.0 11.3906250000001
1201.0 241.0 12.605798741586602
1207.0 277.0 12.605798741586607
1207.0 261.0 11.390625000000137
1207.0 292.0 11.39062500000013
1209.0 274.0 13.95060955069499
1215.0 281.0 7.593750000000087
1219.0 277.0 10.292591572368536
1223.0 276.0 15.43888735855274
1225.0 292.0 13.950609550695011
1227.0 309.0 10.292591572368535
1227.0 247.0 8.403865827724442
1231.0 278.0 11.390625000000133
1231.0 265.0 12.605798741586687
1231.0 271.0 12.605798741586668
1237.0 301.0 12.605798741586607
1241.0 276.0 11.390625000000155
1243.0 284.0 9.300406367129996
1253.0 259.0 8.403865827724454
1261.0 264.0 10.292591572368535
1263.0 279.0 10.292591572368575
1269.0 243.0 17.0
1269.0 275.0 13.950609550694914
1271.0 276.0 11.39062500000016
1273.0 253.0 15.438887358552778
1277.0 193.0 12.605798741586607
1279.0 291.0 11.390625000000167
1303.0 261.0 15.438887358552702
1325.0 264.0 17.0
1331.0 314.0 15.438887358552796
1333.0 280.0 11.390625000000185
1355.0 282.0 10.292591572368492
1361.0 262.0 17.0
1373.0 297.0 13.95060955069499
1387.0 300.0 13.950609550695008
1399.0 306.0 17.0
1401.0 303.0 13.950609550694987
1401.0 291.0 15.438887358552796
1407.0 303.0 17.0
1413.0 271.0 17.0
1431.0 259.0 17.0
1447.0 278.0 17.0
1447.0 284.0 17.0
1465.0 260.0 17.0
1467.0 272.0 17.0
1475.0 298.0 17.0
1481.0 269.0 17.0
1485.0 281.0 15.438887358552774
1507.0 244.0 17.0
1517.0 307.0 17.0
1525.0 267.0 17.0
1527.0 273.0 17.0
1611.0 298.0 17.0
1623.0 328.0 17.0
1635.0 248.0 17.0
1897.0 291.0 17.0
