rev1.1
174215.0 32848.0 17.0
174351.0 33189.0 17.0
175451.0 32801.0 17.0
177581.0 33167.0 17.0
177689.0 33308.0 17.0
177805.0 32872.0 17.0
178083.0 33393.0 17.0
178535.0 33239.0 17.0
179253.0 33176.0 17.0
180491.0 33277.0 17.0
180951.0 33354.0 17.0
181363.0 33145.0 17.0
181623.0 33004.0 17.0
182165.0 32438.0 17.0
182539.0 33014.0 17.0
182621.0 33354.0 17.0
182647.0 33399.0 17.0
182701.0 33028.0 17.0
182791.0 32893.0 17.0
183039.0 33300.0 17.0
183047.0 33082.0 17.0
183489.0 33321.0 17.0
183697.0 33367.0 17.0
183855.0 33168.0 17.0
183923.0 33066.0 17.0
184045.0 33216.0 17.0
184055.0 33253.0 17.0
184141.0 33450.0 17.0
184205.0 33592.0 17.0
184213.0 32970.0 17.0
184341.0 33308.0 17.0
184473.0 32920.0 17.0
184949.0 33384.0 17.0
185037.0 33347.0 17.0
185301.0 33340.0 17.0
185313.0 33480.0 17.0
185319.0 33494.0 17.0
185589.0 33278.0 17.0
185801.0 33783.0 17.0
185843.0 33327.0 17.0
185957.0 33214.0 17.0
186261.0 33088.0 17.0
186429.0 33557.0 17.0
186437.0 33702.0 17.0
186839.0 33390.0 17.0
186979.0 33374.0 17.0
187461.0 33410.0 17.0
187491.0 33075.0 17.0
188063.0 32998.0 17.0
188453.0 33433.0 17.0
188517.0 33298.0 17.0
189029.0 33538.0 17.0
189125.0 33254.0 17.0
189319.0 33041.0 17.0
189945.0 33355.0 17.0
190015.0 33533.0 17.0
190141.0 33628.0 17.0
190153.0 33736.0 17.0
190415.0 33591.0 17.0
190423.0 33537.0 17.0
190739.0 33351.0 17.0
191065.0 33689.0 17.0
191151.0 33524.0 17.0
191185.0 33759.0 17.0
191243.0 33547.0 17.0
191411.0 33447.0 17.0
192199.0 33116.0 17.0
192635.0 33597.0 17.0
192695.0 33786.0 17.0
192779.0 33606.0 17.0
193723.0 33568.0 17.0
193947.0 33363.0 17.0
194313.0 33879.0 17.0
194357.0 33206.0 17.0
194457.0 33734.0 17.0
194517.0 33378.0 17.0
194869.0 33420.0 17.0
194963.0 33515.0 17.0
195327.0 33824.0 17.0
195537.0 33552.0 17.0
195667.0 33666.0 17.0
195851.0 33573.0 17.0
196019.0 33841.0 17.0
196669.0 33327.0 17.0
196837.0 33835.0 17.0
197257.0 33846.0 17.0
197959.0 33656.0 17.0
198357.0 33929.0 17.0
199219.0 33856.0 17.0
199747.0 33984.0 17.0
200025.0 33830.0 17.0
201553.0 34039.0 17.0
201681.0 33932.0 17.0
202583.0 34123.0 17.0
202825.0 33962.0 17.0
203403.0 34028.0 17.0
204687.0 33878.0 17.0
206705.0 34035.0 17.0
212197.0 33983.0 17.0
216279.0 34268.0 17.0
