rev1.1
4317.0 965.0 17.0
4357.0 971.0 13.950609550695294
4417.0 1028.0 17.0
4595.0 1023.0 15.438887358552988
4613.0 993.0 15.438887358553185
4701.0 1057.0 13.950609550695301
4709.0 1041.0 12.605798741586794
4839.0 1011.0 17.0
4857.0 1013.0 17.0
4881.0 1029.0 17.0
4889.0 1049.0 17.0
4917.0 1073.0 17.0
4931.0 1020.0 17.0
4941.0 992.0 17.0
4947.0 994.0 17.0
4949.0 1051.0 15.438887358553252
4953.0 1076.0 17.0
4973.0 1089.0 15.438887358553
4981.0 1086.0 17.0
4983.0 992.0 17.0
5019.0 1003.0 17.0
5039.0 1051.0 17.0
5039.0 1018.0 17.0
5059.0 1051.0 17.0
5065.0 1068.0 13.950609550695143
5075.0 1071.0 17.0
5085.0 1008.0 17.0
5095.0 1002.0 15.438887358553187
5095.0 1089.0 17.0
5109.0 1027.0 17.0
5145.0 1083.0 15.43888735855314
5149.0 1017.0 17.0
5151.0 1032.0 17.0
5161.0 964.0 17.0
5169.0 1012.0 17.0
5175.0 1009.0 17.0
5179.0 1049.0 17.0
5181.0 1019.0 17.0
5185.0 1044.0 17.0
5185.0 1087.0 17.0
5187.0 1021.0 17.0
5189.0 1053.0 17.0
5191.0 1052.0 17.0
5199.0 1011.0 17.0
5201.0 1034.0 17.0
5221.0 1015.0 17.0
5223.0 1084.0 17.0
5225.0 975.0 17.0
5241.0 1074.0 13.950609550695406
5251.0 990.0 17.0
5257.0 1072.0 17.0
5259.0 1033.0 17.0
5267.0 983.0 17.0
5269.0 1045.0 17.0
5269.0 1053.0 17.0
5283.0 1039.0 17.0
5289.0 1054.0 17.0
5303.0 1113.0 17.0
5317.0 1061.0 17.0
5319.0 1077.0 17.0
5333.0 1067.0 17.0
5351.0 1065.0 17.0
5353.0 1063.0 17.0
5363.0 1026.0 17.0
5383.0 1019.0 17.0
5389.0 1076.0 17.0
5389.0 1021.0 17.0
5395.0 1105.0 17.0
5413.0 1071.0 17.0
5417.0 1021.0 17.0
5419.0 1048.0 17.0
5433.0 1032.0 17.0
5445.0 1095.0 17.0
5447.0 1067.0 17.0
5453.0 1056.0 17.0
5453.0 1044.0 17.0
5461.0 1022.0 17.0
5473.0 1119.0 17.0
5479.0 1040.0 17.0
5479.0 1074.0 17.0
5519.0 1097.0 17.0
5537.0 1103.0 17.0
5539.0 1065.0 17.0
5579.0 1017.0 17.0
5595.0 1085.0 17.0
5621.0 1068.0 17.0
5623.0 1045.0 17.0
5647.0 1046.0 17.0
5663.0 988.0 17.0
5701.0 1088.0 17.0
5721.0 1098.0 17.0
5797.0 1115.0 17.0
5839.0 1048.0 17.0
5869.0 1059.0 17.0
5927.0 1023.0 17.0
6109.0 1022.0 17.0
6243.0 1085.0 17.0
6365.0 1022.0 17.0
6537.0 1097.0 17.0
6709.0 1087.0 17.0
