rev1.1
85025.0 16454.0 17.0
86383.0 16399.0 17.0
86583.0 16421.0 17.0
87021.0 16687.0 17.0
87501.0 16123.0 17.0
87809.0 16557.0 17.0
87831.0 16661.0 17.0
87981.0 16373.0 17.0
88205.0 16234.0 17.0
88213.0 16795.0 17.0
88251.0 16453.0 17.0
88657.0 16368.0 17.0
88803.0 16396.0 17.0
88855.0 16661.0 17.0
89141.0 16728.0 17.0
89171.0 16770.0 17.0
89339.0 16368.0 17.0
89801.0 16506.0 17.0
89833.0 16457.0 17.0
89885.0 16374.0 17.0
89907.0 16512.0 17.0
89955.0 16801.0 17.0
90125.0 16712.0 17.0
90127.0 16483.0 17.0
90199.0 16757.0 17.0
90337.0 16678.0 17.0
90595.0 16705.0 17.0
90845.0 16821.0 17.0
90883.0 16331.0 17.0
91173.0 16559.0 17.0
91303.0 16142.0 17.0
91335.0 16879.0 17.0
91341.0 16672.0 17.0
91401.0 17054.0 17.0
91597.0 16387.0 17.0
91827.0 16537.0 17.0
91891.0 16603.0 17.0
92023.0 16362.0 17.0
92047.0 16741.0 17.0
92055.0 16797.0 17.0
92167.0 16484.0 17.0
92175.0 16663.0 17.0
92197.0 16798.0 17.0
92231.0 16951.0 17.0
92335.0 16925.0 17.0
92363.0 16974.0 17.0
92381.0 16779.0 17.0
92435.0 16525.0 17.0
92541.0 16501.0 17.0
92549.0 16555.0 17.0
92597.0 16779.0 17.0
92823.0 16747.0 17.0
92845.0 16581.0 17.0
92911.0 16534.0 17.0
92923.0 16937.0 17.0
92959.0 16624.0 17.0
92971.0 16584.0 17.0
93323.0 16898.0 17.0
93393.0 16550.0 17.0
93535.0 16675.0 17.0
93551.0 16904.0 17.0
93681.0 16997.0 17.0
93805.0 16714.0 17.0
93979.0 16874.0 17.0
94057.0 16632.0 17.0
94087.0 16915.0 17.0
94161.0 16627.0 17.0
94731.0 16882.0 17.0
94819.0 16551.0 17.0
94995.0 16708.0 17.0
95013.0 16940.0 17.0
95047.0 16467.0 17.0
95125.0 16833.0 17.0
95175.0 16647.0 17.0
95221.0 16809.0 17.0
95451.0 16786.0 17.0
95533.0 16568.0 17.0
95607.0 16546.0 17.0
95683.0 16939.0 17.0
95839.0 16967.0 17.0
95939.0 16462.0 17.0
96211.0 16746.0 17.0
96529.0 16662.0 17.0
96789.0 16799.0 17.0
97043.0 16907.0 17.0
97307.0 16802.0 17.0
97477.0 16619.0 17.0
98115.0 16976.0 17.0
98431.0 16703.0 17.0
98441.0 16733.0 17.0
98687.0 16866.0 17.0
99305.0 16932.0 17.0
99935.0 16891.0 17.0
100323.0 16950.0 17.0
100959.0 16763.0 17.0
101265.0 17059.0 17.0
102317.0 17052.0 17.0
102371.0 17004.0 17.0
105193.0 16967.0 17.0
108059.0 17114.0 17.0
