rev1.1
727325.0 132475.0 17.0
730853.0 132972.0 17.0
741383.0 133120.0 17.0
743013.0 132963.0 17.0
749861.0 133376.0 17.0
751273.0 133822.0 17.0
752221.0 133553.0 17.0
754003.0 133936.0 17.0
757569.0 133835.0 17.0
758233.0 133500.0 17.0
760211.0 133824.0 17.0
760501.0 133817.0 17.0
761005.0 133919.0 17.0
761653.0 134533.0 17.0
763159.0 133273.0 17.0
764719.0 134178.0 17.0
765449.0 134310.0 17.0
765473.0 134363.0 17.0
766847.0 133867.0 17.0
766947.0 133603.0 17.0
767137.0 133257.0 17.0
767475.0 133440.0 17.0
768101.0 133853.0 17.0
770183.0 133538.0 17.0
771135.0 133789.0 17.0
772151.0 133260.0 17.0
772225.0 134353.0 17.0
772427.0 133819.0 17.0
772803.0 133735.0 17.0
773541.0 133482.0 17.0
774155.0 133976.0 17.0
775453.0 134239.0 17.0
775819.0 134627.0 17.0
776487.0 134353.0 17.0
776737.0 134819.0 17.0
776873.0 134028.0 17.0
777003.0 134007.0 17.0
777879.0 134583.0 17.0
778183.0 133574.0 17.0
779795.0 134502.0 17.0
780331.0 134990.0 17.0
780485.0 134515.0 17.0
781071.0 134537.0 17.0
782233.0 134483.0 17.0
782309.0 133927.0 17.0
782773.0 133760.0 17.0
782851.0 134235.0 17.0
783207.0 134900.0 17.0
783473.0 134312.0 17.0
784323.0 133846.0 17.0
784627.0 134886.0 17.0
785073.0 134754.0 17.0
786345.0 134673.0 17.0
787377.0 133741.0 17.0
787517.0 135028.0 17.0
788619.0 133107.0 17.0
789179.0 135111.0 17.0
789211.0 133880.0 17.0
790105.0 134849.0 17.0
790211.0 134316.0 17.0
791703.0 134449.0 17.0
792969.0 135132.0 17.0
793357.0 134394.0 17.0
793955.0 134727.0 17.0
794319.0 134485.0 17.0
795259.0 134835.0 17.0
795397.0 135650.0 17.0
798207.0 134652.0 17.0
799263.0 134931.0 17.0
802425.0 134899.0 17.0
803537.0 134749.0 17.0
803801.0 134356.0 17.0
803827.0 135441.0 17.0
805715.0 135377.0 17.0
805871.0 134798.0 17.0
806829.0 135589.0 17.0
807249.0 135105.0 17.0
809065.0 134886.0 17.0
809281.0 135459.0 17.0
811635.0 135161.0 17.0
812155.0 135636.0 17.0
812753.0 135861.0 17.0
815399.0 135491.0 17.0
815493.0 135593.0 17.0
817345.0 135440.0 17.0
818829.0 135492.0 17.0
819993.0 135108.0 17.0
820121.0 135226.0 17.0
820363.0 136173.0 17.0
821005.0 135545.0 17.0
825707.0 135693.0 17.0
830217.0 135011.0 17.0
832385.0 136413.0 17.0
839259.0 135137.0 17.0
841545.0 135855.0 17.0
846729.0 136272.0 17.0
848373.0 136432.0 17.0
854129.0 137081.0 17.0
860525.0 137007.0 17.0
878475.0 137490.0 17.0
