rev1.1
20067.0 4047.0 17.0
20105.0 3969.0 17.0
20203.0 4032.0 17.0
20289.0 4124.0 17.0
20323.0 4120.0 17.0
20363.0 4064.0 17.0
20367.0 4068.0 17.0
20607.0 4006.0 17.0
20737.0 4133.0 17.0
20759.0 4189.0 17.0
20819.0 4039.0 17.0
20847.0 4075.0 17.0
20899.0 4044.0 17.0
20961.0 4178.0 17.0
21111.0 4150.0 17.0
21141.0 4017.0 17.0
21147.0 4110.0 17.0
21153.0 4110.0 17.0
21171.0 4058.0 17.0
21215.0 4167.0 17.0
21221.0 4149.0 17.0
21325.0 4121.0 17.0
21333.0 4192.0 17.0
21343.0 4146.0 17.0
21355.0 4140.0 17.0
21381.0 4158.0 17.0
21397.0 4109.0 17.0
21421.0 4038.0 17.0
21423.0 4080.0 17.0
21431.0 4067.0 17.0
21529.0 4106.0 17.0
21545.0 4269.0 17.0
21617.0 4157.0 17.0
21619.0 4244.0 17.0
21703.0 4078.0 17.0
21721.0 4109.0 17.0
21767.0 4288.0 17.0
21787.0 4175.0 17.0
21797.0 4003.0 17.0
21859.0 4279.0 17.0
21861.0 4326.0 17.0
21889.0 4178.0 17.0
21927.0 4175.0 17.0
21981.0 4172.0 17.0
21983.0 4199.0 17.0
21991.0 4061.0 17.0
22003.0 4175.0 17.0
22005.0 4280.0 17.0
22009.0 4158.0 17.0
22029.0 4172.0 17.0
22041.0 4259.0 17.0
22141.0 4120.0 17.0
22159.0 4209.0 17.0
22161.0 4198.0 17.0
22181.0 4211.0 17.0
22247.0 4140.0 17.0
22251.0 4067.0 17.0
22295.0 4175.0 17.0
22339.0 4213.0 17.0
22345.0 4228.0 17.0
22369.0 4242.0 17.0
22369.0 3983.0 17.0
22379.0 4289.0 17.0
22405.0 4260.0 17.0
22409.0 4011.0 17.0
22409.0 4093.0 17.0
22503.0 4099.0 17.0
22599.0 4275.0 17.0
22713.0 4096.0 17.0
22751.0 4148.0 17.0
22769.0 4114.0 17.0
22851.0 3972.0 17.0
22855.0 4211.0 17.0
22869.0 4217.0 17.0
22929.0 4193.0 17.0
22939.0 4346.0 17.0
23005.0 4273.0 17.0
23051.0 4152.0 17.0
23185.0 4185.0 17.0
23205.0 4356.0 17.0
23225.0 4216.0 17.0
23327.0 4209.0 17.0
23389.0 4216.0 17.0
23429.0 4084.0 17.0
23473.0 4025.0 17.0
23491.0 4117.0 17.0
23569.0 4202.0 17.0
23581.0 4133.0 17.0
23631.0 4243.0 17.0
23845.0 4192.0 17.0
23913.0 4205.0 17.0
24101.0 4277.0 17.0
24113.0 4167.0 17.0
24219.0 4279.0 17.0
24817.0 4241.0 17.0
24857.0 4155.0 17.0
25121.0 4210.0 17.0
25227.0 4271.0 17.0
25395.0 4162.0 17.0
26339.0 4208.0 17.0
