rev1.1
9061.0 2016.0 17.0
9555.0 2059.0 17.0
9557.0 1903.0 17.0
9629.0 2041.0 17.0
9645.0 1971.0 17.0
9683.0 2051.0 17.0
9883.0 2038.0 17.0
9941.0 1957.0 17.0
9967.0 2045.0 17.0
9985.0 2134.0 17.0
10027.0 2012.0 17.0
10111.0 2144.0 17.0
10129.0 2046.0 17.0
10141.0 2005.0 17.0
10143.0 2077.0 17.0
10147.0 2075.0 17.0
10155.0 2077.0 17.0
10193.0 2052.0 17.0
10237.0 2118.0 17.0
10245.0 2050.0 17.0
10259.0 2033.0 17.0
10291.0 2074.0 17.0
10291.0 2012.0 17.0
10299.0 2085.0 17.0
10307.0 2055.0 17.0
10309.0 2125.0 17.0
10321.0 2075.0 17.0
10347.0 2091.0 17.0
10351.0 1963.0 17.0
10407.0 1939.0 17.0
10429.0 2046.0 17.0
10431.0 2123.0 17.0
10447.0 2057.0 17.0
10455.0 2040.0 17.0
10465.0 2015.0 17.0
10517.0 2031.0 17.0
10527.0 2084.0 17.0
10571.0 1986.0 17.0
10597.0 2007.0 17.0
10599.0 2025.0 17.0
10605.0 2059.0 17.0
10621.0 2006.0 17.0
10623.0 2128.0 17.0
10633.0 2013.0 17.0
10635.0 2081.0 17.0
10651.0 2013.0 17.0
10671.0 2041.0 17.0
10673.0 1993.0 17.0
10679.0 1997.0 17.0
10687.0 1995.0 17.0
10697.0 2045.0 17.0
10701.0 2082.0 17.0
10723.0 2080.0 17.0
10755.0 2050.0 17.0
10771.0 2081.0 17.0
10777.0 2056.0 17.0
10785.0 2048.0 17.0
10789.0 2052.0 17.0
10791.0 2244.0 17.0
10807.0 2051.0 17.0
10833.0 2134.0 17.0
10835.0 2084.0 17.0
10857.0 2128.0 17.0
10945.0 2124.0 17.0
10971.0 2084.0 17.0
10985.0 2035.0 17.0
10997.0 2063.0 17.0
11005.0 2131.0 17.0
11017.0 2058.0 17.0
11019.0 2087.0 17.0
11025.0 2048.0 17.0
11047.0 2002.0 17.0
11069.0 2077.0 17.0
11083.0 1998.0 17.0
11145.0 2088.0 17.0
11147.0 2164.0 17.0
11155.0 2171.0 17.0
11161.0 2057.0 17.0
11171.0 2150.0 17.0
11179.0 2091.0 17.0
11187.0 2041.0 17.0
11253.0 2112.0 17.0
11261.0 2074.0 17.0
11369.0 2101.0 17.0
11379.0 2129.0 17.0
11409.0 2047.0 17.0
11415.0 2025.0 17.0
11443.0 2251.0 17.0
11517.0 2009.0 17.0
11575.0 2114.0 17.0
11655.0 2122.0 17.0
11665.0 2146.0 17.0
11777.0 2133.0 17.0
11807.0 2102.0 17.0
11843.0 2092.0 17.0
11877.0 2130.0 17.0
12127.0 1975.0 17.0
12359.0 2119.0 17.0
12407.0 2136.0 17.0
12441.0 2112.0 17.0
