rev1.1
353913.0 65865.0 17.0
362109.0 66663.0 17.0
364027.0 66415.0 17.0
364807.0 65981.0 17.0
365599.0 66339.0 17.0
365829.0 66991.0 17.0
365987.0 66684.0 17.0
366181.0 65978.0 17.0
366393.0 66377.0 17.0
367113.0 66645.0 17.0
368097.0 66371.0 17.0
370025.0 66902.0 17.0
370925.0 66910.0 17.0
371137.0 66626.0 17.0
372203.0 66021.0 17.0
373057.0 65943.0 17.0
373115.0 66498.0 17.0
373677.0 66578.0 17.0
374487.0 66479.0 17.0
374901.0 66888.0 17.0
375417.0 66438.0 17.0
375895.0 66418.0 17.0
375919.0 66865.0 17.0
376505.0 66652.0 17.0
376551.0 66145.0 17.0
376805.0 66536.0 17.0
377355.0 66430.0 17.0
377945.0 66794.0 17.0
377947.0 66628.0 17.0
378101.0 65885.0 17.0
378521.0 67115.0 17.0
378785.0 67198.0 17.0
378953.0 66581.0 17.0
380403.0 67283.0 17.0
380429.0 66595.0 17.0
380439.0 66626.0 17.0
380583.0 66979.0 17.0
381103.0 66876.0 17.0
381109.0 67142.0 17.0
381415.0 66191.0 17.0
381581.0 67070.0 17.0
381765.0 67014.0 17.0
381831.0 66970.0 17.0
382435.0 67085.0 17.0
382567.0 66255.0 17.0
382603.0 66464.0 17.0
383405.0 67180.0 17.0
383735.0 66888.0 17.0
384343.0 66807.0 17.0
384675.0 66445.0 17.0
385195.0 67124.0 17.0
386817.0 67687.0 17.0
386887.0 66980.0 17.0
387249.0 66564.0 17.0
387321.0 67591.0 17.0
387539.0 67710.0 17.0
388045.0 66643.0 17.0
388917.0 67024.0 17.0
389755.0 67711.0 17.0
390525.0 67103.0 17.0
390961.0 67051.0 17.0
390981.0 67249.0 17.0
391007.0 67672.0 17.0
391265.0 67870.0 17.0
391873.0 67021.0 17.0
392381.0 68010.0 17.0
393307.0 67848.0 17.0
393405.0 67203.0 17.0
394169.0 67193.0 17.0
394323.0 67417.0 17.0
394867.0 67184.0 17.0
395657.0 67635.0 17.0
395839.0 67424.0 17.0
396235.0 67444.0 17.0
396285.0 66944.0 17.0
398223.0 67452.0 17.0
398355.0 67738.0 17.0
398819.0 67629.0 17.0
400675.0 67707.0 17.0
400745.0 67670.0 17.0
400843.0 67636.0 17.0
401875.0 67443.0 17.0
403091.0 67815.0 17.0
403691.0 67929.0 17.0
403879.0 67590.0 17.0
403891.0 66952.0 17.0
405141.0 67599.0 17.0
406951.0 67689.0 17.0
409035.0 67675.0 17.0
409557.0 67710.0 17.0
409957.0 68039.0 17.0
410539.0 67835.0 17.0
411345.0 67929.0 17.0
411963.0 67620.0 17.0
413031.0 68064.0 17.0
413855.0 68027.0 17.0
414813.0 67688.0 17.0
420829.0 67975.0 17.0
422179.0 68214.0 17.0
457347.0 69183.0 17.0
