rev1.1
2047.0 479.0 10.292591572368602
2051.0 454.0 11.390625000000284
2117.0 498.0 11.390625000000185
2155.0 460.0 10.29259157236858
2197.0 506.0 11.390625000000176
2215.0 518.0 15.43888735855294
2215.0 531.0 12.605798741586625
2219.0 511.0 11.3906250000003
2247.0 479.0 15.438887358552979
2255.0 537.0 13.950609550695168
2257.0 549.0 17.0
2259.0 502.0 17.0
2269.0 515.0 10.292591572368567
2277.0 544.0 11.390625000000277
2277.0 518.0 12.605798741586778
2281.0 492.0 11.390625000000215
2283.0 494.0 15.438887358552874
2291.0 513.0 17.0
2297.0 558.0 10.292591572368663
2307.0 552.0 13.9506095506951
2311.0 500.0 17.0
2315.0 503.0 11.390625000000153
2317.0 496.0 17.0
2319.0 520.0 13.950609550695221
2319.0 592.0 11.390625000000187
2321.0 528.0 17.0
2327.0 502.0 12.605798741586742
2335.0 575.0 15.438887358552869
2337.0 506.0 13.9506095506951
2365.0 537.0 15.43888735855308
2371.0 529.0 9.30040636713005
2375.0 570.0 17.0
2389.0 527.0 17.0
2391.0 525.0 10.292591572368568
2397.0 520.0 12.60579874158674
2399.0 522.0 11.390625000000211
2407.0 508.0 15.438887358552797
2407.0 543.0 17.0
2411.0 541.0 15.438887358552838
2415.0 471.0 17.0
2415.0 540.0 12.605798741586764
2425.0 529.0 13.950609550695061
2429.0 533.0 17.0
2429.0 554.0 17.0
2441.0 566.0 11.390625000000222
2471.0 502.0 17.0
2479.0 503.0 17.0
2485.0 558.0 17.0
2501.0 531.0 17.0
2503.0 541.0 12.605798741586757
2509.0 521.0 13.9506095506951
2509.0 484.0 17.0
2513.0 538.0 13.950609550695155
2523.0 551.0 15.438887358553036
2527.0 508.0 13.950609550694981
2537.0 551.0 13.950609550695168
2539.0 557.0 15.438887358552945
2539.0 531.0 17.0
2541.0 512.0 17.0
2543.0 607.0 17.0
2543.0 581.0 11.3906250000002
2547.0 555.0 17.0
2555.0 545.0 17.0
2567.0 532.0 17.0
2589.0 474.0 17.0
2591.0 515.0 17.0
2593.0 534.0 15.438887358552945
2613.0 556.0 17.0
2623.0 543.0 13.950609550695068
2629.0 533.0 17.0
2633.0 511.0 17.0
2649.0 516.0 17.0
2661.0 572.0 13.950609550695093
2669.0 565.0 17.0
2675.0 504.0 17.0
2699.0 507.0 17.0
2707.0 560.0 17.0
2723.0 559.0 13.9506095506953
2741.0 517.0 17.0
2749.0 542.0 15.438887358552943
2759.0 565.0 17.0
2765.0 530.0 17.0
2789.0 560.0 15.438887358552854
2793.0 516.0 17.0
2805.0 569.0 17.0
2819.0 575.0 17.0
2827.0 556.0 17.0
2837.0 588.0 17.0
2845.0 520.0 17.0
2859.0 564.0 17.0
2861.0 509.0 17.0
2977.0 541.0 17.0
2991.0 580.0 15.438887358553169
2993.0 523.0 17.0
2995.0 573.0 17.0
3003.0 596.0 17.0
3053.0 533.0 17.0
3127.0 535.0 17.0
3195.0 589.0 17.0
3243.0 535.0 17.0
