rev1.1
11333.0 2595.0 17.0
11445.0 2562.0 17.0
11611.0 2387.0 17.0
11851.0 2548.0 17.0
11857.0 2565.0 17.0
11887.0 2425.0 17.0
12175.0 2383.0 17.0
12189.0 2638.0 17.0
12283.0 2528.0 17.0
12477.0 2678.0 17.0
12547.0 2700.0 17.0
12675.0 2694.0 17.0
12745.0 2641.0 17.0
12757.0 2753.0 17.0
12811.0 2711.0 17.0
12937.0 2714.0 17.0
12943.0 2712.0 17.0
13049.0 2614.0 17.0
13049.0 2676.0 17.0
13061.0 2781.0 17.0
13087.0 2680.0 17.0
13207.0 2631.0 17.0
13223.0 2533.0 17.0
13337.0 2496.0 17.0
13355.0 2571.0 17.0
13425.0 2628.0 17.0
13425.0 2674.0 17.0
13439.0 2922.0 17.0
13465.0 2624.0 17.0
13505.0 2882.0 17.0
13519.0 2734.0 17.0
13543.0 2864.0 17.0
13555.0 2697.0 17.0
13605.0 2693.0 17.0
13673.0 2617.0 17.0
13705.0 2703.0 17.0
13745.0 2849.0 17.0
13755.0 2637.0 17.0
13805.0 2617.0 17.0
13807.0 2787.0 17.0
13823.0 2814.0 17.0
13831.0 2650.0 17.0
13843.0 2616.0 17.0
13911.0 2792.0 17.0
13935.0 2845.0 17.0
13937.0 2668.0 17.0
13971.0 2615.0 17.0
13987.0 2577.0 17.0
14013.0 2739.0 17.0
14021.0 2788.0 17.0
14207.0 2829.0 17.0
14245.0 2780.0 17.0
14255.0 2881.0 17.0
14537.0 2774.0 17.0
14539.0 2608.0 17.0
14559.0 2502.0 17.0
14577.0 2675.0 17.0
14757.0 2786.0 17.0
14761.0 2756.0 17.0
14767.0 2845.0 17.0
14787.0 2614.0 17.0
14795.0 2786.0 17.0
14809.0 2531.0 17.0
14817.0 2850.0 17.0
14825.0 2918.0 17.0
14959.0 2829.0 17.0
14975.0 2676.0 17.0
15003.0 2929.0 17.0
15007.0 2948.0 17.0
15025.0 2782.0 17.0
15061.0 2775.0 17.0
15161.0 2899.0 17.0
15217.0 2788.0 17.0
15365.0 2947.0 17.0
15415.0 2760.0 17.0
15429.0 2727.0 17.0
15451.0 2785.0 17.0
15547.0 2598.0 17.0
15561.0 2853.0 17.0
15581.0 2816.0 17.0
15769.0 2808.0 17.0
15935.0 2739.0 17.0
16023.0 2829.0 17.0
16065.0 2752.0 17.0
16105.0 2898.0 17.0
16253.0 2702.0 17.0
16333.0 2703.0 17.0
16371.0 2781.0 17.0
16383.0 2818.0 17.0
16463.0 2742.0 17.0
16469.0 2895.0 17.0
16579.0 2687.0 17.0
16591.0 2753.0 17.0
16609.0 2707.0 17.0
16877.0 3033.0 17.0
17439.0 3026.0 17.0
17623.0 3020.0 17.0
17631.0 2764.0 17.0
17675.0 2862.0 17.0
20147.0 2961.0 17.0
