rev1.1
104613.0 20838.0 17.0
106385.0 20799.0 17.0
107529.0 20964.0 17.0
108631.0 21701.0 17.0
108875.0 21103.0 17.0
109469.0 21314.0 17.0
109857.0 21193.0 17.0
109983.0 20948.0 17.0
110007.0 21045.0 17.0
110139.0 20785.0 17.0
110633.0 21538.0 17.0
111115.0 20768.0 17.0
111271.0 21048.0 17.0
111557.0 21530.0 17.0
111735.0 20937.0 17.0
111851.0 20996.0 17.0
112095.0 21104.0 17.0
112483.0 21301.0 17.0
112621.0 21174.0 17.0
112765.0 21120.0 17.0
113167.0 21590.0 17.0
113197.0 21031.0 17.0
113537.0 21283.0 17.0
113797.0 21172.0 17.0
113963.0 21295.0 17.0
114275.0 21252.0 17.0
114501.0 21159.0 17.0
114821.0 21279.0 17.0
115143.0 21567.0 17.0
115583.0 21134.0 17.0
115921.0 21176.0 17.0
116069.0 20796.0 17.0
116093.0 21783.0 17.0
116151.0 21408.0 17.0
116407.0 21611.0 17.0
116603.0 21363.0 17.0
116823.0 21263.0 17.0
117037.0 21413.0 17.0
117137.0 21762.0 17.0
117829.0 21315.0 17.0
117841.0 20975.0 17.0
117911.0 21335.0 17.0
117959.0 21295.0 17.0
117979.0 21172.0 17.0
118223.0 21338.0 17.0
118383.0 21840.0 17.0
118383.0 21590.0 17.0
118691.0 21359.0 17.0
118745.0 21435.0 17.0
119019.0 21583.0 17.0
119405.0 21254.0 17.0
119637.0 20972.0 17.0
120175.0 21787.0 17.0
120371.0 21839.0 17.0
120493.0 21523.0 17.0
120519.0 21709.0 17.0
121121.0 21776.0 17.0
121345.0 21370.0 17.0
121735.0 21246.0 17.0
121925.0 21559.0 17.0
122003.0 21899.0 17.0
122221.0 21350.0 17.0
122661.0 22008.0 17.0
122737.0 21766.0 17.0
122881.0 21672.0 17.0
123725.0 21967.0 17.0
123783.0 21702.0 17.0
124633.0 21790.0 17.0
124765.0 21133.0 17.0
125123.0 21634.0 17.0
125301.0 21823.0 17.0
125597.0 21810.0 17.0
125905.0 21514.0 17.0
126315.0 21961.0 17.0
126415.0 21585.0 17.0
126497.0 22252.0 17.0
126569.0 21664.0 17.0
126687.0 22039.0 17.0
128253.0 21261.0 17.0
128689.0 21312.0 17.0
129573.0 21915.0 17.0
130585.0 21551.0 17.0
130607.0 21540.0 17.0
130765.0 21768.0 17.0
131239.0 21733.0 17.0
131427.0 21770.0 17.0
131907.0 21796.0 17.0
132055.0 21697.0 17.0
132725.0 22131.0 17.0
133207.0 21819.0 17.0
134219.0 22023.0 17.0
135703.0 21986.0 17.0
136703.0 22279.0 17.0
137771.0 21660.0 17.0
137809.0 22195.0 17.0
138293.0 22044.0 17.0
142723.0 22342.0 17.0
143919.0 22085.0 17.0
145593.0 21912.0 17.0
153379.0 22415.0 17.0
