rev1.1
1069.0 326.0 6.861727714912355
1107.0 289.0 11.390625000000094
1123.0 326.0 6.200270911419983
1199.0 297.0 11.390625000000243
1249.0 285.0 10.29259157236848
1263.0 310.0 15.438887358552869
1289.0 329.0 12.60579874158657
1327.0 310.0 11.390625000000114
1333.0 302.0 11.390625000000208
1365.0 351.0 7.593750000000099
1377.0 351.0 13.950609550695008
1379.0 298.0 17.0
1379.0 329.0 8.403865827724495
1393.0 304.0 11.390625000000133
1399.0 288.0 17.0
1443.0 390.0 10.292591572368622
1445.0 269.0 17.0
1445.0 395.0 12.605798741586716
1455.0 393.0 11.390625000000098
1489.0 296.0 12.60579874158658
1507.0 364.0 12.605798741586732
1521.0 332.0 9.300406367130044
1563.0 340.0 12.60579874158676
1575.0 320.0 17.0
1579.0 387.0 13.950609550695015
1579.0 338.0 10.292591572368575
1585.0 321.0 17.0
1599.0 312.0 17.0
1623.0 356.0 11.390625000000231
1623.0 420.0 8.403865827724548
1627.0 358.0 9.300406367129957
1635.0 358.0 11.390625000000075
1641.0 338.0 11.390625000000176
1641.0 358.0 9.300406367130059
1643.0 292.0 17.0
1649.0 330.0 17.0
1651.0 358.0 13.950609550695114
1665.0 340.0 13.950609550694995
1667.0 340.0 9.300406367130053
1681.0 359.0 13.95060955069505
1697.0 322.0 15.438887358552796
1705.0 319.0 17.0
1715.0 379.0 17.0
1723.0 371.0 17.0
1723.0 375.0 13.950609550695082
1757.0 385.0 15.438887358552845
1757.0 373.0 17.0
1767.0 429.0 12.605798741586764
1769.0 386.0 7.593750000000135
1771.0 390.0 17.0
1771.0 397.0 10.292591572368591
1777.0 371.0 12.605798741586687
1787.0 375.0 17.0
1793.0 336.0 17.0
1799.0 455.0 8.403865827724536
1819.0 371.0 17.0
1821.0 387.0 17.0
1821.0 402.0 17.0
1835.0 384.0 13.950609550695093
1855.0 326.0 17.0
1879.0 406.0 11.390625000000297
1891.0 373.0 17.0
1901.0 383.0 17.0
1905.0 455.0 8.403865827724525
1919.0 328.0 17.0
1943.0 383.0 17.0
1953.0 367.0 17.0
1955.0 378.0 17.0
1955.0 372.0 15.438887358552774
1957.0 346.0 17.0
1961.0 397.0 15.438887358552874
1961.0 348.0 17.0
1971.0 407.0 15.438887358552938
1981.0 361.0 17.0
1983.0 349.0 15.438887358552838
2027.0 386.0 17.0
2035.0 450.0 17.0
2037.0 437.0 11.39062500000019
2061.0 435.0 17.0
2113.0 407.0 17.0
2133.0 319.0 17.0
2143.0 355.0 17.0
2183.0 341.0 17.0
2193.0 359.0 17.0
2195.0 379.0 17.0
2219.0 466.0 9.300406367130151
2247.0 405.0 17.0
2275.0 417.0 17.0
2289.0 441.0 17.0
2301.0 315.0 17.0
2309.0 432.0 17.0
2321.0 385.0 17.0
2343.0 453.0 17.0
2359.0 377.0 17.0
2361.0 438.0 17.0
2363.0 327.0 17.0
2567.0 390.0 17.0
2671.0 370.0 17.0
2705.0 436.0 17.0
2815.0 364.0 17.0
