rev1.1
2395.0 621.0 8.403865827724369
2413.0 645.0 13.950609550695155
2529.0 634.0 12.60579874158662
2639.0 619.0 12.60579874158676
2715.0 710.0 8.403865827724557
2763.0 681.0 11.390625000000222
2775.0 583.0 17.0
2801.0 584.0 17.0
2835.0 654.0 17.0
2867.0 640.0 11.390625000000256
2893.0 587.0 17.0
2925.0 637.0 12.605798741586835
2927.0 660.0 11.390625000000265
2937.0 628.0 17.0
2943.0 669.0 12.605798741586856
2947.0 663.0 17.0
2959.0 647.0 17.0
2961.0 710.0 13.950609550695123
2995.0 724.0 13.950609550695136
3003.0 694.0 17.0
3003.0 669.0 17.0
3013.0 621.0 12.60579874158681
3071.0 688.0 11.390625000000364
3083.0 686.0 17.0
3107.0 631.0 17.0
3111.0 669.0 15.4388873585529
3171.0 612.0 13.950609550695257
3187.0 689.0 17.0
3191.0 703.0 17.0
3201.0 709.0 17.0
3205.0 698.0 17.0
3217.0 718.0 15.43888735855302
3219.0 633.0 17.0
3229.0 715.0 17.0
3249.0 638.0 17.0
3259.0 723.0 17.0
3277.0 728.0 17.0
3281.0 702.0 13.950609550695217
3301.0 748.0 17.0
3303.0 695.0 17.0
3331.0 661.0 17.0
3333.0 668.0 17.0
3339.0 696.0 17.0
3355.0 671.0 17.0
3413.0 762.0 17.0
3429.0 709.0 11.3906250000004
3453.0 696.0 17.0
3477.0 717.0 17.0
3497.0 828.0 12.605798741586897
3527.0 716.0 17.0
3557.0 692.0 17.0
3559.0 690.0 17.0
3565.0 621.0 17.0
3567.0 746.0 17.0
3571.0 695.0 17.0
3577.0 683.0 17.0
3599.0 751.0 17.0
3621.0 644.0 17.0
3625.0 646.0 17.0
3625.0 594.0 17.0
3629.0 717.0 17.0
3659.0 730.0 17.0
3667.0 687.0 17.0
3671.0 685.0 17.0
3679.0 689.0 17.0
3683.0 737.0 17.0
3693.0 683.0 17.0
3717.0 747.0 15.438887358553076
3719.0 653.0 17.0
3727.0 689.0 17.0
3737.0 709.0 17.0
3763.0 703.0 17.0
3839.0 717.0 17.0
3845.0 790.0 17.0
3857.0 777.0 17.0
3865.0 682.0 17.0
3875.0 773.0 17.0
3921.0 650.0 17.0
3957.0 745.0 17.0
3965.0 823.0 17.0
3995.0 730.0 17.0
4021.0 817.0 17.0
4077.0 744.0 17.0
4091.0 728.0 17.0
4149.0 782.0 17.0
4277.0 828.0 17.0
4303.0 756.0 17.0
4367.0 748.0 17.0
4451.0 804.0 17.0
4499.0 753.0 17.0
4511.0 700.0 17.0
4533.0 765.0 17.0
4547.0 780.0 17.0
4547.0 706.0 17.0
4715.0 711.0 17.0
4785.0 788.0 17.0
5167.0 707.0 17.0
5393.0 856.0 17.0
5445.0 750.0 17.0
6245.0 858.0 17.0
