rev1.1
25349.0 5143.0 17.0
25433.0 5207.0 17.0
25621.0 5176.0 17.0
25857.0 5155.0 17.0
25961.0 5208.0 17.0
26087.0 5252.0 17.0
26291.0 5182.0 17.0
26373.0 5050.0 17.0
26377.0 5093.0 17.0
26637.0 5118.0 17.0
26679.0 5331.0 17.0
26737.0 5474.0 17.0
26811.0 5294.0 17.0
26841.0 5322.0 17.0
26867.0 5222.0 17.0
26905.0 5453.0 17.0
26943.0 5225.0 17.0
27005.0 5571.0 17.0
27065.0 5393.0 17.0
27071.0 5317.0 17.0
27157.0 5330.0 17.0
27303.0 5289.0 17.0
27389.0 5542.0 17.0
27405.0 5560.0 17.0
27445.0 5273.0 17.0
27563.0 5269.0 17.0
27619.0 5322.0 17.0
27629.0 5212.0 17.0
27679.0 5580.0 17.0
27707.0 5419.0 17.0
27869.0 5637.0 17.0
27931.0 5449.0 17.0
27941.0 5491.0 17.0
27949.0 5464.0 17.0
27993.0 5307.0 17.0
28007.0 5567.0 17.0
28047.0 5227.0 17.0
28093.0 5377.0 17.0
28227.0 5402.0 17.0
28235.0 5248.0 17.0
28281.0 5377.0 17.0
28337.0 5240.0 17.0
28377.0 5257.0 17.0
28389.0 5459.0 17.0
28405.0 5581.0 17.0
28503.0 5752.0 17.0
28541.0 5212.0 17.0
28561.0 5306.0 17.0
28613.0 5324.0 17.0
28641.0 5309.0 17.0
28693.0 5420.0 17.0
28737.0 5351.0 17.0
28987.0 5560.0 17.0
29423.0 5415.0 17.0
29451.0 5403.0 17.0
29473.0 5261.0 17.0
29633.0 5354.0 17.0
29669.0 5479.0 17.0
29777.0 5425.0 17.0
29793.0 5243.0 17.0
29793.0 5502.0 17.0
29795.0 5445.0 17.0
29819.0 5487.0 17.0
30059.0 5396.0 17.0
30063.0 5590.0 17.0
30471.0 5457.0 17.0
30485.0 5431.0 17.0
30605.0 5369.0 17.0
30801.0 5566.0 17.0
30847.0 5528.0 17.0
30877.0 5556.0 17.0
31071.0 5463.0 17.0
31131.0 5449.0 17.0
31195.0 5613.0 17.0
31275.0 5805.0 17.0
31321.0 5463.0 17.0
31337.0 5448.0 17.0
31353.0 5562.0 17.0
31489.0 5493.0 17.0
31511.0 5519.0 17.0
31549.0 5423.0 17.0
31885.0 5538.0 17.0
31979.0 5583.0 17.0
32047.0 5669.0 17.0
32081.0 5389.0 17.0
32205.0 5493.0 17.0
32249.0 5613.0 17.0
32405.0 5357.0 17.0
32413.0 5531.0 17.0
32663.0 5625.0 17.0
32699.0 5371.0 17.0
33101.0 5565.0 17.0
33113.0 5533.0 17.0
33175.0 5517.0 17.0
33647.0 5651.0 17.0
34171.0 5311.0 17.0
34275.0 5431.0 17.0
35311.0 5783.0 17.0
37365.0 5720.0 17.0
37889.0 5459.0 17.0
