rev1.1
447297.0 83794.0 17.0
452323.0 84547.0 17.0
455071.0 83530.0 17.0
456711.0 83835.0 17.0
457295.0 84294.0 17.0
457305.0 83986.0 17.0
457445.0 84748.0 17.0
459213.0 83736.0 17.0
459287.0 84112.0 17.0
460887.0 84143.0 17.0
460959.0 84364.0 17.0
461127.0 84274.0 17.0
462227.0 84825.0 17.0
463369.0 84114.0 17.0
468169.0 84590.0 17.0
469313.0 84999.0 17.0
469369.0 84094.0 17.0
469567.0 84295.0 17.0
469989.0 84699.0 17.0
470567.0 85145.0 17.0
475383.0 85554.0 17.0
477215.0 85301.0 17.0
477301.0 84027.0 17.0
478255.0 85345.0 17.0
478353.0 84819.0 17.0
478581.0 85079.0 17.0
479337.0 84966.0 17.0
479945.0 84395.0 17.0
480119.0 84136.0 17.0
480243.0 83837.0 17.0
482781.0 84213.0 17.0
483073.0 86051.0 17.0
483235.0 84647.0 17.0
483817.0 85311.0 17.0
484091.0 84873.0 17.0
484413.0 84300.0 17.0
484935.0 85004.0 17.0
485491.0 85180.0 17.0
487827.0 85393.0 17.0
488223.0 85512.0 17.0
489825.0 85608.0 17.0
490215.0 85355.0 17.0
490419.0 84607.0 17.0
490471.0 85109.0 17.0
490487.0 85188.0 17.0
491817.0 85820.0 17.0
492527.0 85657.0 17.0
493559.0 85001.0 17.0
495329.0 85467.0 17.0
495827.0 85956.0 17.0
496653.0 85733.0 17.0
497141.0 85753.0 17.0
497689.0 84716.0 17.0
498377.0 85568.0 17.0
498401.0 85607.0 17.0
498679.0 85360.0 17.0
499301.0 85457.0 17.0
501417.0 85661.0 17.0
501541.0 86018.0 17.0
501631.0 85796.0 17.0
501897.0 85085.0 17.0
502803.0 85766.0 17.0
503723.0 85168.0 17.0
503967.0 85737.0 17.0
505517.0 86082.0 17.0
506997.0 85653.0 17.0
508957.0 85516.0 17.0
509397.0 85164.0 17.0
510159.0 85622.0 17.0
510245.0 85691.0 17.0
510381.0 85340.0 17.0
512357.0 85212.0 17.0
513317.0 85152.0 17.0
514017.0 85963.0 17.0
514743.0 85809.0 17.0
515051.0 85673.0 17.0
516159.0 85684.0 17.0
517013.0 85759.0 17.0
517561.0 86082.0 17.0
519203.0 86436.0 17.0
520671.0 86631.0 17.0
520755.0 85715.0 17.0
522085.0 86644.0 17.0
522641.0 86412.0 17.0
522971.0 86385.0 17.0
523327.0 86532.0 17.0
524411.0 86610.0 17.0
527271.0 86636.0 17.0
528731.0 86746.0 17.0
534437.0 85797.0 17.0
539969.0 87303.0 17.0
542607.0 87174.0 17.0
544505.0 86930.0 17.0
546863.0 87039.0 17.0
548689.0 86520.0 17.0
550427.0 87462.0 17.0
564131.0 87551.0 17.0
564879.0 86511.0 17.0
568353.0 88471.0 17.0
628905.0 89890.0 17.0
