rev1.1
900781.0 166589.0 17.0
919187.0 168671.0 17.0
926967.0 169027.0 17.0
928599.0 168279.0 17.0
928917.0 167958.0 17.0
930157.0 167612.0 17.0
930635.0 167550.0 17.0
933109.0 168437.0 17.0
935247.0 169094.0 17.0
935609.0 169122.0 17.0
936687.0 169435.0 17.0
938679.0 168938.0 17.0
941497.0 168481.0 17.0
942549.0 168034.0 17.0
943121.0 168561.0 17.0
949259.0 168897.0 17.0
953927.0 169195.0 17.0
954553.0 168686.0 17.0
954825.0 169394.0 17.0
955905.0 169257.0 17.0
956287.0 169122.0 17.0
959211.0 169293.0 17.0
960357.0 168688.0 17.0
961399.0 169006.0 17.0
961499.0 169891.0 17.0
963001.0 167829.0 17.0
965427.0 169697.0 17.0
966089.0 168810.0 17.0
966269.0 168946.0 17.0
968155.0 170032.0 17.0
968277.0 168636.0 17.0
969513.0 169348.0 17.0
972147.0 170483.0 17.0
972279.0 170816.0 17.0
972883.0 169708.0 17.0
975769.0 167988.0 17.0
976743.0 169239.0 17.0
976759.0 168984.0 17.0
976839.0 169722.0 17.0
980367.0 169129.0 17.0
981207.0 169969.0 17.0
982085.0 168933.0 17.0
982227.0 170222.0 17.0
985829.0 169568.0 17.0
986097.0 169922.0 17.0
986525.0 169817.0 17.0
988629.0 170134.0 17.0
989159.0 169452.0 17.0
989851.0 169426.0 17.0
996031.0 170550.0 17.0
998705.0 170305.0 17.0
999109.0 170212.0 17.0
999549.0 170491.0 17.0
1001145.0 171668.0 17.0
1001493.0 170692.0 17.0
1004861.0 171403.0 17.0
1005667.0 170485.0 17.0
1005963.0 169874.0 17.0
1010917.0 169980.0 17.0
1011601.0 171863.0 17.0
1011821.0 169125.0 17.0
1013283.0 172208.0 17.0
1013309.0 171596.0 17.0
1014221.0 171294.0 17.0
1015373.0 171917.0 17.0
1021751.0 171584.0 17.0
1026075.0 171119.0 17.0
1026701.0 170785.0 17.0
1026963.0 171229.0 17.0
1027481.0 171577.0 17.0
1029373.0 171527.0 17.0
1029689.0 172337.0 17.0
1030765.0 171262.0 17.0
1037561.0 171091.0 17.0
1040623.0 173647.0 17.0
1042007.0 170887.0 17.0
1046187.0 171634.0 17.0
1049163.0 171340.0 17.0
1058797.0 171716.0 17.0
1059207.0 172363.0 17.0
1059225.0 171333.0 17.0
1067543.0 172064.0 17.0
1070157.0 173444.0 17.0
1075255.0 171361.0 17.0
1076865.0 172892.0 17.0
1079035.0 170925.0 17.0
1080235.0 173022.0 17.0
1091007.0 173338.0 17.0
1103121.0 172596.0 17.0
1104177.0 174004.0 17.0
1109315.0 173855.0 17.0
1128169.0 174165.0 17.0
1135793.0 174272.0 17.0
1141693.0 174627.0 17.0
1142249.0 174359.0 17.0
1151543.0 173756.0 17.0
1169957.0 175663.0 17.0
1170111.0 174894.0 17.0
1229355.0 176152.0 17.0
1306421.0 180350.0 17.0
