rev1.1
48443.0 10217.0 17.0
50693.0 10328.0 17.0
50921.0 10330.0 17.0
51107.0 10716.0 17.0
52403.0 10352.0 17.0
52857.0 10302.0 17.0
53161.0 10623.0 17.0
53573.0 10461.0 17.0
54123.0 10610.0 17.0
54177.0 10254.0 17.0
54355.0 10549.0 17.0
55141.0 10631.0 17.0
55203.0 10311.0 17.0
55237.0 10480.0 17.0
55379.0 10835.0 17.0
55473.0 10842.0 17.0
55665.0 10657.0 17.0
55787.0 10463.0 17.0
55985.0 10596.0 17.0
55993.0 10755.0 17.0
56061.0 10569.0 17.0
56271.0 10535.0 17.0
56443.0 10500.0 17.0
56635.0 10775.0 17.0
56641.0 10598.0 17.0
56741.0 10494.0 17.0
57167.0 10740.0 17.0
57303.0 10788.0 17.0
57371.0 10847.0 17.0
57437.0 10741.0 17.0
57461.0 10709.0 17.0
57687.0 10497.0 17.0
57809.0 10690.0 17.0
58105.0 10989.0 17.0
58277.0 10530.0 17.0
58359.0 10909.0 17.0
58695.0 10690.0 17.0
58731.0 10700.0 17.0
58847.0 10473.0 17.0
58873.0 11421.0 17.0
58999.0 11031.0 17.0
59189.0 10735.0 17.0
59215.0 10437.0 17.0
59333.0 10766.0 17.0
59335.0 11031.0 17.0
59385.0 10384.0 17.0
59567.0 10438.0 17.0
59805.0 11049.0 17.0
59879.0 10831.0 17.0
59955.0 10907.0 17.0
60135.0 10721.0 17.0
60223.0 10821.0 17.0
60239.0 10787.0 17.0
60665.0 10696.0 17.0
60865.0 10831.0 17.0
60893.0 10732.0 17.0
61321.0 10757.0 17.0
61339.0 10751.0 17.0
61399.0 10868.0 17.0
61425.0 11052.0 17.0
61495.0 11041.0 17.0
61563.0 10906.0 17.0
61577.0 11039.0 17.0
61705.0 10926.0 17.0
61751.0 10684.0 17.0
61791.0 11095.0 17.0
61873.0 10681.0 17.0
62323.0 10884.0 17.0
62409.0 10750.0 17.0
62443.0 11031.0 17.0
62747.0 11032.0 17.0
62859.0 10953.0 17.0
63065.0 10839.0 17.0
63141.0 10915.0 17.0
63223.0 10621.0 17.0
63491.0 10739.0 17.0
63565.0 11288.0 17.0
63617.0 10729.0 17.0
63697.0 10957.0 17.0
63709.0 10949.0 17.0
63863.0 10910.0 17.0
64181.0 10872.0 17.0
64231.0 10665.0 17.0
65037.0 10923.0 17.0
65439.0 10685.0 17.0
65831.0 11224.0 17.0
66119.0 11133.0 17.0
66267.0 10796.0 17.0
66689.0 10783.0 17.0
67025.0 11038.0 17.0
67439.0 11080.0 17.0
67553.0 11059.0 17.0
67785.0 11113.0 17.0
68821.0 11031.0 17.0
68979.0 11264.0 17.0
69181.0 11230.0 17.0
69705.0 10937.0 17.0
69983.0 11056.0 17.0
70495.0 11192.0 17.0
73403.0 11239.0 17.0
