rev1.1
5175.0 1241.0 17.0
5813.0 1205.0 17.0
5853.0 1225.0 17.0
5899.0 1179.0 17.0
5949.0 1361.0 17.0
5953.0 1250.0 17.0
5989.0 1258.0 17.0
5995.0 1289.0 17.0
6009.0 1384.0 13.95060955069525
6023.0 1347.0 17.0
6125.0 1312.0 17.0
6127.0 1347.0 17.0
6169.0 1372.0 17.0
6183.0 1353.0 17.0
6189.0 1354.0 17.0
6211.0 1409.0 17.0
6219.0 1326.0 17.0
6279.0 1356.0 17.0
6299.0 1251.0 17.0
6399.0 1385.0 17.0
6419.0 1324.0 17.0
6439.0 1390.0 17.0
6485.0 1276.0 17.0
6521.0 1264.0 17.0
6621.0 1395.0 17.0
6647.0 1307.0 17.0
6649.0 1356.0 17.0
6655.0 1330.0 17.0
6663.0 1348.0 17.0
6667.0 1303.0 17.0
6669.0 1422.0 17.0
6697.0 1408.0 17.0
6737.0 1322.0 17.0
6751.0 1394.0 17.0
6783.0 1385.0 17.0
6787.0 1370.0 17.0
6799.0 1398.0 17.0
6811.0 1563.0 17.0
6825.0 1369.0 17.0
6841.0 1525.0 17.0
6865.0 1342.0 17.0
6893.0 1282.0 17.0
6915.0 1387.0 17.0
6975.0 1336.0 17.0
7001.0 1371.0 17.0
7011.0 1378.0 17.0
7013.0 1492.0 17.0
7033.0 1443.0 17.0
7043.0 1517.0 17.0
7053.0 1375.0 17.0
7089.0 1327.0 17.0
7103.0 1459.0 17.0
7111.0 1440.0 17.0
7133.0 1458.0 17.0
7137.0 1287.0 17.0
7141.0 1404.0 17.0
7189.0 1488.0 17.0
7205.0 1501.0 17.0
7263.0 1507.0 17.0
7275.0 1512.0 17.0
7277.0 1500.0 17.0
7363.0 1194.0 17.0
7369.0 1361.0 17.0
7399.0 1487.0 17.0
7411.0 1508.0 17.0
7417.0 1412.0 17.0
7423.0 1413.0 17.0
7425.0 1418.0 17.0
7439.0 1389.0 17.0
7441.0 1370.0 17.0
7453.0 1516.0 17.0
7481.0 1477.0 17.0
7515.0 1389.0 17.0
7517.0 1440.0 17.0
7573.0 1540.0 17.0
7627.0 1671.0 17.0
7691.0 1314.0 17.0
7739.0 1419.0 17.0
7775.0 1333.0 17.0
7783.0 1393.0 17.0
7789.0 1394.0 17.0
7895.0 1411.0 17.0
7907.0 1289.0 17.0
7983.0 1373.0 17.0
7987.0 1436.0 17.0
7991.0 1436.0 17.0
8015.0 1556.0 17.0
8015.0 1377.0 17.0
8047.0 1463.0 17.0
8101.0 1381.0 17.0
8109.0 1426.0 17.0
8129.0 1524.0 17.0
8457.0 1510.0 17.0
8683.0 1379.0 17.0
8691.0 1402.0 17.0
8731.0 1470.0 17.0
8795.0 1516.0 17.0
9831.0 1551.0 17.0
10227.0 1541.0 17.0
12023.0 1651.0 17.0
