rev1.1
221023.0 42666.0 17.0
221167.0 42039.0 17.0
221725.0 41495.0 17.0
222835.0 42122.0 17.0
223989.0 41731.0 17.0
224597.0 42469.0 17.0
225211.0 42656.0 17.0
226099.0 42780.0 17.0
226107.0 42776.0 17.0
227017.0 42355.0 17.0
227983.0 42685.0 17.0
228303.0 42132.0 17.0
228541.0 42080.0 17.0
228601.0 42144.0 17.0
228719.0 42401.0 17.0
230489.0 42478.0 17.0
230981.0 42363.0 17.0
231125.0 42346.0 17.0
232977.0 42590.0 17.0
233443.0 42712.0 17.0
233619.0 41848.0 17.0
234159.0 42380.0 17.0
234755.0 43015.0 17.0
235093.0 42905.0 17.0
235115.0 42199.0 17.0
235365.0 42109.0 17.0
235417.0 42222.0 17.0
235651.0 41965.0 17.0
235703.0 42103.0 17.0
235925.0 42139.0 17.0
236545.0 42170.0 17.0
237063.0 41959.0 17.0
237129.0 41851.0 17.0
237457.0 42730.0 17.0
238019.0 42100.0 17.0
238497.0 42419.0 17.0
239341.0 42405.0 17.0
239661.0 42966.0 17.0
239967.0 42398.0 17.0
240553.0 42356.0 17.0
241129.0 42470.0 17.0
241145.0 42930.0 17.0
241289.0 42944.0 17.0
241501.0 42313.0 17.0
242185.0 42548.0 17.0
243287.0 43247.0 17.0
244523.0 43203.0 17.0
245079.0 42480.0 17.0
245909.0 42841.0 17.0
246149.0 42932.0 17.0
246477.0 42897.0 17.0
246501.0 43114.0 17.0
246559.0 42814.0 17.0
246785.0 43311.0 17.0
247743.0 42938.0 17.0
247907.0 43375.0 17.0
248477.0 42378.0 17.0
249337.0 43076.0 17.0
249667.0 43502.0 17.0
249855.0 42675.0 17.0
250629.0 43118.0 17.0
250741.0 42682.0 17.0
251149.0 42747.0 17.0
251409.0 43316.0 17.0
252709.0 43301.0 17.0
253087.0 42536.0 17.0
253355.0 42951.0 17.0
253565.0 42906.0 17.0
253591.0 43753.0 17.0
254973.0 42883.0 17.0
255835.0 42694.0 17.0
255891.0 42451.0 17.0
256403.0 43656.0 17.0
256879.0 43386.0 17.0
257377.0 43194.0 17.0
257393.0 43303.0 17.0
257415.0 43244.0 17.0
258061.0 43244.0 17.0
258653.0 42760.0 17.0
258921.0 43804.0 17.0
260039.0 43378.0 17.0
260751.0 43485.0 17.0
261249.0 42783.0 17.0
262657.0 43133.0 17.0
264681.0 44019.0 17.0
267119.0 42773.0 17.0
269781.0 43201.0 17.0
270093.0 43881.0 17.0
270323.0 43941.0 17.0
271459.0 43321.0 17.0
271975.0 43760.0 17.0
274189.0 43266.0 17.0
275287.0 43904.0 17.0
275935.0 43082.0 17.0
277645.0 43784.0 17.0
279021.0 43741.0 17.0
280971.0 44574.0 17.0
285823.0 43552.0 17.0
291305.0 45000.0 17.0
292861.0 43886.0 17.0
