rev1.1
40813.0 8109.0 16.636020555093744
41103.0 8052.0 16.636020555093744
41405.0 8210.0 16.636020555093744
42119.0 8200.0 16.636020555093744
42241.0 8264.0 16.636020555093744
42319.0 8236.0 16.636020555093744
42331.0 8136.0 16.636020555093744
42437.0 8205.0 16.636020555093744
42443.0 8249.0 16.636020555093744
42621.0 8179.0 16.636020555093744
42647.0 8143.0 16.636020555093744
42857.0 8296.0 16.636020555093744
42935.0 8211.0 16.636020555093744
43031.0 8264.0 16.636020555093744
43037.0 8096.0 16.636020555093744
43073.0 8271.0 16.636020555093744
43073.0 8327.0 16.636020555093744
43103.0 8246.0 16.636020555093744
43357.0 8130.0 16.636020555093744
43371.0 8416.0 16.636020555093744
43403.0 8176.0 16.636020555093744
43493.0 8116.0 16.636020555093744
43619.0 8190.0 16.636020555093744
43799.0 8287.0 16.636020555093744
43851.0 8242.0 16.636020555093744
43883.0 8134.0 16.636020555093744
43979.0 8313.0 16.636020555093744
44113.0 8088.0 16.636020555093744
44185.0 8231.0 16.636020555093744
44203.0 8307.0 16.636020555093744
44215.0 8255.0 16.636020555093744
44261.0 8367.0 16.636020555093744
44331.0 8260.0 16.636020555093744
44427.0 8300.0 16.636020555093744
44465.0 8343.0 16.636020555093744
44481.0 8207.0 16.636020555093744
44549.0 8241.0 16.636020555093744
44659.0 8415.0 16.636020555093744
44681.0 8411.0 16.636020555093744
44835.0 8300.0 16.636020555093744
44923.0 8428.0 16.636020555093744
45007.0 8259.0 16.636020555093744
45045.0 8377.0 16.636020555093744
45283.0 8314.0 16.636020555093744
45307.0 8236.0 16.636020555093744
45343.0 8222.0 16.636020555093744
45399.0 8328.0 16.636020555093744
45467.0 8345.0 16.636020555093744
45519.0 8287.0 16.636020555093744
45533.0 8255.0 16.636020555093744
45567.0 8310.0 16.636020555093744
45603.0 8284.0 16.636020555093744
45671.0 8369.0 16.636020555093744
45773.0 8403.0 16.636020555093744
45805.0 8388.0 16.636020555093744
45921.0 8521.0 16.636020555093744
45923.0 8377.0 16.636020555093744
45947.0 8547.0 16.636020555093744
45985.0 8380.0 16.636020555093744
46081.0 8339.0 16.636020555093744
46111.0 8284.0 16.636020555093744
46141.0 8351.0 16.636020555093744
46143.0 8246.0 16.636020555093744
46175.0 8390.0 16.636020555093744
46185.0 8169.0 16.636020555093744
46291.0 8421.0 16.636020555093744
46303.0 8547.0 16.636020555093744
46327.0 8359.0 16.636020555093744
46355.0 8341.0 16.636020555093744
46409.0 8439.0 16.636020555093744
46423.0 8285.0 16.636020555093744
46427.0 8547.0 16.636020555093744
46475.0 8332.0 16.636020555093744
46659.0 8345.0 16.636020555093744
46737.0 8307.0 16.636020555093744
46801.0 8472.0 16.636020555093744
46805.0 8476.0 16.636020555093744
46869.0 8483.0 16.636020555093744
46983.0 8188.0 16.636020555093744
47219.0 8404.0 16.636020555093744
47225.0 8342.0 16.636020555093744
47309.0 8390.0 16.636020555093744
47325.0 8247.0 16.636020555093744
47603.0 8645.0 16.636020555093744
47631.0 8590.0 16.636020555093744
47633.0 8450.0 16.636020555093744
47699.0 8190.0 16.636020555093744
47739.0 8327.0 16.636020555093744
47913.0 8453.0 16.636020555093744
48097.0 8252.0 16.636020555093744
48143.0 8596.0 16.636020555093744
48181.0 8413.0 16.636020555093744
48331.0 8474.0 16.636020555093744
48417.0 8472.0 16.636020555093744
48517.0 8599.0 16.636020555093744
48915.0 8335.0 16.636020555093744
48919.0 8303.0 16.636020555093744
48939.0 8434.0 16.636020555093744
49149.0 8382.0 16.636020555093744
52667.0 8681.0 16.636020555093744
