rev1.1
1.2060171E7 2107364.0 27.725889129745536
1.2159315E7 2109243.0 27.725889129745536
1.2183753E7 2109458.0 27.725889129745536
1.2210489E7 2112233.0 27.725889129745536
1.2252007E7 2111915.0 27.725889129745536
1.2252689E7 2109406.0 27.725889129745536
1.2253899E7 2110277.0 27.725889129745536
1.2259305E7 2113125.0 27.725889129745536
1.2289345E7 2113278.0 27.725889129745536
1.2297287E7 2109559.0 27.725889129745536
1.2308703E7 2111756.0 27.725889129745536
1.2312219E7 2114832.0 27.725889129745536
1.2315749E7 2113875.0 27.725889129745536
1.2324647E7 2113049.0 27.725889129745536
1.2327047E7 2112618.0 27.725889129745536
1.2329051E7 2110289.0 27.725889129745536
1.2332091E7 2112352.0 27.725889129745536
1.2332683E7 2111808.0 27.725889129745536
1.2341805E7 2112384.0 27.725889129745536
1.2347825E7 2113789.0 27.725889129745536
1.2358661E7 2114677.0 27.725889129745536
1.2359445E7 2111467.0 27.725889129745536
1.2376969E7 2111670.0 27.725889129745536
1.2377077E7 2113866.0 27.725889129745536
1.2384155E7 2115020.0 27.725889129745536
1.2393771E7 2113836.0 27.725889129745536
1.2399393E7 2112440.0 27.725889129745536
1.2413527E7 2112245.0 27.725889129745536
1.2415007E7 2115397.0 27.725889129745536
1.2455289E7 2113057.0 27.725889129745536
1.2458205E7 2115310.0 27.725889129745536
1.2458309E7 2114453.0 27.725889129745536
1.2465303E7 2116733.0 27.725889129745536
1.2467029E7 2116516.0 27.725889129745536
1.2476629E7 2114995.0 27.725889129745536
1.2477481E7 2116178.0 27.725889129745536
1.2480899E7 2115365.0 27.725889129745536
1.2484667E7 2116072.0 27.725889129745536
1.2485379E7 2114243.0 27.725889129745536
1.2508069E7 2119375.0 27.725889129745536
1.2524591E7 2117227.0 27.725889129745536
1.2528633E7 2115369.0 27.725889129745536
1.2532295E7 2116815.0 27.725889129745536
1.2534115E7 2118173.0 27.725889129745536
1.2556885E7 2116311.0 27.725889129745536
1.2571489E7 2121977.0 27.725889129745536
1.2573487E7 2117881.0 27.725889129745536
1.2574253E7 2118191.0 27.725889129745536
1.2575993E7 2117215.0 27.725889129745536
1.2577329E7 2118157.0 27.725889129745536
1.2577693E7 2117854.0 27.725889129745536
1.2582209E7 2118058.0 27.725889129745536
1.2591619E7 2118100.0 27.725889129745536
1.2592207E7 2118488.0 27.725889129745536
1.2607747E7 2120325.0 27.725889129745536
1.2612131E7 2115682.0 27.725889129745536
1.2615989E7 2119508.0 27.725889129745536
1.2618425E7 2116766.0 27.725889129745536
1.2627969E7 2120008.0 27.725889129745536
1.2630005E7 2118203.0 27.725889129745536
1.2662167E7 2120322.0 27.725889129745536
1.2663473E7 2119157.0 27.725889129745536
1.2669851E7 2121821.0 27.725889129745536
1.2682111E7 2121311.0 27.725889129745536
1.2686337E7 2117224.0 27.725889129745536
1.2695939E7 2121583.0 27.725889129745536
1.2710631E7 2118202.0 27.725889129745536
1.2711079E7 2119112.0 27.725889129745536
1.2712937E7 2118108.0 27.725889129745536
1.2746971E7 2123252.0 27.725889129745536
1.2748189E7 2119806.0 27.725889129745536
1.2758877E7 2120714.0 27.725889129745536
1.2760557E7 2119381.0 27.725889129745536
1.2766447E7 2119809.0 27.725889129745536
1.2783345E7 2123361.0 27.725889129745536
1.2783975E7 2119148.0 27.725889129745536
1.2797327E7 2122326.0 27.725889129745536
1.2808813E7 2117760.0 27.725889129745536
1.2820087E7 2123027.0 27.725889129745536
1.2840315E7 2124518.0 27.725889129745536
1.2856411E7 2123307.0 27.725889129745536
1.2863291E7 2122816.0 27.725889129745536
1.2877363E7 2122536.0 27.725889129745536
1.2879421E7 2123275.0 27.725889129745536
1.2883165E7 2123429.0 27.725889129745536
1.2894695E7 2122059.0 27.725889129745536
1.2900949E7 2124498.0 27.725889129745536
1.2907343E7 2124339.0 27.725889129745536
1.2999041E7 2123560.0 27.725889129745536
1.3081053E7 2127427.0 27.725889129745536
1.3244011E7 2131197.0 27.725889129745536
1.3297661E7 2128704.0 27.725889129745536
1.3315331E7 2131252.0 27.725889129745536
1.3345973E7 2128416.0 27.725889129745536
1.3407595E7 2130659.0 27.725889129745536
1.3457403E7 2133613.0 27.725889129745536
1.3462331E7 2135207.0 27.725889129745536
1.3526797E7 2133449.0 27.725889129745536
1.3747131E7 2139568.0 27.725889129745536
1.3820241E7 2139894.0 27.725889129745536
