rev1.1
345.0 99.0 5.60257721848292
345.0 113.0 5.062500000000017
365.0 115.0 4.574485143274864
381.0 103.0 6.861727714912299
409.0 125.0 4.574485143274871
413.0 110.0 5.062500000000041
417.0 122.0 6.861727714912309
427.0 118.0 5.062500000000038
435.0 113.0 5.602577218482905
439.0 101.0 7.5937500000000435
451.0 117.0 5.602577218482916
451.0 133.0 6.200270911419937
453.0 130.0 5.602577218482887
459.0 119.0 5.602577218482921
461.0 116.0 5.602577218482927
463.0 129.0 6.200270911419945
471.0 115.0 5.602577218482905
477.0 107.0 8.348774539791274
477.0 120.0 8.348774539791274
483.0 138.0 6.200270911419967
505.0 130.0 6.200270911419978
505.0 130.0 5.0625000000000435
509.0 134.0 7.593750000000059
509.0 110.0 8.348774539791274
519.0 129.0 8.348774539791274
525.0 113.0 8.348774539791274
527.0 135.0 8.348774539791274
531.0 145.0 6.200270911419985
541.0 142.0 5.602577218482896
547.0 144.0 8.348774539791274
547.0 134.0 6.861727714912293
549.0 157.0 5.602577218482918
549.0 115.0 8.348774539791274
551.0 117.0 8.348774539791274
553.0 123.0 7.593750000000059
553.0 151.0 6.200270911419983
553.0 162.0 6.200270911419942
553.0 144.0 8.348774539791274
555.0 137.0 8.348774539791274
565.0 130.0 6.861727714912324
565.0 140.0 6.2002709114199765
567.0 136.0 6.861727714912299
569.0 172.0 5.602577218482921
571.0 160.0 6.861727714912298
571.0 152.0 8.348774539791274
573.0 138.0 6.200270911419973
573.0 165.0 6.200270911419988
575.0 108.0 8.348774539791274
583.0 135.0 8.348774539791274
585.0 150.0 8.348774539791274
587.0 137.0 8.348774539791274
591.0 122.0 8.348774539791274
593.0 162.0 6.8617277149123135
593.0 143.0 6.861727714912307
601.0 144.0 7.593750000000045
601.0 154.0 8.348774539791274
605.0 151.0 7.593750000000087
611.0 156.0 8.348774539791274
617.0 148.0 8.348774539791274
619.0 171.0 8.348774539791274
619.0 158.0 8.348774539791274
623.0 170.0 8.348774539791274
627.0 151.0 8.348774539791274
629.0 138.0 8.348774539791274
635.0 142.0 8.348774539791274
643.0 157.0 8.348774539791274
655.0 157.0 8.348774539791274
657.0 139.0 8.348774539791274
657.0 142.0 8.348774539791274
657.0 171.0 6.861727714912323
659.0 136.0 8.348774539791274
661.0 146.0 8.348774539791274
661.0 152.0 8.348774539791274
663.0 133.0 8.348774539791274
665.0 137.0 8.348774539791274
667.0 134.0 8.348774539791274
683.0 146.0 8.348774539791274
685.0 140.0 8.348774539791274
693.0 155.0 8.348774539791274
697.0 130.0 8.348774539791274
699.0 154.0 8.348774539791274
711.0 145.0 8.348774539791274
713.0 147.0 8.348774539791274
741.0 134.0 8.348774539791274
743.0 137.0 8.348774539791274
755.0 141.0 8.348774539791274
755.0 160.0 8.348774539791274
755.0 163.0 8.348774539791274
777.0 165.0 8.348774539791274
777.0 172.0 8.348774539791274
803.0 164.0 8.348774539791274
811.0 160.0 8.348774539791274
825.0 158.0 8.348774539791274
827.0 153.0 8.348774539791274
843.0 169.0 8.348774539791274
857.0 183.0 8.348774539791274
893.0 176.0 8.348774539791274
951.0 159.0 8.348774539791274
979.0 173.0 8.348774539791274
1021.0 189.0 8.348774539791274
