rev1.1
4311.0 1054.0 12.480551690341539
4465.0 1023.0 11.390625000000309
4483.0 1021.0 10.292591572368844
4487.0 1055.0 12.480551690341539
4545.0 976.0 12.480551690341539
4627.0 1016.0 12.480551690341539
4681.0 1020.0 12.480551690341539
4687.0 1036.0 12.480551690341539
4707.0 984.0 12.480551690341539
4707.0 1015.0 12.480551690341539
4707.0 999.0 12.480551690341539
4739.0 1106.0 12.480551690341539
4747.0 1002.0 12.480551690341539
4773.0 1025.0 12.480551690341539
4791.0 1024.0 12.480551690341539
4793.0 967.0 12.480551690341539
4835.0 1017.0 12.480551690341539
4869.0 998.0 12.480551690341539
4871.0 982.0 12.480551690341539
4879.0 1037.0 12.480551690341539
4905.0 1041.0 12.480551690341539
4909.0 1030.0 12.480551690341539
4943.0 1035.0 12.480551690341539
4961.0 1036.0 12.480551690341539
4987.0 1081.0 12.480551690341539
4993.0 940.0 12.480551690341539
4993.0 1045.0 12.480551690341539
5015.0 1057.0 12.480551690341539
5017.0 1018.0 12.480551690341539
5041.0 1102.0 12.480551690341539
5067.0 1083.0 12.480551690341539
5087.0 1040.0 12.480551690341539
5089.0 1084.0 12.480551690341539
5129.0 1059.0 12.480551690341539
5151.0 1058.0 12.480551690341539
5159.0 1035.0 12.480551690341539
5169.0 1091.0 12.480551690341539
5169.0 1019.0 12.480551690341539
5171.0 1038.0 12.480551690341539
5181.0 1084.0 12.480551690341539
5181.0 1088.0 12.480551690341539
5193.0 1039.0 12.480551690341539
5231.0 1046.0 12.480551690341539
5247.0 1080.0 12.480551690341539
5277.0 1044.0 12.480551690341539
5277.0 1079.0 12.480551690341539
5281.0 1042.0 12.480551690341539
5289.0 1019.0 12.480551690341539
5295.0 1054.0 12.480551690341539
5313.0 1022.0 12.480551690341539
5315.0 930.0 12.480551690341539
5317.0 1109.0 12.480551690341539
5327.0 1133.0 12.480551690341539
5331.0 1129.0 12.480551690341539
5339.0 1119.0 12.480551690341539
5381.0 1071.0 12.480551690341539
5391.0 1104.0 12.480551690341539
5399.0 1005.0 12.480551690341539
5403.0 1036.0 12.480551690341539
5419.0 1101.0 12.480551690341539
5423.0 1011.0 12.480551690341539
5429.0 1077.0 12.480551690341539
5431.0 1090.0 12.480551690341539
5437.0 1009.0 12.480551690341539
5493.0 1101.0 12.480551690341539
5497.0 1078.0 12.480551690341539
5499.0 1049.0 12.480551690341539
5499.0 1103.0 12.480551690341539
5531.0 1091.0 12.480551690341539
5537.0 1022.0 12.480551690341539
5541.0 1082.0 12.480551690341539
5541.0 1106.0 12.480551690341539
5543.0 1079.0 12.480551690341539
5559.0 1065.0 12.480551690341539
5561.0 980.0 12.480551690341539
5569.0 1024.0 12.480551690341539
5599.0 1046.0 12.480551690341539
5617.0 1088.0 12.480551690341539
5619.0 1134.0 12.480551690341539
5661.0 1117.0 12.480551690341539
5723.0 1020.0 12.480551690341539
5727.0 1040.0 12.480551690341539
5873.0 1065.0 12.480551690341539
5879.0 1133.0 12.480551690341539
5883.0 1047.0 12.480551690341539
5973.0 1069.0 12.480551690341539
6001.0 1016.0 12.480551690341539
6039.0 1153.0 12.480551690341539
6043.0 1090.0 12.480551690341539
6227.0 1133.0 12.480551690341539
6279.0 1062.0 12.480551690341539
6299.0 1103.0 12.480551690341539
6307.0 1149.0 12.480551690341539
6333.0 1047.0 12.480551690341539
6335.0 1100.0 12.480551690341539
6369.0 1099.0 12.480551690341539
6423.0 1098.0 12.480551690341539
6463.0 1099.0 12.480551690341539
6707.0 1149.0 12.480551690341539
6733.0 1117.0 12.480551690341539
