rev1.1
749.0 223.0 5.602577218482926
889.0 219.0 6.20027091141999
905.0 257.0 6.200270911419982
931.0 242.0 9.719624808723344
969.0 229.0 8.403865827724388
981.0 241.0 6.8617277149122975
981.0 248.0 7.593750000000085
1001.0 237.0 6.86172771491237
1011.0 264.0 9.719624808723344
1011.0 263.0 9.719624808723344
1013.0 252.0 8.403865827724449
1017.0 232.0 9.719624808723344
1019.0 254.0 9.719624808723344
1029.0 261.0 6.861727714912344
1033.0 234.0 9.30040636712997
1043.0 262.0 7.593750000000112
1049.0 282.0 8.403865827724358
1053.0 269.0 9.719624808723344
1057.0 225.0 9.719624808723344
1075.0 301.0 6.861727714912327
1077.0 255.0 7.593750000000071
1077.0 271.0 9.719624808723344
1081.0 270.0 8.403865827724427
1085.0 268.0 8.403865827724427
1091.0 250.0 9.719624808723344
1093.0 278.0 6.861727714912307
1093.0 249.0 9.719624808723344
1095.0 300.0 9.719624808723344
1105.0 254.0 9.300406367129998
1117.0 273.0 9.300406367130066
1117.0 234.0 9.719624808723344
1117.0 278.0 9.300406367129927
1121.0 249.0 9.719624808723344
1135.0 296.0 7.593750000000073
1137.0 284.0 8.403865827724424
1141.0 299.0 9.719624808723344
1143.0 256.0 9.719624808723344
1153.0 281.0 9.719624808723344
1155.0 265.0 9.719624808723344
1155.0 270.0 9.719624808723344
1159.0 236.0 9.300406367129986
1161.0 257.0 9.719624808723344
1163.0 272.0 9.719624808723344
1167.0 278.0 9.719624808723344
1181.0 266.0 9.300406367130032
1183.0 276.0 9.719624808723344
1201.0 278.0 9.719624808723344
1201.0 268.0 8.40386582772446
1201.0 249.0 9.719624808723344
1209.0 275.0 9.719624808723344
1211.0 296.0 9.719624808723344
1213.0 260.0 9.719624808723344
1215.0 287.0 9.719624808723344
1229.0 262.0 9.719624808723344
1235.0 255.0 9.719624808723344
1235.0 280.0 9.719624808723344
1253.0 247.0 9.30040636712997
1257.0 292.0 9.719624808723344
1257.0 285.0 9.719624808723344
1261.0 267.0 9.719624808723344
1261.0 282.0 9.719624808723344
1267.0 298.0 9.719624808723344
1267.0 295.0 9.300406367130014
1277.0 282.0 9.719624808723344
1279.0 265.0 9.719624808723344
1283.0 262.0 9.300406367129943
1285.0 250.0 9.719624808723344
1285.0 269.0 9.719624808723344
1287.0 273.0 9.719624808723344
1289.0 259.0 9.719624808723344
1297.0 276.0 8.403865827724438
1299.0 304.0 9.300406367129938
1303.0 320.0 9.719624808723344
1305.0 297.0 9.719624808723344
1337.0 267.0 9.719624808723344
1357.0 279.0 9.719624808723344
1361.0 256.0 9.719624808723344
1367.0 266.0 9.719624808723344
1369.0 275.0 9.719624808723344
1373.0 295.0 9.719624808723344
1375.0 280.0 9.719624808723344
1385.0 280.0 9.719624808723344
1387.0 301.0 9.719624808723344
1387.0 271.0 9.719624808723344
1415.0 273.0 9.719624808723344
1415.0 245.0 9.719624808723344
1417.0 283.0 9.719624808723344
1427.0 313.0 9.719624808723344
1435.0 267.0 9.719624808723344
1439.0 294.0 9.719624808723344
1445.0 276.0 9.719624808723344
1461.0 321.0 9.719624808723344
1487.0 303.0 9.719624808723344
1547.0 314.0 9.719624808723344
1551.0 296.0 9.719624808723344
1569.0 314.0 9.719624808723344
1617.0 293.0 9.719624808723344
1643.0 262.0 9.719624808723344
1929.0 299.0 9.719624808723344
2069.0 297.0 9.719624808723344
