rev1.1
143.0 49.0 4.133513940946621
147.0 64.0 2.490034319325728
149.0 48.0 3.7350514789885936
151.0 59.0 3.049656762183234
155.0 53.0 3.0496567621832367
157.0 54.0 4.133513940946627
159.0 55.0 4.57448514327485
175.0 60.0 3.0496567621832393
175.0 47.0 4.133513940946629
177.0 63.0 3.0496567621832327
179.0 67.0 4.133513940946627
181.0 72.0 3.375000000000014
193.0 55.0 4.574485143274855
203.0 60.0 6.200270911419933
203.0 72.0 3.0496567621832398
203.0 69.0 3.375000000000014
207.0 63.0 5.062500000000018
209.0 71.0 3.375000000000014
209.0 68.0 5.062500000000018
215.0 69.0 5.062500000000012
223.0 62.0 5.602577218482893
227.0 65.0 6.861727714912288
229.0 81.0 3.735051478988596
229.0 79.0 3.375000000000007
231.0 66.0 5.062500000000013
231.0 73.0 4.574485143274857
231.0 70.0 5.062500000000022
233.0 86.0 5.062500000000032
235.0 59.0 6.9930151229329605
239.0 73.0 5.602577218482907
243.0 71.0 4.574485143274854
243.0 73.0 5.602577218482899
249.0 62.0 6.861727714912288
251.0 54.0 6.9930151229329605
253.0 73.0 5.062500000000018
255.0 67.0 5.062500000000018
255.0 77.0 5.602577218482905
255.0 74.0 4.133513940946636
255.0 71.0 5.602577218482903
261.0 74.0 5.062500000000027
261.0 77.0 6.861727714912278
261.0 55.0 6.20027091141994
267.0 67.0 6.9930151229329605
271.0 86.0 4.574485143274863
275.0 79.0 5.062500000000028
275.0 82.0 5.602577218482903
279.0 71.0 4.574485143274859
281.0 73.0 5.062500000000023
281.0 91.0 5.602577218482898
281.0 73.0 5.0625000000000275
281.0 70.0 5.062500000000016
283.0 64.0 6.200270911419952
285.0 74.0 6.200270911419944
287.0 80.0 5.6025772184829075
291.0 73.0 6.9930151229329605
291.0 80.0 4.574485143274855
293.0 79.0 6.200270911419955
293.0 85.0 6.9930151229329605
293.0 89.0 5.062500000000013
295.0 61.0 6.200270911419945
303.0 72.0 6.861727714912292
307.0 82.0 6.9930151229329605
309.0 75.0 5.602577218482905
317.0 82.0 6.9930151229329605
319.0 55.0 6.9930151229329605
321.0 81.0 5.60257721848289
325.0 80.0 6.9930151229329605
331.0 84.0 6.9930151229329605
331.0 76.0 6.9930151229329605
333.0 81.0 6.9930151229329605
333.0 81.0 6.9930151229329605
333.0 76.0 6.9930151229329605
337.0 62.0 6.9930151229329605
343.0 83.0 6.9930151229329605
343.0 90.0 6.9930151229329605
349.0 81.0 6.861727714912282
367.0 90.0 6.9930151229329605
369.0 64.0 6.9930151229329605
371.0 80.0 6.9930151229329605
371.0 92.0 6.9930151229329605
373.0 72.0 6.9930151229329605
373.0 94.0 6.9930151229329605
377.0 94.0 6.9930151229329605
381.0 70.0 6.9930151229329605
383.0 74.0 6.9930151229329605
387.0 81.0 6.9930151229329605
387.0 89.0 6.9930151229329605
393.0 78.0 6.9930151229329605
393.0 95.0 6.9930151229329605
411.0 90.0 6.9930151229329605
411.0 95.0 6.861727714912308
417.0 79.0 6.9930151229329605
419.0 103.0 6.9930151229329605
421.0 88.0 6.9930151229329605
431.0 95.0 6.9930151229329605
455.0 81.0 6.9930151229329605
503.0 97.0 6.9930151229329605
507.0 100.0 6.9930151229329605
571.0 97.0 6.9930151229329605
575.0 103.0 6.9930151229329605
