rev1.1
717221.0 130913.0 22.180740295263547
724847.0 131151.0 22.180740295263547
725909.0 130982.0 22.180740295263547
726459.0 131977.0 22.180740295263547
728193.0 131003.0 22.180740295263547
733543.0 131047.0 22.180740295263547
733761.0 132093.0 22.180740295263547
734015.0 131233.0 22.180740295263547
734917.0 131908.0 22.180740295263547
735521.0 132617.0 22.180740295263547
738421.0 131316.0 22.180740295263547
740325.0 131775.0 22.180740295263547
741109.0 131479.0 22.180740295263547
741861.0 131596.0 22.180740295263547
742075.0 132041.0 22.180740295263547
742181.0 132233.0 22.180740295263547
742963.0 132238.0 22.180740295263547
743841.0 132238.0 22.180740295263547
744533.0 131671.0 22.180740295263547
746543.0 131598.0 22.180740295263547
747651.0 132345.0 22.180740295263547
747779.0 132822.0 22.180740295263547
747893.0 132565.0 22.180740295263547
748113.0 132223.0 22.180740295263547
748183.0 132029.0 22.180740295263547
749319.0 132885.0 22.180740295263547
749949.0 132458.0 22.180740295263547
750093.0 132443.0 22.180740295263547
751241.0 132640.0 22.180740295263547
751559.0 132697.0 22.180740295263547
751821.0 131544.0 22.180740295263547
752125.0 133127.0 22.180740295263547
752905.0 132154.0 22.180740295263547
753319.0 132833.0 22.180740295263547
754481.0 132463.0 22.180740295263547
754545.0 132762.0 22.180740295263547
754597.0 131918.0 22.180740295263547
754649.0 131696.0 22.180740295263547
755211.0 132812.0 22.180740295263547
755259.0 131804.0 22.180740295263547
755495.0 131906.0 22.180740295263547
755605.0 132470.0 22.180740295263547
756073.0 132275.0 22.180740295263547
756741.0 132454.0 22.180740295263547
758615.0 132480.0 22.180740295263547
758953.0 131924.0 22.180740295263547
759793.0 132081.0 22.180740295263547
759999.0 132691.0 22.180740295263547
760891.0 133336.0 22.180740295263547
762195.0 133296.0 22.180740295263547
762511.0 131998.0 22.180740295263547
762541.0 132617.0 22.180740295263547
762831.0 132375.0 22.180740295263547
763141.0 131901.0 22.180740295263547
763437.0 132507.0 22.180740295263547
764709.0 133099.0 22.180740295263547
765041.0 132265.0 22.180740295263547
765101.0 131858.0 22.180740295263547
765179.0 132396.0 22.180740295263547
766539.0 132814.0 22.180740295263547
767551.0 133321.0 22.180740295263547
767593.0 132933.0 22.180740295263547
767849.0 132741.0 22.180740295263547
767863.0 133147.0 22.180740295263547
768305.0 133836.0 22.180740295263547
768345.0 132106.0 22.180740295263547
768445.0 132772.0 22.180740295263547
769063.0 132537.0 22.180740295263547
771689.0 132713.0 22.180740295263547
772233.0 132846.0 22.180740295263547
772307.0 132653.0 22.180740295263547
772993.0 133356.0 22.180740295263547
773203.0 133066.0 22.180740295263547
773339.0 132781.0 22.180740295263547
774017.0 132133.0 22.180740295263547
775709.0 133315.0 22.180740295263547
776239.0 132602.0 22.180740295263547
776463.0 133541.0 22.180740295263547
776525.0 132798.0 22.180740295263547
776887.0 132902.0 22.180740295263547
776975.0 132560.0 22.180740295263547
777533.0 132508.0 22.180740295263547
778489.0 132329.0 22.180740295263547
778629.0 132431.0 22.180740295263547
786103.0 133153.0 22.180740295263547
786115.0 132817.0 22.180740295263547
786595.0 133516.0 22.180740295263547
787759.0 133375.0 22.180740295263547
788167.0 133178.0 22.180740295263547
788691.0 133375.0 22.180740295263547
789271.0 133591.0 22.180740295263547
789485.0 132834.0 22.180740295263547
791865.0 132590.0 22.180740295263547
792855.0 132508.0 22.180740295263547
793829.0 133305.0 22.180740295263547
794789.0 133442.0 22.180740295263547
796431.0 133481.0 22.180740295263547
801171.0 134041.0 22.180740295263547
821503.0 133488.0 22.180740295263547
876041.0 135073.0 22.180740295263547
