rev1.1
45.0 19.0 2.490034319325727
49.0 24.0 2.033104508122152
55.0 21.0 3.04965676218323
57.0 26.0 2.2500000000000018
61.0 29.0 2.033104508122153
63.0 28.0 2.2500000000000027
63.0 30.0 2.033104508122153
65.0 28.0 2.4900343193257286
65.0 22.0 3.0496567621832313
65.0 28.0 2.4900343193257277
65.0 28.0 2.7556759606310792
69.0 19.0 3.7350514789885905
69.0 28.0 2.7556759606310783
71.0 32.0 2.490034319325727
75.0 29.0 3.049656762183232
77.0 28.0 3.7350514789885905
77.0 37.0 2.033104508122153
79.0 26.0 3.049656762183232
79.0 30.0 3.3750000000000044
81.0 37.0 2.250000000000003
81.0 29.0 3.0496567621832313
85.0 34.0 2.490034319325728
87.0 34.0 3.0496567621832327
87.0 29.0 3.0496567621832322
87.0 34.0 3.7350514789885905
89.0 38.0 2.4900343193257273
89.0 37.0 3.0496567621832322
91.0 29.0 3.375000000000006
93.0 29.0 4.574485143274846
95.0 36.0 3.375000000000007
95.0 32.0 3.7350514789885905
95.0 34.0 3.3750000000000053
95.0 37.0 3.0496567621832313
97.0 31.0 4.133513940946623
99.0 34.0 3.0496567621832322
99.0 34.0 3.7350514789885905
103.0 31.0 5.062500000000008
103.0 36.0 3.735051478988596
105.0 39.0 3.0496567621832327
107.0 39.0 3.37500000000001
111.0 43.0 3.3750000000000107
113.0 35.0 3.735051478988594
115.0 42.0 3.0496567621832322
115.0 37.0 4.133513940946621
115.0 36.0 3.375000000000007
115.0 44.0 3.3750000000000053
115.0 35.0 5.06250000000001
117.0 38.0 4.574485143274848
117.0 31.0 5.666426688112432
119.0 43.0 3.7350514789885922
119.0 44.0 3.049656762183232
119.0 43.0 3.0496567621832376
125.0 39.0 3.3750000000000053
125.0 42.0 4.574485143274857
125.0 40.0 4.133513940946622
127.0 42.0 3.375000000000009
129.0 46.0 3.375000000000007
129.0 44.0 3.7350514789885922
129.0 35.0 3.7350514789885927
131.0 43.0 3.735051478988596
131.0 42.0 5.602577218482892
133.0 45.0 3.7350514789885936
133.0 39.0 5.602577218482893
135.0 43.0 3.3750000000000075
137.0 43.0 5.062500000000012
139.0 44.0 4.133513940946626
139.0 48.0 4.133513940946623
145.0 42.0 4.133513940946625
145.0 38.0 5.602577218482893
145.0 38.0 5.062500000000008
145.0 38.0 5.062500000000016
147.0 53.0 4.57448514327485
147.0 48.0 3.3750000000000124
151.0 35.0 5.062500000000015
151.0 50.0 4.574485143274855
153.0 43.0 4.133513940946623
159.0 46.0 5.666426688112432
163.0 50.0 5.602577218482898
165.0 40.0 5.062500000000016
165.0 47.0 5.062500000000016
167.0 47.0 5.602577218482896
169.0 58.0 4.574485143274848
171.0 44.0 5.602577218482899
171.0 50.0 5.062500000000016
173.0 38.0 5.666426688112432
173.0 47.0 5.666426688112432
175.0 42.0 5.666426688112432
175.0 40.0 5.06250000000001
177.0 39.0 5.666426688112432
181.0 50.0 5.666426688112432
195.0 54.0 5.602577218482903
197.0 49.0 5.666426688112432
199.0 48.0 5.666426688112432
201.0 36.0 5.666426688112432
205.0 55.0 5.062500000000023
207.0 55.0 5.666426688112432
211.0 49.0 5.666426688112432
231.0 46.0 5.666426688112432
249.0 57.0 5.666426688112432
259.0 43.0 5.666426688112432
