rev1.1
1211.0 302.0 9.719624808723344
1273.0 308.0 9.300406367130003
1353.0 302.0 9.300406367130021
1361.0 311.0 9.300406367129963
1369.0 373.0 9.719624808723344
1379.0 339.0 8.403865827724472
1387.0 376.0 6.861727714912346
1387.0 318.0 8.40386582772443
1389.0 311.0 8.403865827724426
1389.0 358.0 9.719624808723344
1399.0 296.0 9.719624808723344
1403.0 391.0 6.861727714912319
1419.0 330.0 9.719624808723344
1421.0 331.0 7.593750000000162
1421.0 357.0 7.593750000000078
1431.0 326.0 9.719624808723344
1445.0 367.0 8.403865827724465
1463.0 317.0 9.719624808723344
1465.0 343.0 9.719624808723344
1469.0 358.0 9.30040636712999
1495.0 350.0 8.40386582772442
1505.0 336.0 9.719624808723344
1549.0 335.0 9.719624808723344
1561.0 323.0 9.719624808723344
1567.0 363.0 9.3004063671301
1573.0 410.0 7.593750000000095
1579.0 384.0 6.8617277149124005
1585.0 375.0 9.719624808723344
1601.0 377.0 9.719624808723344
1601.0 346.0 9.719624808723344
1617.0 353.0 9.719624808723344
1621.0 372.0 9.719624808723344
1629.0 391.0 9.719624808723344
1643.0 328.0 9.719624808723344
1645.0 369.0 9.719624808723344
1649.0 338.0 9.719624808723344
1649.0 386.0 9.300406367130071
1651.0 367.0 9.719624808723344
1657.0 322.0 9.719624808723344
1669.0 322.0 9.719624808723344
1679.0 336.0 9.719624808723344
1685.0 352.0 9.719624808723344
1703.0 335.0 9.719624808723344
1709.0 389.0 9.719624808723344
1709.0 367.0 8.40386582772434
1729.0 379.0 9.719624808723344
1749.0 325.0 9.719624808723344
1753.0 371.0 9.719624808723344
1767.0 383.0 9.719624808723344
1771.0 347.0 9.719624808723344
1775.0 350.0 9.719624808723344
1787.0 359.0 9.719624808723344
1801.0 362.0 9.719624808723344
1801.0 371.0 9.719624808723344
1807.0 347.0 9.719624808723344
1819.0 375.0 9.719624808723344
1827.0 373.0 9.719624808723344
1847.0 376.0 9.719624808723344
1851.0 412.0 9.719624808723344
1855.0 379.0 9.719624808723344
1863.0 436.0 9.719624808723344
1873.0 361.0 9.719624808723344
1893.0 378.0 9.719624808723344
1893.0 370.0 9.719624808723344
1897.0 399.0 9.719624808723344
1919.0 364.0 9.719624808723344
1921.0 377.0 9.719624808723344
1933.0 373.0 9.719624808723344
1957.0 334.0 9.719624808723344
1967.0 388.0 9.719624808723344
1985.0 407.0 9.719624808723344
2007.0 404.0 9.719624808723344
2009.0 372.0 9.719624808723344
2009.0 390.0 9.719624808723344
2011.0 401.0 9.719624808723344
2017.0 338.0 9.719624808723344
2017.0 390.0 9.719624808723344
2047.0 385.0 9.719624808723344
2093.0 429.0 9.719624808723344
2115.0 404.0 9.719624808723344
2143.0 412.0 9.719624808723344
2145.0 341.0 9.719624808723344
2149.0 404.0 9.719624808723344
2177.0 403.0 9.719624808723344
2209.0 381.0 9.719624808723344
2211.0 411.0 9.719624808723344
2235.0 406.0 9.719624808723344
2235.0 424.0 9.719624808723344
2239.0 458.0 9.719624808723344
2247.0 381.0 9.719624808723344
2293.0 444.0 9.300406367130094
2299.0 374.0 9.719624808723344
2303.0 320.0 9.719624808723344
2419.0 482.0 9.719624808723344
2509.0 377.0 9.719624808723344
2533.0 393.0 9.719624808723344
2565.0 476.0 9.719624808723344
2631.0 449.0 9.719624808723344
3013.0 446.0 9.719624808723344
3145.0 465.0 9.719624808723344
