rev1.1
52121.0 10799.0 16.636020555093744
52201.0 10501.0 16.636020555093744
52729.0 10468.0 16.636020555093744
53137.0 10398.0 16.636020555093744
53219.0 10475.0 16.636020555093744
53277.0 10461.0 16.636020555093744
53719.0 10919.0 16.636020555093744
54199.0 10394.0 16.636020555093744
54279.0 10609.0 16.636020555093744
54317.0 10526.0 16.636020555093744
54507.0 10636.0 16.636020555093744
54525.0 10498.0 16.636020555093744
54959.0 10602.0 16.636020555093744
55025.0 10582.0 16.636020555093744
55177.0 10588.0 16.636020555093744
55187.0 10674.0 16.636020555093744
55195.0 10743.0 16.636020555093744
55321.0 10760.0 16.636020555093744
55443.0 10955.0 16.636020555093744
55685.0 10624.0 16.636020555093744
56065.0 10878.0 16.636020555093744
56135.0 11056.0 16.636020555093744
56155.0 11052.0 16.636020555093744
56387.0 10762.0 16.636020555093744
56415.0 10875.0 16.636020555093744
56459.0 10692.0 16.636020555093744
56545.0 10775.0 16.636020555093744
56599.0 10416.0 16.636020555093744
56709.0 10678.0 16.636020555093744
56807.0 10751.0 16.636020555093744
56881.0 10794.0 16.636020555093744
57025.0 10653.0 16.636020555093744
57057.0 10669.0 16.636020555093744
57201.0 10691.0 16.636020555093744
57315.0 10996.0 16.636020555093744
57315.0 10750.0 16.636020555093744
57363.0 10974.0 16.636020555093744
57583.0 10747.0 16.636020555093744
57605.0 10555.0 16.636020555093744
57891.0 10718.0 16.636020555093744
58101.0 10697.0 16.636020555093744
58155.0 10485.0 16.636020555093744
58173.0 10681.0 16.636020555093744
58189.0 10885.0 16.636020555093744
58285.0 10906.0 16.636020555093744
58345.0 10867.0 16.636020555093744
58539.0 10866.0 16.636020555093744
58975.0 10933.0 16.636020555093744
59233.0 10883.0 16.636020555093744
59317.0 10980.0 16.636020555093744
59391.0 10608.0 16.636020555093744
59421.0 10777.0 16.636020555093744
59803.0 10789.0 16.636020555093744
60051.0 10954.0 16.636020555093744
60099.0 10766.0 16.636020555093744
60239.0 10787.0 16.636020555093744
60389.0 11039.0 16.636020555093744
60517.0 11030.0 16.636020555093744
60621.0 10814.0 16.636020555093744
60697.0 10692.0 16.636020555093744
60971.0 11172.0 16.636020555093744
60999.0 11059.0 16.636020555093744
61303.0 10437.0 16.636020555093744
61327.0 10702.0 16.636020555093744
61599.0 10836.0 16.636020555093744
61687.0 10825.0 16.636020555093744
61757.0 10904.0 16.636020555093744
62333.0 10805.0 16.636020555093744
62335.0 10904.0 16.636020555093744
62341.0 10813.0 16.636020555093744
62377.0 10453.0 16.636020555093744
62387.0 11151.0 16.636020555093744
62459.0 11036.0 16.636020555093744
62571.0 10912.0 16.636020555093744
62595.0 10975.0 16.636020555093744
62981.0 11017.0 16.636020555093744
63563.0 10759.0 16.636020555093744
64113.0 10872.0 16.636020555093744
64507.0 11088.0 16.636020555093744
64577.0 11048.0 16.636020555093744
65007.0 11170.0 16.636020555093744
65031.0 10795.0 16.636020555093744
65141.0 10903.0 16.636020555093744
65243.0 10973.0 16.636020555093744
66475.0 11030.0 16.636020555093744
66485.0 11065.0 16.636020555093744
66603.0 10892.0 16.636020555093744
66713.0 11196.0 16.636020555093744
67389.0 10959.0 16.636020555093744
67675.0 10905.0 16.636020555093744
68693.0 11129.0 16.636020555093744
68803.0 10998.0 16.636020555093744
69125.0 11299.0 16.636020555093744
69479.0 11364.0 16.636020555093744
70143.0 11250.0 16.636020555093744
73391.0 11023.0 16.636020555093744
73887.0 11382.0 16.636020555093744
75809.0 11136.0 16.636020555093744
76185.0 11423.0 16.636020555093744
79375.0 11390.0 16.636020555093744
