rev1.1
903181.0 164138.0 22.180740295263547
915265.0 166314.0 22.180740295263547
936375.0 166034.0 22.180740295263547
937467.0 166456.0 22.180740295263547
941509.0 166494.0 22.180740295263547
943067.0 165749.0 22.180740295263547
943637.0 165991.0 22.180740295263547
944405.0 166089.0 22.180740295263547
955113.0 167131.0 22.180740295263547
955691.0 167183.0 22.180740295263547
956561.0 167592.0 22.180740295263547
958225.0 167041.0 22.180740295263547
961545.0 166701.0 22.180740295263547
965115.0 168036.0 22.180740295263547
965471.0 166781.0 22.180740295263547
966749.0 166840.0 22.180740295263547
971661.0 167991.0 22.180740295263547
972523.0 167037.0 22.180740295263547
973413.0 167390.0 22.180740295263547
973917.0 165988.0 22.180740295263547
974841.0 167829.0 22.180740295263547
980031.0 168848.0 22.180740295263547
980531.0 167117.0 22.180740295263547
984879.0 167457.0 22.180740295263547
986377.0 167674.0 22.180740295263547
987427.0 167401.0 22.180740295263547
989993.0 166940.0 22.180740295263547
991297.0 167198.0 22.180740295263547
992429.0 168112.0 22.180740295263547
994915.0 168292.0 22.180740295263547
998891.0 168401.0 22.180740295263547
999861.0 167859.0 22.180740295263547
1000391.0 168574.0 22.180740295263547
1002893.0 168993.0 22.180740295263547
1003269.0 168486.0 22.180740295263547
1003563.0 167785.0 22.180740295263547
1005135.0 168190.0 22.180740295263547
1006983.0 167238.0 22.180740295263547
1008723.0 167687.0 22.180740295263547
1008951.0 168470.0 22.180740295263547
1009435.0 168070.0 22.180740295263547
1010031.0 168223.0 22.180740295263547
1011019.0 169206.0 22.180740295263547
1011959.0 168390.0 22.180740295263547
1014975.0 167886.0 22.180740295263547
1015097.0 167079.0 22.180740295263547
1016997.0 168087.0 22.180740295263547
1017213.0 168132.0 22.180740295263547
1017837.0 167542.0 22.180740295263547
1018183.0 169498.0 22.180740295263547
1018375.0 169020.0 22.180740295263547
1019921.0 167326.0 22.180740295263547
1020199.0 168443.0 22.180740295263547
1021791.0 169625.0 22.180740295263547
1021793.0 168588.0 22.180740295263547
1024921.0 169042.0 22.180740295263547
1026615.0 168291.0 22.180740295263547
1027221.0 167187.0 22.180740295263547
1027815.0 168935.0 22.180740295263547
1028597.0 167575.0 22.180740295263547
1029397.0 170452.0 22.180740295263547
1030131.0 168564.0 22.180740295263547
1030507.0 167535.0 22.180740295263547
1031457.0 167362.0 22.180740295263547
1032073.0 169025.0 22.180740295263547
1036093.0 169430.0 22.180740295263547
1041337.0 169157.0 22.180740295263547
1041547.0 169076.0 22.180740295263547
1042393.0 167828.0 22.180740295263547
1048591.0 169441.0 22.180740295263547
1050819.0 169523.0 22.180740295263547
1050889.0 169281.0 22.180740295263547
1056937.0 169094.0 22.180740295263547
1059347.0 168528.0 22.180740295263547
1061617.0 168244.0 22.180740295263547
1062407.0 169478.0 22.180740295263547
1063817.0 168698.0 22.180740295263547
1077681.0 169663.0 22.180740295263547
1082443.0 170179.0 22.180740295263547
1084215.0 168554.0 22.180740295263547
1085265.0 170011.0 22.180740295263547
1085791.0 169466.0 22.180740295263547
1089419.0 170104.0 22.180740295263547
1090733.0 170505.0 22.180740295263547
1094053.0 169505.0 22.180740295263547
1095113.0 170067.0 22.180740295263547
1097537.0 168835.0 22.180740295263547
1098287.0 170111.0 22.180740295263547
1103491.0 170501.0 22.180740295263547
1121499.0 170318.0 22.180740295263547
1123947.0 170630.0 22.180740295263547
1149093.0 171214.0 22.180740295263547
1153009.0 172103.0 22.180740295263547
1154417.0 171465.0 22.180740295263547
1154759.0 170397.0 22.180740295263547
1156771.0 171201.0 22.180740295263547
1157189.0 171665.0 22.180740295263547
1158193.0 171409.0 22.180740295263547
1178895.0 171488.0 22.180740295263547
1187609.0 172643.0 22.180740295263547
