rev1.1
5547.0 1365.0 11.390625000000343
5831.0 1308.0 12.480551690341539
5913.0 1370.0 12.480551690341539
5941.0 1466.0 12.480551690341539
6037.0 1404.0 12.480551690341539
6097.0 1373.0 12.480551690341539
6137.0 1263.0 12.480551690341539
6147.0 1322.0 12.480551690341539
6173.0 1281.0 12.480551690341539
6187.0 1400.0 12.480551690341539
6195.0 1364.0 12.480551690341539
6201.0 1344.0 12.480551690341539
6219.0 1355.0 12.480551690341539
6249.0 1316.0 12.480551690341539
6251.0 1329.0 12.480551690341539
6269.0 1341.0 12.480551690341539
6291.0 1388.0 12.480551690341539
6361.0 1193.0 12.480551690341539
6385.0 1366.0 12.480551690341539
6401.0 1300.0 12.480551690341539
6401.0 1374.0 12.480551690341539
6437.0 1320.0 12.480551690341539
6437.0 1386.0 12.480551690341539
6479.0 1338.0 12.480551690341539
6493.0 1398.0 12.480551690341539
6497.0 1458.0 12.480551690341539
6499.0 1246.0 12.480551690341539
6513.0 1347.0 12.480551690341539
6523.0 1389.0 12.480551690341539
6567.0 1316.0 12.480551690341539
6611.0 1369.0 12.480551690341539
6615.0 1320.0 12.480551690341539
6659.0 1302.0 12.480551690341539
6667.0 1401.0 12.480551690341539
6683.0 1296.0 12.480551690341539
6687.0 1432.0 12.480551690341539
6713.0 1371.0 12.480551690341539
6717.0 1290.0 12.480551690341539
6759.0 1383.0 12.480551690341539
6793.0 1331.0 12.480551690341539
6825.0 1404.0 12.480551690341539
6885.0 1328.0 12.480551690341539
6917.0 1298.0 12.480551690341539
6933.0 1382.0 12.480551690341539
6933.0 1526.0 12.480551690341539
6937.0 1399.0 12.480551690341539
7005.0 1301.0 12.480551690341539
7053.0 1487.0 12.480551690341539
7063.0 1236.0 12.480551690341539
7093.0 1438.0 12.480551690341539
7177.0 1527.0 12.480551690341539
7245.0 1480.0 12.480551690341539
7245.0 1454.0 12.480551690341539
7261.0 1350.0 12.480551690341539
7263.0 1462.0 12.480551690341539
7275.0 1442.0 12.480551690341539
7279.0 1334.0 12.480551690341539
7305.0 1358.0 12.480551690341539
7367.0 1394.0 12.480551690341539
7371.0 1333.0 12.480551690341539
7387.0 1291.0 12.480551690341539
7387.0 1444.0 12.480551690341539
7423.0 1384.0 12.480551690341539
7465.0 1449.0 12.480551690341539
7543.0 1386.0 12.480551690341539
7557.0 1503.0 12.480551690341539
7575.0 1517.0 12.480551690341539
7609.0 1424.0 12.480551690341539
7629.0 1392.0 12.480551690341539
7635.0 1415.0 12.480551690341539
7735.0 1520.0 12.480551690341539
7773.0 1368.0 12.480551690341539
7777.0 1417.0 12.480551690341539
7857.0 1397.0 12.480551690341539
7859.0 1528.0 12.480551690341539
7905.0 1474.0 12.480551690341539
7953.0 1498.0 12.480551690341539
7959.0 1440.0 12.480551690341539
8127.0 1551.0 12.480551690341539
8195.0 1504.0 12.480551690341539
8209.0 1402.0 12.480551690341539
8235.0 1390.0 12.480551690341539
8237.0 1528.0 12.480551690341539
8249.0 1429.0 12.480551690341539
8565.0 1365.0 12.480551690341539
8567.0 1476.0 12.480551690341539
8571.0 1452.0 12.480551690341539
8573.0 1529.0 12.480551690341539
8647.0 1522.0 12.480551690341539
8785.0 1466.0 12.480551690341539
8839.0 1569.0 12.480551690341539
8843.0 1496.0 12.480551690341539
8971.0 1533.0 12.480551690341539
9397.0 1526.0 12.480551690341539
9683.0 1395.0 12.480551690341539
9843.0 1635.0 12.480551690341539
10037.0 1626.0 12.480551690341539
10261.0 1589.0 12.480551690341539
10273.0 1399.0 12.480551690341539
10673.0 1680.0 12.480551690341539
