rev1.1
212943.0 41655.0 19.40824312226583
217235.0 42596.0 19.40824312226583
217881.0 41620.0 19.40824312226583
219515.0 41744.0 19.40824312226583
221169.0 41524.0 19.40824312226583
221337.0 41829.0 19.40824312226583
221549.0 42259.0 19.40824312226583
223537.0 42147.0 19.40824312226583
225969.0 41836.0 19.40824312226583
225993.0 42718.0 19.40824312226583
226129.0 41755.0 19.40824312226583
226745.0 43081.0 19.40824312226583
227787.0 41923.0 19.40824312226583
228065.0 42066.0 19.40824312226583
229945.0 41670.0 19.40824312226583
230149.0 42726.0 19.40824312226583
231803.0 42369.0 19.40824312226583
232173.0 41596.0 19.40824312226583
232235.0 42176.0 19.40824312226583
232515.0 41920.0 19.40824312226583
233141.0 41233.0 19.40824312226583
233751.0 41873.0 19.40824312226583
234617.0 42142.0 19.40824312226583
234747.0 42098.0 19.40824312226583
234843.0 42478.0 19.40824312226583
235081.0 42310.0 19.40824312226583
235119.0 42018.0 19.40824312226583
235993.0 42484.0 19.40824312226583
236175.0 43246.0 19.40824312226583
236605.0 42184.0 19.40824312226583
236917.0 41893.0 19.40824312226583
236963.0 42075.0 19.40824312226583
237685.0 41650.0 19.40824312226583
238529.0 42387.0 19.40824312226583
239047.0 42182.0 19.40824312226583
239305.0 42474.0 19.40824312226583
239871.0 42429.0 19.40824312226583
240407.0 42964.0 19.40824312226583
240455.0 42459.0 19.40824312226583
242143.0 41818.0 19.40824312226583
242241.0 42828.0 19.40824312226583
242567.0 42845.0 19.40824312226583
242601.0 42218.0 19.40824312226583
243427.0 42963.0 19.40824312226583
243519.0 42673.0 19.40824312226583
243559.0 42597.0 19.40824312226583
243779.0 42644.0 19.40824312226583
244823.0 42045.0 19.40824312226583
244957.0 42473.0 19.40824312226583
245041.0 42530.0 19.40824312226583
245225.0 42912.0 19.40824312226583
245239.0 42027.0 19.40824312226583
245641.0 42860.0 19.40824312226583
245817.0 42333.0 19.40824312226583
246631.0 43008.0 19.40824312226583
246671.0 42742.0 19.40824312226583
246931.0 42706.0 19.40824312226583
247853.0 42459.0 19.40824312226583
249061.0 42818.0 19.40824312226583
249189.0 42832.0 19.40824312226583
249993.0 42784.0 19.40824312226583
250469.0 42827.0 19.40824312226583
250609.0 42069.0 19.40824312226583
250709.0 42833.0 19.40824312226583
250715.0 42807.0 19.40824312226583
250885.0 42577.0 19.40824312226583
251965.0 42656.0 19.40824312226583
252017.0 42799.0 19.40824312226583
252019.0 42423.0 19.40824312226583
252743.0 42926.0 19.40824312226583
253739.0 42163.0 19.40824312226583
253821.0 43008.0 19.40824312226583
254231.0 42872.0 19.40824312226583
254705.0 43125.0 19.40824312226583
255079.0 42909.0 19.40824312226583
256167.0 43170.0 19.40824312226583
256545.0 42381.0 19.40824312226583
256983.0 43115.0 19.40824312226583
257221.0 43216.0 19.40824312226583
257939.0 42467.0 19.40824312226583
258479.0 42510.0 19.40824312226583
258725.0 43221.0 19.40824312226583
262081.0 43206.0 19.40824312226583
263301.0 43674.0 19.40824312226583
265957.0 42744.0 19.40824312226583
266249.0 42669.0 19.40824312226583
266529.0 42745.0 19.40824312226583
266937.0 43090.0 19.40824312226583
268039.0 42804.0 19.40824312226583
268359.0 42929.0 19.40824312226583
270607.0 43331.0 19.40824312226583
275509.0 43875.0 19.40824312226583
277547.0 42193.0 19.40824312226583
277739.0 43116.0 19.40824312226583
278085.0 44112.0 19.40824312226583
281793.0 43773.0 19.40824312226583
282997.0 43568.0 19.40824312226583
286023.0 44090.0 19.40824312226583
288989.0 43880.0 19.40824312226583
293695.0 44104.0 19.40824312226583
