rev0 +randomfix
11041.0
12625.0
12812.0
12912.0
12915.0
12933.0
13152.0
13300.0
13361.0
13464.0
13557.0
13772.0
13802.0
14031.0
14117.0
14215.0
14228.0
14270.0
14294.0
14358.0
14454.0
14521.0
14526.0
14560.0
14584.0
14590.0
14713.0
14839.0
14914.0
14922.0
14958.0
15062.0
15097.0
15207.0
15229.0
15269.0
15336.0
15407.0
15530.0
15558.0
15632.0
15642.0
15791.0
15878.0
16014.0
16028.0
16282.0
16585.0
16609.0
16642.0
16645.0
16794.0
16887.0
16938.0
16946.0
17027.0
17071.0
17083.0
17126.0
17151.0
17261.0
17276.0
17499.0
17576.0
17624.0
17703.0
17714.0
17726.0
17780.0
17809.0
17866.0
17924.0
17951.0
18442.0
18502.0
18576.0
18663.0
18762.0
18915.0
18952.0
18956.0
18996.0
19406.0
19416.0
19497.0
19929.0
19980.0
20084.0
20239.0
20344.0
21064.0
21612.0
22380.0
22504.0
22795.0
23822.0
25075.0
25823.0
26010.0
26272.0
