rev0 +randomfix
689113.0
701301.0
701462.0
712824.0
717472.0
722285.0
725255.0
732944.0
736303.0
744512.0
746522.0
746725.0
751032.0
755527.0
760166.0
764035.0
768256.0
772713.0
772798.0
774367.0
783613.0
785619.0
790080.0
790411.0
793191.0
794215.0
795049.0
797142.0
797442.0
798598.0
798694.0
799511.0
799570.0
800249.0
801066.0
805621.0
805783.0
808828.0
810373.0
818190.0
820949.0
821625.0
822641.0
822738.0
822962.0
823381.0
831012.0
831598.0
832221.0
832531.0
834463.0
834830.0
835798.0
835934.0
837614.0
842856.0
845555.0
846583.0
848283.0
848599.0
850299.0
853576.0
854536.0
860799.0
861818.0
869059.0
869843.0
870637.0
872683.0
874010.0
885718.0
886917.0
887301.0
888092.0
889962.0
892652.0
893282.0
895397.0
896031.0
897480.0
898054.0
907078.0
912426.0
921707.0
922596.0
938453.0
956881.0
960510.0
963815.0
966012.0
975969.0
998702.0
1010814.0
1028897.0
1043540.0
1074628.0
1088854.0
1114952.0
1124700.0
1216576.0
