rev0 +randomfix
1.504493E7
1.5051556E7
1.5101181E7
1.5193455E7
1.5247837E7
1.527662E7
1.5597746E7
1.5644354E7
1.5663902E7
1.5664343E7
1.574291E7
1.5787666E7
1.5821781E7
1.5910152E7
1.5938607E7
1.5986742E7
1.6043561E7
1.615146E7
1.6198919E7
1.6260869E7
1.6430111E7
1.6446472E7
1.65395E7
1.6552904E7
1.6652698E7
1.668644E7
1.6699782E7
1.6731665E7
1.6734954E7
1.6818871E7
1.6836924E7
1.6902175E7
1.6903747E7
1.6924469E7
1.6980879E7
1.698964E7
1.7020957E7
1.7087626E7
1.7100107E7
1.713732E7
1.7359319E7
1.7496307E7
1.7557182E7
1.7561134E7
1.7581704E7
1.7619445E7
1.7635679E7
1.7637363E7
1.7726644E7
1.7730589E7
1.7759791E7
1.7802797E7
1.7832857E7
1.7866642E7
1.7873158E7
1.7902565E7
1.7964207E7
1.8066851E7
1.8126765E7
1.8134833E7
1.8182132E7
1.822941E7
1.8266832E7
1.8267892E7
1.8409289E7
1.8414819E7
1.8459613E7
1.8543001E7
1.8604912E7
1.864269E7
1.8734632E7
1.8745491E7
1.8778828E7
1.8821814E7
1.8842332E7
1.88512E7
1.8873548E7
1.8874386E7
1.8879795E7
1.9045508E7
1.9049807E7
1.912834E7
1.9159705E7
1.9161016E7
1.9169764E7
1.9411048E7
1.9500064E7
1.9522372E7
1.9992191E7
2.0149319E7
2.0179518E7
2.0203742E7
2.0648483E7
2.1033279E7
2.1498876E7
2.1583431E7
2.1703084E7
2.1996585E7
2.2639965E7
2.4511623E7
