rev0 +randomfix
15.0
16.0
33.0
37.0
38.0
41.0
42.0
44.0
49.0
51.0
51.0
52.0
53.0
54.0
55.0
56.0
57.0
57.0
58.0
61.0
62.0
63.0
64.0
64.0
65.0
67.0
68.0
68.0
69.0
69.0
70.0
70.0
70.0
70.0
70.0
70.0
71.0
72.0
72.0
74.0
74.0
75.0
76.0
77.0
79.0
80.0
83.0
85.0
86.0
86.0
86.0
86.0
89.0
90.0
90.0
91.0
92.0
92.0
92.0
93.0
95.0
95.0
95.0
96.0
96.0
97.0
99.0
99.0
103.0
105.0
105.0
109.0
110.0
111.0
112.0
117.0
121.0
122.0
123.0
129.0
135.0
135.0
136.0
138.0
141.0
142.0
142.0
145.0
148.0
154.0
155.0
157.0
165.0
167.0
187.0
190.0
192.0
217.0
240.0
308.0
