rev0 +randomfix
172600.0
178153.0
179485.0
190733.0
191957.0
192378.0
193080.0
194891.0
195089.0
196882.0
197186.0
199679.0
200580.0
202193.0
202257.0
203284.0
204451.0
204801.0
204966.0
205896.0
205940.0
207269.0
207527.0
207955.0
208416.0
209085.0
210276.0
210398.0
211876.0
212009.0
212100.0
212468.0
214678.0
215065.0
215546.0
217375.0
217885.0
218384.0
218536.0
218652.0
220370.0
221380.0
222609.0
222665.0
223948.0
224322.0
224398.0
224510.0
226974.0
227230.0
228051.0
229893.0
231130.0
231234.0
231779.0
232632.0
234557.0
235034.0
236097.0
237798.0
238038.0
238132.0
238938.0
239362.0
239821.0
240698.0
241591.0
243190.0
245851.0
246098.0
246449.0
246503.0
247495.0
250734.0
251174.0
253806.0
254556.0
255738.0
256257.0
256625.0
257152.0
257256.0
257273.0
263253.0
263888.0
264407.0
265442.0
269497.0
275247.0
281341.0
281684.0
286855.0
291104.0
293632.0
320993.0
320995.0
322477.0
323295.0
331337.0
354237.0
