rev0 +randomfix
1948.0
1960.0
2011.0
2013.0
2045.0
2046.0
2060.0
2153.0
2203.0
2240.0
2316.0
2332.0
2334.0
2373.0
2395.0
2431.0
2459.0
2476.0
2477.0
2600.0
2607.0
2650.0
2671.0
2671.0
2692.0
2698.0
2710.0
2755.0
2812.0
2831.0
2845.0
2851.0
2861.0
2887.0
2892.0
2892.0
2901.0
2954.0
2971.0
2993.0
2994.0
3019.0
3024.0
3049.0
3050.0
3051.0
3081.0
3136.0
3160.0
3173.0
3189.0
3191.0
3208.0
3232.0
3271.0
3279.0
3283.0
3292.0
3294.0
3316.0
3322.0
3390.0
3407.0
3423.0
3424.0
3450.0
3491.0
3508.0
3528.0
3544.0
3563.0
3563.0
3589.0
3599.0
3652.0
3736.0
3817.0
3872.0
3885.0
3956.0
3996.0
4102.0
4120.0
4149.0
4150.0
4163.0
4222.0
4278.0
4309.0
4335.0
4379.0
4528.0
4801.0
4936.0
5023.0
5072.0
5124.0
5145.0
5413.0
5463.0
