rev0 +randomfix
59399.0
61561.0
63140.0
63471.0
64336.0
65375.0
65895.0
67210.0
67362.0
67421.0
68553.0
69074.0
70927.0
72335.0
72865.0
73230.0
74206.0
74888.0
75613.0
75725.0
75731.0
76025.0
77254.0
77788.0
77886.0
78068.0
79256.0
79306.0
79359.0
79521.0
80236.0
80311.0
80373.0
81395.0
81587.0
82107.0
82118.0
82183.0
82337.0
82678.0
83530.0
83715.0
83956.0
83962.0
84173.0
84279.0
84639.0
85096.0
85526.0
86652.0
87426.0
87904.0
88021.0
88096.0
88125.0
88851.0
89342.0
90032.0
90185.0
90652.0
90727.0
90745.0
91205.0
91687.0
91801.0
92226.0
92613.0
92879.0
93781.0
93797.0
94644.0
94758.0
95638.0
95771.0
96255.0
96403.0
97072.0
97359.0
97539.0
98869.0
99277.0
100717.0
101012.0
101572.0
102020.0
102429.0
102956.0
104793.0
105013.0
107315.0
110116.0
112958.0
113177.0
113811.0
113993.0
114593.0
119061.0
134038.0
145373.0
151048.0
