rev0 +randomfix
2.9175484E7
3.0164342E7
3.0395388E7
3.0491369E7
3.053038E7
3.073149E7
3.0823782E7
3.0965716E7
3.1385355E7
3.1404705E7
3.1825603E7
3.1857049E7
3.2255432E7
3.2273815E7
3.2476502E7
3.2489722E7
3.2548299E7
3.2554293E7
3.2559061E7
3.2656071E7
3.2666104E7
3.2703789E7
3.2912275E7
3.3083196E7
3.3121545E7
3.3149636E7
3.3155635E7
3.3156349E7
3.3163806E7
3.3221339E7
3.3245317E7
3.3278031E7
3.3319373E7
3.3353996E7
3.3363715E7
3.3365998E7
3.3435841E7
3.3613893E7
3.3656145E7
3.3865007E7
3.3871401E7
3.4098661E7
3.4099781E7
3.4169065E7
3.4218325E7
3.4277819E7
3.4285379E7
3.455173E7
3.4600139E7
3.4851052E7
3.4862596E7
3.4948147E7
3.5009164E7
3.5236428E7
3.5309519E7
3.5398525E7
3.5449434E7
3.5456059E7
3.5477846E7
3.5645796E7
3.5850724E7
3.5932572E7
3.6146068E7
3.6247985E7
3.6253291E7
3.6361666E7
3.6407759E7
3.6430039E7
3.6601732E7
3.6629866E7
3.6636629E7
3.6661147E7
3.6708603E7
3.6715971E7
3.6778217E7
3.6822553E7
3.7131141E7
3.7345342E7
3.7391202E7
3.7408448E7
3.7798456E7
3.7931131E7
3.8135802E7
3.8158211E7
3.8211794E7
3.8581471E7
3.8747428E7
3.9097919E7
3.9228104E7
3.9248328E7
3.9391149E7
3.9464832E7
3.9828844E7
4.0048956E7
4.028385E7
4.0341773E7
4.0923195E7
4.1938071E7
4.7528042E7
5.3583206E7
