rev0 +randomfix
6619859.0
6898698.0
7079506.0
7084777.0
7135778.0
7188142.0
7217274.0
7240740.0
7328083.0
7361509.0
7387289.0
7421135.0
7428040.0
7466779.0
7510729.0
7525954.0
7550892.0
7556357.0
7582214.0
7591707.0
7610853.0
7630716.0
7647128.0
7648167.0
7689327.0
7699441.0
7713683.0
7721162.0
7721506.0
7721927.0
7740799.0
7742092.0
7746040.0
7794245.0
7813197.0
7818856.0
7853557.0
7871797.0
7891994.0
7895231.0
7904618.0
7907027.0
7913794.0
7919581.0
7919807.0
7929919.0
7968574.0
7970938.0
8011830.0
8022774.0
8048377.0
8069989.0
8071505.0
8123487.0
8176214.0
8189943.0
8192646.0
8248621.0
8277116.0
8309992.0
8345334.0
8356696.0
8387349.0
8389239.0
8413097.0
8466309.0
8489916.0
8499789.0
8520892.0
8549954.0
8598135.0
8605676.0
8679758.0
8686396.0
8706518.0
8731983.0
8818551.0
8843196.0
8845791.0
8895623.0
8987078.0
9007439.0
9032008.0
9033820.0
9099134.0
9118208.0
9221606.0
9242673.0
9244805.0
9253269.0
9291446.0
9331505.0
9358581.0
9613594.0
9716729.0
9893546.0
9983407.0
1.0050113E7
1.010197E7
1.0837453E7
