rev0 +randomfix
3168896.0
3192090.0
3272852.0
3303128.0
3331659.0
3333349.0
3345219.0
3369221.0
3386274.0
3393983.0
3411712.0
3457810.0
3468753.0
3473478.0
3491706.0
3498773.0
3523981.0
3529983.0
3531822.0
3545793.0
3548686.0
3582440.0
3585514.0
3585760.0
3586185.0
3599161.0
3606052.0
3607251.0
3615990.0
3639869.0
3650571.0
3656206.0
3656918.0
3661861.0
3681832.0
3694721.0
3696854.0
3697160.0
3704497.0
3707996.0
3717707.0
3728089.0
3736038.0
3763031.0
3763849.0
3771748.0
3774805.0
3824292.0
3852527.0
3857680.0
3860964.0
3890055.0
3919381.0
3936714.0
3941691.0
3952368.0
3969731.0
4007957.0
4013093.0
4024875.0
4026731.0
4068209.0
4076711.0
4077159.0
4081088.0
4092362.0
4109442.0
4140111.0
4147391.0
4151700.0
4159681.0
4182884.0
4188279.0
4188999.0
4196419.0
4204958.0
4204964.0
4220787.0
4242393.0
4262304.0
4274366.0
4278447.0
4358023.0
4389211.0
4390760.0
4413942.0
4426023.0
4465479.0
4480490.0
4528163.0
4587094.0
4609034.0
4611206.0
4650553.0
4652203.0
4731642.0
4797633.0
4963963.0
5092003.0
5204861.0
