rev0 +randomfix
26443.0
27647.0
28770.0
29336.0
29434.0
29494.0
29647.0
29775.0
29803.0
29900.0
29949.0
30518.0
31049.0
31239.0
31387.0
31508.0
31514.0
31626.0
32150.0
32165.0
32198.0
32584.0
32591.0
32610.0
32683.0
32733.0
32802.0
32890.0
32932.0
32945.0
33084.0
33210.0
33240.0
33313.0
33450.0
33923.0
34009.0
34131.0
34176.0
34270.0
34290.0
34389.0
34652.0
34829.0
35096.0
35108.0
35153.0
35186.0
35276.0
35284.0
35336.0
35570.0
35604.0
35701.0
36085.0
36265.0
36553.0
36716.0
36930.0
37002.0
37045.0
37549.0
37845.0
37882.0
37896.0
37914.0
38239.0
38448.0
38540.0
38676.0
38733.0
38854.0
38952.0
39027.0
39728.0
39766.0
39809.0
39998.0
40111.0
40119.0
40362.0
40565.0
40842.0
41665.0
41675.0
41732.0
41797.0
41814.0
42698.0
44548.0
44744.0
45327.0
46072.0
46875.0
50139.0
50557.0
53241.0
53382.0
56118.0
56374.0
