rev0 +randomfix
671.0
869.0
881.0
892.0
895.0
976.0
997.0
1016.0
1032.0
1044.0
1049.0
1079.0
1085.0
1086.0
1092.0
1102.0
1133.0
1153.0
1159.0
1167.0
1170.0
1207.0
1209.0
1219.0
1221.0
1230.0
1233.0
1251.0
1253.0
1253.0
1277.0
1283.0
1308.0
1314.0
1320.0
1322.0
1330.0
1343.0
1344.0
1352.0
1365.0
1371.0
1373.0
1382.0
1388.0
1389.0
1413.0
1413.0
1414.0
1418.0
1441.0
1443.0
1451.0
1466.0
1489.0
1500.0
1506.0
1533.0
1538.0
1544.0
1545.0
1560.0
1578.0
1578.0
1601.0
1602.0
1603.0
1608.0
1609.0
1620.0
1651.0
1706.0
1716.0
1723.0
1736.0
1739.0
1755.0
1756.0
1764.0
1802.0
1814.0
1815.0
1850.0
1858.0
1868.0
1870.0
1894.0
1907.0
1917.0
1959.0
1961.0
1975.0
1991.0
2080.0
2098.0
2179.0
2417.0
2551.0
2777.0
3255.0
