rev0 +randomfix
301155.0
304998.0
315260.0
325355.0
327563.0
328477.0
331516.0
332704.0
334559.0
335165.0
336949.0
338844.0
339588.0
339807.0
342797.0
344344.0
347721.0
348344.0
352618.0
355367.0
356193.0
360804.0
360829.0
361863.0
361872.0
362967.0
364164.0
365005.0
366418.0
366619.0
368014.0
368658.0
370745.0
370785.0
371466.0
373529.0
374156.0
374831.0
375941.0
376900.0
377065.0
378862.0
379442.0
381821.0
384710.0
385869.0
387162.0
387692.0
388417.0
389076.0
389610.0
390578.0
391537.0
392034.0
392608.0
396576.0
398036.0
400870.0
401363.0
402138.0
405870.0
407014.0
409263.0
410265.0
412298.0
412549.0
413515.0
414523.0
417052.0
420191.0
420853.0
421234.0
424170.0
428101.0
428280.0
431810.0
432813.0
435606.0
436764.0
441895.0
442833.0
444727.0
450452.0
450660.0
456470.0
457793.0
460800.0
466373.0
484313.0
487273.0
487845.0
491090.0
502290.0
520404.0
525181.0
530217.0
554303.0
603000.0
615028.0
630818.0
