rev0 +randomfix
12090.0
12166.0
12225.0
12349.0
12449.0
12471.0
12557.0
12793.0
12972.0
13069.0
13187.0
13285.0
13326.0
13460.0
13671.0
13815.0
13859.0
14023.0
14033.0
14038.0
14222.0
14398.0
14519.0
14536.0
14614.0
14695.0
14714.0
14726.0
14795.0
14879.0
14999.0
15132.0
15286.0
15295.0
15559.0
15573.0
15604.0
15626.0
15640.0
15800.0
15818.0
15931.0
15957.0
16024.0
16075.0
16111.0
16193.0
16258.0
16307.0
16339.0
16371.0
16566.0
16595.0
16823.0
16833.0
16953.0
16977.0
16992.0
17002.0
17327.0
17520.0
17614.0
17916.0
17923.0
17975.0
18023.0
18073.0
18254.0
18254.0
18490.0
18604.0
18771.0
18831.0
19000.0
19030.0
19036.0
19205.0
19435.0
19485.0
19518.0
19619.0
19864.0
19974.0
20350.0
20692.0
21017.0
21243.0
21269.0
21369.0
21474.0
21710.0
21923.0
22133.0
22232.0
22914.0
23123.0
23634.0
25857.0
27018.0
27734.0
