rev0 +randomfix
2335465.0
2454510.0
2454714.0
2461217.0
2485444.0
2490696.0
2517708.0
2535148.0
2537999.0
2546200.0
2548315.0
2585681.0
2589800.0
2604583.0
2617029.0
2634124.0
2639020.0
2649491.0
2650722.0
2651983.0
2686339.0
2689977.0
2699700.0
2700660.0
2704016.0
2708070.0
2724501.0
2728029.0
2739797.0
2749312.0
2768205.0
2771431.0
2782729.0
2783352.0
2786264.0
2794717.0
2797648.0
2800001.0
2810747.0
2811024.0
2811190.0
2818646.0
2819148.0
2827313.0
2832252.0
2833351.0
2836827.0
2837050.0
2838609.0
2840751.0
2841698.0
2844102.0
2852968.0
2865020.0
2865827.0
2869684.0
2870032.0
2882412.0
2912027.0
2928342.0
2937553.0
2951185.0
2951453.0
2961636.0
2965633.0
2975864.0
2996440.0
2997961.0
3004430.0
3024001.0
3049211.0
3095143.0
3122796.0
3126478.0
3158848.0
3180952.0
3186985.0
3191883.0
3244537.0
3251394.0
3271787.0
3310256.0
3319112.0
3354761.0
3385242.0
3435885.0
3441524.0
3442685.0
3444952.0
3462681.0
3474797.0
3493840.0
3520924.0
3525430.0
3631080.0
3666456.0
3722250.0
3813574.0
3826212.0
4180372.0
