rev0 +randomfix
229.0
313.0
319.0
326.0
331.0
332.0
335.0
356.0
359.0
364.0
378.0
382.0
394.0
395.0
396.0
396.0
396.0
408.0
416.0
418.0
418.0
431.0
439.0
443.0
451.0
452.0
454.0
462.0
466.0
469.0
471.0
477.0
489.0
489.0
496.0
496.0
503.0
503.0
505.0
507.0
511.0
519.0
526.0
529.0
530.0
530.0
544.0
546.0
551.0
552.0
556.0
557.0
558.0
562.0
576.0
592.0
593.0
594.0
601.0
603.0
620.0
624.0
627.0
638.0
648.0
654.0
662.0
666.0
667.0
669.0
674.0
695.0
700.0
702.0
705.0
717.0
720.0
737.0
737.0
740.0
752.0
754.0
754.0
771.0
775.0
776.0
784.0
793.0
799.0
804.0
813.0
838.0
838.0
850.0
885.0
936.0
956.0
979.0
1106.0
1842.0
