rev0 +randomfix
1420595.0
1438439.0
1463809.0
1577761.0
1593555.0
1602000.0
1610942.0
1616917.0
1636733.0
1638934.0
1640357.0
1640863.0
1642391.0
1647322.0
1648925.0
1657109.0
1659488.0
1660651.0
1660818.0
1664221.0
1665454.0
1669517.0
1675163.0
1688755.0
1690323.0
1691915.0
1692179.0
1693717.0
1694378.0
1702965.0
1705492.0
1706003.0
1706361.0
1712773.0
1722254.0
1727668.0
1733539.0
1736751.0
1741884.0
1743035.0
1745495.0
1751460.0
1757223.0
1759365.0
1766225.0
1769707.0
1771439.0
1772717.0
1773091.0
1781077.0
1783274.0
1789241.0
1797370.0
1799380.0
1800180.0
1809951.0
1814165.0
1814994.0
1815277.0
1817551.0
1820012.0
1830614.0
1834276.0
1841360.0
1842664.0
1855027.0
1870881.0
1889735.0
1918079.0
1931007.0
1934062.0
1935220.0
1947338.0
1948181.0
1957027.0
1974318.0
1992314.0
1997143.0
2001246.0
2023810.0
2038534.0
2064579.0
2074286.0
2077339.0
2077662.0
2081313.0
2088775.0
2100122.0
2112455.0
2140080.0
2143240.0
2145225.0
2183421.0
2238979.0
2305668.0
2328484.0
2353486.0
2402416.0
2493623.0
2515408.0
