rev0 +randomfix
5162.0
5170.0
5548.0
5608.0
5766.0
5820.0
5821.0
5859.0
6005.0
6043.0
6044.0
6065.0
6095.0
6185.0
6242.0
6272.0
6313.0
6381.0
6397.0
6405.0
6419.0
6488.0
6564.0
6684.0
6685.0
6696.0
6699.0
6745.0
6748.0
6751.0
6757.0
6758.0
6764.0
6789.0
6828.0
6829.0
6889.0
6942.0
7012.0
7087.0
7091.0
7094.0
7295.0
7307.0
7386.0
7449.0
7491.0
7510.0
7528.0
7540.0
7576.0
7592.0
7654.0
7659.0
7759.0
7795.0
7841.0
8050.0
8147.0
8175.0
8179.0
8232.0
8383.0
8407.0
8428.0
8462.0
8533.0
8605.0
8623.0
8628.0
8656.0
8809.0
8831.0
8915.0
8932.0
9002.0
9075.0
9207.0
9253.0
9352.0
9634.0
9749.0
9901.0
9931.0
9987.0
10178.0
10181.0
10240.0
10247.0
10306.0
10427.0
10681.0
10734.0
10781.0
10793.0
10898.0
10940.0
11083.0
11157.0
11796.0
