rev0 +randomfix
123440.0
138962.0
142473.0
142873.0
142935.0
145568.0
146400.0
148227.0
150418.0
150507.0
151241.0
151555.0
151563.0
153798.0
155810.0
157050.0
158225.0
158482.0
159343.0
159960.0
160525.0
161811.0
162633.0
163406.0
164310.0
164332.0
164597.0
164865.0
166193.0
167126.0
167550.0
168343.0
170146.0
170384.0
171243.0
171474.0
171968.0
173702.0
173720.0
174155.0
176669.0
177212.0
177994.0
178716.0
180035.0
180087.0
180578.0
180729.0
181137.0
182440.0
182650.0
183934.0
183934.0
185000.0
185300.0
185389.0
185994.0
186309.0
187368.0
188200.0
188774.0
193110.0
193257.0
193426.0
193442.0
193882.0
195855.0
196144.0
196222.0
199144.0
199362.0
200149.0
200529.0
200796.0
201603.0
201793.0
202042.0
202166.0
202425.0
202524.0
205125.0
205656.0
206029.0
207246.0
210532.0
211822.0
217070.0
224298.0
224514.0
225119.0
230667.0
233423.0
234670.0
246221.0
247582.0
252510.0
262622.0
263214.0
264995.0
343802.0
