rev0 +randomfix
3.1442891E7
3.1730301E7
3.1933967E7
3.2650779E7
3.2837009E7
3.2871294E7
3.3015168E7
3.3201183E7
3.3481741E7
3.3633974E7
3.3747962E7
3.3805134E7
3.3891368E7
3.4064571E7
3.4218005E7
3.4406158E7
3.4453459E7
3.4677876E7
3.4725115E7
3.4747994E7
3.475053E7
3.4788622E7
3.4832334E7
3.4923664E7
3.4924963E7
3.4963171E7
3.4970099E7
3.4989E7
3.5034183E7
3.5222489E7
3.5251364E7
3.525346E7
3.5309601E7
3.5524571E7
3.5572921E7
3.5658543E7
3.5667157E7
3.5798308E7
3.5824185E7
3.5928161E7
3.600282E7
3.6030306E7
3.6186293E7
3.6204806E7
3.6266919E7
3.6271069E7
3.6315381E7
3.6319872E7
3.6356242E7
3.6442313E7
3.6632572E7
3.6822319E7
3.6918891E7
3.693712E7
3.6938816E7
3.6960185E7
3.7116072E7
3.7206052E7
3.7458041E7
3.7541591E7
3.771884E7
3.7721173E7
3.7774727E7
3.7783479E7
3.7871191E7
3.7934899E7
3.7970874E7
3.7987534E7
3.7990433E7
3.8038044E7
3.811802E7
3.8310386E7
3.8345078E7
3.8506621E7
3.8518403E7
3.8658756E7
3.9059181E7
3.9292767E7
3.9309019E7
3.9435318E7
3.9469429E7
3.9621149E7
3.9922072E7
4.0022305E7
4.0424553E7
4.0952803E7
4.1140167E7
4.1190693E7
4.1477311E7
4.2207822E7
4.2242511E7
4.2843388E7
4.3303901E7
4.3379028E7
4.4411177E7
4.4779118E7
4.5064067E7
4.5126858E7
4.6312322E7
5.0444692E7
