rev0 +randomfix
76.0
81.0
95.0
98.0
103.0
109.0
119.0
125.0
126.0
130.0
130.0
131.0
132.0
132.0
140.0
142.0
151.0
151.0
155.0
161.0
164.0
165.0
167.0
171.0
172.0
173.0
175.0
181.0
183.0
184.0
186.0
186.0
186.0
188.0
195.0
199.0
201.0
203.0
211.0
213.0
213.0
214.0
216.0
220.0
223.0
225.0
232.0
232.0
238.0
248.0
248.0
251.0
253.0
253.0
254.0
256.0
260.0
264.0
267.0
271.0
273.0
277.0
279.0
279.0
283.0
289.0
289.0
289.0
290.0
294.0
295.0
296.0
297.0
306.0
311.0
321.0
325.0
329.0
331.0
331.0
336.0
339.0
343.0
346.0
346.0
351.0
353.0
355.0
362.0
363.0
367.0
381.0
399.0
410.0
411.0
436.0
452.0
478.0
538.0
612.0
