rev0 +randomfix
526.0
596.0
646.0
655.0
659.0
667.0
679.0
701.0
711.0
717.0
721.0
728.0
740.0
747.0
753.0
756.0
757.0
759.0
766.0
770.0
772.0
776.0
784.0
789.0
791.0
793.0
794.0
797.0
810.0
823.0
825.0
828.0
829.0
829.0
833.0
836.0
843.0
845.0
852.0
854.0
861.0
874.0
876.0
884.0
900.0
902.0
910.0
915.0
920.0
926.0
931.0
960.0
963.0
964.0
982.0
985.0
987.0
988.0
1026.0
1029.0
1040.0
1043.0
1047.0
1053.0
1053.0
1061.0
1062.0
1065.0
1068.0
1084.0
1102.0
1128.0
1129.0
1131.0
1156.0
1157.0
1162.0
1194.0
1208.0
1239.0
1240.0
1250.0
1256.0
1280.0
1284.0
1338.0
1362.0
1383.0
1405.0
1477.0
1480.0
1489.0
1506.0
1534.0
1616.0
1627.0
1638.0
1664.0
1882.0
2090.0
