rev0 +randomfix
723876.0
738171.0
739874.0
743831.0
751225.0
752411.0
754454.0
754546.0
758790.0
765878.0
769274.0
769953.0
770541.0
773523.0
775554.0
775672.0
778857.0
781661.0
782423.0
789428.0
791283.0
797513.0
800016.0
800738.0
802396.0
805318.0
807199.0
809180.0
812731.0
815670.0
817880.0
819175.0
821634.0
822719.0
827934.0
828808.0
830004.0
833269.0
835243.0
837921.0
838699.0
842695.0
843911.0
845711.0
851584.0
852883.0
852923.0
854535.0
855251.0
855813.0
856296.0
859029.0
859492.0
863367.0
873665.0
875030.0
875902.0
876462.0
878540.0
881198.0
881711.0
884899.0
885287.0
886766.0
887242.0
890143.0
891954.0
894723.0
896407.0
902882.0
903055.0
904074.0
905978.0
906473.0
908195.0
919014.0
919775.0
920876.0
921496.0
925640.0
926044.0
932454.0
947112.0
947768.0
950439.0
956036.0
971573.0
974492.0
979105.0
979918.0
984854.0
989498.0
992594.0
993610.0
1010458.0
1016961.0
1082737.0
1121032.0
1162366.0
1168728.0
