43657
45066
45288
46396
47298
49204
49573
50273
50273
50273
50411
50917
51442
51508
52284
52403
52583
52690
52756
52764
52933
53324
53324
53324
53670
53774
53905
54206
54596
54744
54850
55327
55407
55563
56239
56526
56707
56742
56782
56793
57249
57717
57971
58295
58344
58947
59086
59619
59777
59788
60008
60583
61211
61281
61802
62173
62342
62691
62701
62885
63041
63057
63369
63925
63932
64143
64849
65089
65113
65267
65448
66101
66241
66306
66877
66953
66954
67509
68469
68578
69625
69952
71612
71894
74159
75318
76057
76284
77388
77846
77846
77846
79604
79604
79604
80892
82275
85734
88612
108119
