rev0 +randomfix
2024.0
2124.0
2346.0
2394.0
2440.0
2510.0
2546.0
2637.0
2650.0
2654.0
2657.0
2687.0
2737.0
2779.0
2796.0
2828.0
2861.0
2863.0
2916.0
2926.0
2967.0
2985.0
3001.0
3040.0
3080.0
3085.0
3106.0
3108.0
3118.0
3142.0
3154.0
3168.0
3197.0
3234.0
3247.0
3249.0
3266.0
3284.0
3289.0
3300.0
3303.0
3306.0
3309.0
3329.0
3375.0
3389.0
3397.0
3408.0
3412.0
3446.0
3453.0
3457.0
3487.0
3534.0
3556.0
3622.0
3627.0
3634.0
3745.0
3748.0
3773.0
3802.0
3806.0
3822.0
3898.0
3946.0
3947.0
3950.0
3996.0
4007.0
4012.0
4065.0
4086.0
4184.0
4190.0
4235.0
4360.0
4400.0
4459.0
4465.0
4481.0
4692.0
4700.0
4780.0
4809.0
4863.0
4864.0
4889.0
4926.0
4976.0
5163.0
5263.0
5265.0
5412.0
5453.0
5510.0
5588.0
6053.0
6849.0
7009.0
