rev0 +randomfix
306989.0
312561.0
313136.0
315317.0
319707.0
328014.0
330430.0
330741.0
333648.0
334121.0
337912.0
339761.0
344259.0
349012.0
350690.0
350694.0
353831.0
355393.0
357010.0
357551.0
360480.0
361398.0
362352.0
363587.0
364990.0
366364.0
366650.0
368781.0
370943.0
374935.0
379002.0
379125.0
379465.0
379957.0
381915.0
382845.0
383493.0
383642.0
384711.0
385993.0
388403.0
389289.0
390379.0
391052.0
392275.0
393084.0
393592.0
394564.0
394803.0
394942.0
395359.0
396125.0
396779.0
398466.0
399615.0
399745.0
400549.0
400596.0
400790.0
402302.0
405417.0
406152.0
408253.0
408918.0
410030.0
412019.0
417791.0
421162.0
421731.0
422253.0
427065.0
428113.0
428535.0
432945.0
433391.0
434523.0
434758.0
436608.0
437579.0
441112.0
452778.0
453852.0
454382.0
455937.0
456097.0
462071.0
469324.0
472829.0
474068.0
476532.0
481969.0
484021.0
503052.0
508157.0
519928.0
529085.0
540978.0
543944.0
546241.0
578268.0
