rev0 +randomfix
901.0
995.0
1074.0
1134.0
1137.0
1146.0
1149.0
1159.0
1191.0
1210.0
1231.0
1233.0
1239.0
1241.0
1252.0
1271.0
1273.0
1288.0
1303.0
1309.0
1322.0
1332.0
1337.0
1363.0
1369.0
1383.0
1388.0
1396.0
1401.0
1409.0
1453.0
1476.0
1487.0
1509.0
1524.0
1525.0
1539.0
1550.0
1564.0
1577.0
1581.0
1582.0
1605.0
1616.0
1619.0
1652.0
1672.0
1698.0
1720.0
1721.0
1724.0
1738.0
1745.0
1762.0
1766.0
1767.0
1771.0
1796.0
1797.0
1797.0
1845.0
1850.0
1853.0
1853.0
1854.0
1868.0
1868.0
1903.0
1956.0
1963.0
1964.0
1973.0
1990.0
2035.0
2066.0
2105.0
2125.0
2132.0
2133.0
2162.0
2167.0
2188.0
2214.0
2226.0
2226.0
2233.0
2239.0
2278.0
2337.0
2383.0
2392.0
2393.0
2399.0
2479.0
2487.0
2647.0
2659.0
2961.0
3396.0
3683.0
