rev0 +randomfix
138978.0
145257.0
149880.0
150295.0
150574.0
150941.0
157601.0
158185.0
158766.0
160986.0
162143.0
162659.0
162838.0
163010.0
165772.0
166013.0
166805.0
167402.0
168824.0
168993.0
169526.0
169575.0
173222.0
173364.0
173949.0
174143.0
174396.0
174606.0
175251.0
176422.0
176639.0
178220.0
178492.0
178547.0
178714.0
179076.0
179604.0
179952.0
180092.0
180530.0
181602.0
181699.0
181710.0
181723.0
182294.0
184108.0
184534.0
185770.0
187116.0
188908.0
189126.0
190344.0
193301.0
193536.0
194822.0
195835.0
196161.0
197293.0
197389.0
197415.0
197588.0
199423.0
200020.0
200176.0
201779.0
202144.0
202412.0
203800.0
204655.0
205378.0
205604.0
205607.0
206572.0
207049.0
208673.0
208782.0
210082.0
211273.0
211927.0
212822.0
214241.0
216878.0
218439.0
222360.0
228753.0
230260.0
234000.0
237279.0
238506.0
241756.0
242878.0
244452.0
260586.0
272848.0
280367.0
283282.0
293204.0
293959.0
294731.0
344107.0
