rev0 +randomfix
12695.0
12993.0
13033.0
13119.0
13477.0
13514.0
13731.0
13834.0
14005.0
14062.0
14154.0
14204.0
14259.0
14408.0
14821.0
14975.0
14987.0
15111.0
15170.0
15377.0
15622.0
15691.0
15951.0
15958.0
16074.0
16224.0
16258.0
16356.0
16483.0
16497.0
16676.0
16798.0
16945.0
16953.0
16955.0
17150.0
17216.0
17245.0
17245.0
17321.0
17361.0
17392.0
17447.0
17523.0
17545.0
17549.0
17724.0
17776.0
17795.0
17821.0
17828.0
17852.0
18097.0
18259.0
18271.0
18296.0
18391.0
18442.0
18449.0
18602.0
18689.0
18710.0
18724.0
18788.0
18908.0
19179.0
19229.0
19415.0
19432.0
19511.0
19545.0
19644.0
19699.0
19918.0
20069.0
20236.0
20528.0
20705.0
20890.0
20927.0
20943.0
21067.0
21370.0
21434.0
21447.0
21797.0
21823.0
21914.0
22047.0
22636.0
23035.0
23115.0
23479.0
23494.0
24152.0
24375.0
25311.0
26154.0
30343.0
34057.0
