rev0 +randomfix
1540886.0
1558523.0
1563945.0
1571871.0
1573833.0
1582908.0
1583127.0
1598709.0
1609578.0
1618474.0
1622210.0
1623188.0
1625673.0
1627039.0
1631058.0
1637051.0
1641687.0
1643175.0
1644190.0
1657355.0
1665444.0
1676495.0
1677160.0
1686936.0
1690172.0
1691101.0
1695595.0
1704045.0
1714603.0
1715019.0
1721168.0
1731682.0
1736285.0
1736555.0
1736916.0
1743896.0
1752957.0
1755066.0
1756352.0
1763315.0
1771172.0
1779569.0
1780813.0
1780936.0
1780974.0
1782425.0
1782590.0
1788193.0
1790190.0
1793878.0
1795632.0
1796293.0
1797446.0
1798564.0
1800252.0
1801740.0
1804686.0
1808971.0
1828456.0
1832804.0
1843869.0
1857989.0
1863697.0
1867004.0
1873437.0
1877255.0
1891474.0
1891812.0
1897988.0
1905299.0
1914143.0
1928733.0
1939798.0
1940018.0
1944260.0
1957699.0
1958526.0
1965746.0
1970847.0
1980998.0
1982622.0
1983981.0
1994732.0
1995392.0
2006662.0
2011125.0
2013022.0
2062398.0
2063153.0
2075146.0
2115373.0
2130609.0
2140238.0
2190579.0
2218193.0
2248805.0
2257296.0
2262518.0
2459286.0
2614344.0
