rev0 +randomfix
65092.0
66088.0
68245.0
70269.0
70310.0
70412.0
70885.0
71168.0
71225.0
71562.0
71811.0
71911.0
72104.0
72660.0
74317.0
74802.0
75071.0
75159.0
75581.0
75950.0
76147.0
76271.0
76693.0
76770.0
77200.0
77483.0
77653.0
78373.0
78435.0
78516.0
78758.0
79147.0
79265.0
79331.0
79754.0
79834.0
80564.0
81328.0
81373.0
81443.0
82669.0
84069.0
84349.0
84358.0
84566.0
85381.0
85490.0
85496.0
86303.0
86626.0
86733.0
86965.0
87146.0
87250.0
87264.0
88141.0
88445.0
88482.0
89663.0
89953.0
90674.0
90824.0
91915.0
92057.0
92328.0
94790.0
95015.0
95737.0
95994.0
96798.0
96915.0
97126.0
97166.0
97498.0
100138.0
100714.0
100941.0
100983.0
101143.0
101832.0
102584.0
102618.0
103022.0
103705.0
105162.0
106083.0
106825.0
107279.0
108308.0
108846.0
109202.0
109580.0
110475.0
111286.0
115753.0
117142.0
122182.0
126747.0
131515.0
140037.0
