rev0 +randomfix
539.0
714.0
717.0
760.0
764.0
772.0
799.0
868.0
870.0
880.0
900.0
911.0
922.0
924.0
925.0
936.0
939.0
944.0
951.0
989.0
993.0
999.0
1000.0
1000.0
1007.0
1009.0
1014.0
1025.0
1027.0
1028.0
1035.0
1049.0
1049.0
1053.0
1071.0
1089.0
1089.0
1101.0
1109.0
1116.0
1118.0
1124.0
1152.0
1153.0
1158.0
1184.0
1184.0
1194.0
1194.0
1204.0
1217.0
1229.0
1239.0
1246.0
1247.0
1264.0
1266.0
1270.0
1279.0
1290.0
1301.0
1309.0
1312.0
1316.0
1331.0
1341.0
1344.0
1357.0
1367.0
1369.0
1424.0
1431.0
1438.0
1441.0
1451.0
1453.0
1455.0
1464.0
1464.0
1476.0
1482.0
1483.0
1491.0
1515.0
1528.0
1530.0
1549.0
1569.0
1588.0
1616.0
1658.0
1762.0
1769.0
1803.0
1843.0
1859.0
1903.0
1914.0
1920.0
2599.0
