rev0 +randomfix
2781.0
2948.0
2959.0
3092.0
3103.0
3113.0
3135.0
3331.0
3334.0
3562.0
3586.0
3612.0
3672.0
3696.0
3712.0
3790.0
3809.0
3820.0
3836.0
3843.0
3844.0
3859.0
3861.0
3892.0
3986.0
4032.0
4069.0
4069.0
4070.0
4071.0
4108.0
4125.0
4175.0
4192.0
4197.0
4201.0
4217.0
4234.0
4240.0
4276.0
4284.0
4288.0
4294.0
4316.0
4383.0
4385.0
4407.0
4414.0
4436.0
4441.0
4458.0
4560.0
4602.0
4611.0
4620.0
4671.0
4689.0
4721.0
4756.0
4786.0
4787.0
4809.0
4833.0
4962.0
4975.0
5000.0
5044.0
5064.0
5075.0
5082.0
5183.0
5232.0
5264.0
5287.0
5361.0
5443.0
5471.0
5474.0
5516.0
5542.0
5594.0
5595.0
5634.0
5655.0
5756.0
5781.0
5828.0
5875.0
5905.0
5951.0
6065.0
6148.0
6189.0
6376.0
6393.0
6540.0
6982.0
7022.0
7217.0
8765.0
