rev0 +randomfix
28697.0
28786.0
29063.0
29161.0
29243.0
29833.0
29988.0
30261.0
30652.0
30675.0
31230.0
31236.0
32260.0
32411.0
32675.0
33052.0
33060.0
33188.0
33794.0
33912.0
34246.0
34946.0
34994.0
35134.0
35324.0
35632.0
35651.0
35872.0
35898.0
36119.0
36239.0
36792.0
36869.0
37068.0
37295.0
37362.0
37619.0
37895.0
38065.0
38099.0
38314.0
38427.0
38435.0
38510.0
39446.0
39548.0
39834.0
40332.0
40489.0
40611.0
40760.0
40961.0
40998.0
41181.0
41225.0
41421.0
41751.0
41809.0
41867.0
41903.0
42134.0
42270.0
42482.0
42507.0
42804.0
42918.0
43332.0
43394.0
43917.0
44285.0
44486.0
44637.0
45056.0
45189.0
45591.0
45740.0
45823.0
45836.0
45907.0
46007.0
46043.0
46082.0
46303.0
46441.0
46864.0
46980.0
48521.0
48521.0
49001.0
49414.0
50119.0
51192.0
51209.0
51563.0
54434.0
56645.0
58642.0
58706.0
59013.0
68260.0
