rev0
2426852
2426852
2426852
2426852
2478987
2478987
2478987
2478987
2501429
2501429
2501429
2501429
2514038
2514038
2514038
2514038
2594813
2594813
2594813
2594813
2613665
2613665
2613665
2613665
2639195
2639195
2639195
2639195
2641648
2641648
2641648
2641648
2766532
2766532
2766532
2766532
2792408
2792408
2792408
2792408
2831578
2831578
2831578
2831578
2886250
2886250
2886250
2886250
3006420
3006420
3006420
3006420
3089174
3089174
3089174
3089174
3121251
3121251
3121251
3121251
3145546
3145546
3145546
3145546
3166704
3166704
3166704
3166704
3250205
3250205
3250205
3250205
3266627
3266627
3266627
3266627
3268130
3268130
3268130
3268130
3309581
3309581
3309581
3309581
3323792
3323792
3323792
3323792
3389846
3389846
3389846
3389846
3506712
3506712
3506712
3506712
4278573
4278573
4278573
4278573
