rev0 +randomfix
5172.0
5482.0
5484.0
5768.0
5774.0
5798.0
5885.0
6041.0
6111.0
6143.0
6151.0
6227.0
6289.0
6491.0
6494.0
6524.0
6535.0
6541.0
6598.0
6641.0
6688.0
6689.0
6744.0
6865.0
6875.0
6919.0
7032.0
7033.0
7047.0
7143.0
7148.0
7252.0
7276.0
7298.0
7421.0
7482.0
7509.0
7509.0
7689.0
7758.0
7760.0
7772.0
7796.0
7808.0
7813.0
7949.0
7978.0
7995.0
8025.0
8047.0
8296.0
8364.0
8384.0
8431.0
8493.0
8498.0
8575.0
8605.0
8653.0
8677.0
8746.0
8763.0
8807.0
8846.0
8859.0
8888.0
8925.0
8983.0
9130.0
9178.0
9240.0
9341.0
9346.0
9388.0
9445.0
9547.0
9552.0
9552.0
9563.0
9575.0
9694.0
9767.0
9809.0
9895.0
10098.0
10118.0
10195.0
10283.0
10371.0
10450.0
10468.0
10625.0
10726.0
10753.0
11270.0
11524.0
12445.0
13207.0
14038.0
17029.0
