rev0 +randomfix
610259.0
622543.0
639961.0
661673.0
665837.0
683463.0
690999.0
691035.0
694860.0
696175.0
697459.0
709878.0
711639.0
711940.0
716916.0
719590.0
719601.0
727152.0
727973.0
728628.0
728969.0
729015.0
731319.0
732152.0
732282.0
733399.0
734146.0
734441.0
734585.0
738228.0
738976.0
739548.0
739723.0
741920.0
745371.0
746556.0
747624.0
748048.0
749349.0
749778.0
753316.0
753593.0
753912.0
755067.0
756209.0
760892.0
766783.0
768626.0
770344.0
774075.0
781464.0
783484.0
785459.0
791661.0
792114.0
793909.0
797797.0
798606.0
802396.0
806751.0
809490.0
810728.0
811463.0
812356.0
816497.0
822856.0
823490.0
825681.0
827339.0
828571.0
830360.0
836169.0
837122.0
842385.0
852250.0
872672.0
878091.0
888960.0
889038.0
896615.0
908265.0
913193.0
916654.0
922935.0
927337.0
935964.0
944121.0
954307.0
955695.0
956948.0
958184.0
963356.0
990817.0
994882.0
1009849.0
1017282.0
1020956.0
1072752.0
1184151.0
1279193.0
