rev0 +randomfix
12034.0
13097.0
13356.0
13914.0
13956.0
14004.0
14117.0
14122.0
14259.0
14292.0
14517.0
14572.0
14636.0
14758.0
14922.0
15026.0
15040.0
15146.0
15212.0
15255.0
15344.0
15498.0
15499.0
15670.0
15682.0
15841.0
15846.0
15900.0
15981.0
15991.0
16032.0
16055.0
16093.0
16126.0
16175.0
16186.0
16231.0
16280.0
16423.0
16747.0
16787.0
16984.0
17354.0
17374.0
17443.0
17444.0
17498.0
17527.0
17561.0
17562.0
17743.0
17767.0
17831.0
17903.0
17981.0
18059.0
18073.0
18186.0
18199.0
18255.0
18262.0
18301.0
18441.0
18673.0
18804.0
18852.0
19024.0
19311.0
19352.0
19359.0
19687.0
19750.0
20012.0
20219.0
20446.0
20776.0
20820.0
20864.0
21200.0
21507.0
21725.0
21804.0
21931.0
22194.0
22383.0
22472.0
22714.0
22910.0
23244.0
23491.0
23637.0
23738.0
24116.0
24301.0
25673.0
26415.0
26461.0
28924.0
29296.0
33351.0
