rev0 +randomfix
179093.0
187985.0
188515.0
190596.0
190885.0
191414.0
191608.0
192504.0
195396.0
196369.0
198341.0
198816.0
199649.0
200508.0
200735.0
201604.0
203655.0
204121.0
204875.0
205041.0
205726.0
205837.0
205952.0
207693.0
209458.0
210014.0
211017.0
211864.0
211869.0
212075.0
212258.0
212349.0
213321.0
214564.0
214989.0
215169.0
218457.0
221895.0
222910.0
223473.0
224480.0
226620.0
226672.0
226808.0
228005.0
228178.0
228723.0
229162.0
230669.0
232111.0
232247.0
232609.0
233792.0
234313.0
234348.0
234611.0
236663.0
238010.0
238522.0
240307.0
240538.0
241849.0
241909.0
242719.0
242732.0
244506.0
247139.0
248272.0
250107.0
251914.0
253236.0
254394.0
257239.0
257460.0
257735.0
258465.0
259019.0
260287.0
261870.0
262342.0
262864.0
264590.0
265816.0
266287.0
266449.0
273857.0
273981.0
274034.0
277025.0
280392.0
286004.0
288024.0
288390.0
290835.0
293309.0
312140.0
322845.0
328695.0
370776.0
376141.0
